1
1
1
1
1
1
1
1
1
1
1
1
1
1
1
1
1
1
1
2
1
1
1
1
1
1
1
1
1
1
1
1
1
1
1
1
1
1
1
1
1
1
1
1
1
1
1
1
2
1
1
1
1
1
1
2
1
1
2
2
1
1
2
1
1
1
1
1
1
1
1
1
1
2
1
2
1
2
1
1
1
1
1
1
1
1
1
1
1
1
2
1
1
2
1
1
1
1
1
1
1
1
1
2
1
2
1
1
1
1
1
1
1
1
1
1
1
2
1
1
1
2
2
2
1
1
2
2
1
1
2
1
1
1
1
1
1
2
1
1
1
2
2
1
4
2
1
1
1
2
3
1
1
1
1
1
2
4
1
1
1
1
6
3
1
1
1
1
1
4
2
1
1
1
1
1
1
1
1
1
1
3
3
1
1
1
1
1
1
2
2
1
1
2
4
2
5
1
1
3
3
2
2
2
1
1
1
3
1
7
2
1
4
3
1
1
1
1
2
1
1
1
2
3
1
2
1
1
1
1
10
2
1
1
5
1
4
2
1
1
1
1
4
1
1
1
1
1
1
1
1
1
1
2
7
1
7
1
1
3
1
1
4
1
1
1
1
1
1
4
3
1
1
2
1
1
4
2
7
2
1
1
1
1
4
1
2
1
1
1
1
1
1
4
2
1
1
1
3
1
1
1
1
1
1
3
2
1
1
2
2
1
2
14
4
2
1
5
1
9
1
1
4
1
1
1
2
2
1
6
1
1
1
12
2
1
9
2
1
2
1
1
1
5
1
1
3
2
1
2
1
2
2
6
1
3
1
5
6
1
2
7
4
4
4
1
1
2
1
1
2
2
2
1
1
1
1
4
1
7
2
6
2
1
9
1
20
9
2
9
1
2
1
2
1
10
1
1
11
1
1
6
3
1
1
4
3
9
3
5
3
3
2
2
2
9
7
1
1
3
1
4
1
1
2
4
13
1
1
1
3
1
5
2
1
3
2
1
4
11
9
4
9
1
4
7
1
1
2
17
17
7
2
5
5
4
5
1
4
6
4
2
1
36
1
1
1
2
15
37
17
9
11
3
9
6
1
1
1
8
1
1
1
4
1
4
1
11
2
9
2
9
2
2
24
4
4
