1000 1000
1 874 926
2 253
2 399
1 335 675
2 208
2 734
1 473 585
1 117 802
2 868
1 155 172
2 974
1 925 979
2 516
1 461 521
2 157
1 10 289
1 643 985
1 747 786
2 678
1 98 631
1 56 949
1 305 852
1 466 830
2 205
1 70 660
2 209
1 649 867
2 142
2 780
2 430
2 84
1 499 989
1 411 589
1 313 877
2 640
2 486
1 173 235
1 124 219
2 1
1 187 1000
2 773
1 328 589
1 118 389
1 414 990
1 689 974
2 649
1 604 703
2 614
1 234 888
2 733
2 757
2 17
2 178
2 960
2 730
2 792
1 765 851
1 59 86
1 278 763
2 264
1 466 734
2 993
1 768 997
1 136 207
2 629
1 450 990
2 714
2 93
2 288
1 497 502
2 387
2 31
1 900 921
2 884
2 203
2 336
2 539
1 498 808
2 494
1 523 915
2 154
1 347 876
1 122 603
1 528 909
2 883
1 159 679
1 624 759
1 179 370
1 326 654
1 332 561
2 277
1 242 781
2 973
2 119
1 89 579
1 429 446
1 285 416
1 635 920
2 505
2 814
2 498
2 963
2 516
1 8 226
2 245
2 644
1 168 538
2 960
2 279
2 461
1 628 928
2 814
1 115 503
1 16 814
2 980
1 378 665
2 675
2 498
2 436
1 87 398
1 77 783
2 205
2 808
1 63 211
2 403
1 298 824
2 982
1 67 451
2 937
2 671
1 392 501
2 968
1 139 266
2 597
2 32
2 365
2 973
2 99
1 350 366
2 207
2 394
1 320 564
2 242
1 138 788
2 736
2 949
1 176 530
1 731 782
2 296
2 672
2 596
1 646 762
2 194
1 754 878
1 381 799
1 312 383
1 279 518
2 180
1 445 518
2 255
2 760
1 480 537
2 797
1 61 449
2 577
2 842
2 871
2 971
1 400 516
2 579
2 963
2 686
1 107 510
2 763
2 910
1 857 936
2 447
1 588 953
1 405 922
1 660 839
2 340
1 778 861
2 737
2 543
2 365
2 375
2 372
1 576 699
2 641
2 461
1 150 417
1 347 362
2 789
1 431 967
1 812 962
1 309 745
1 8 107
1 638 714
2 851
2 991
2 657
2 647
1 405 966
2 841
1 41 371
1 114 425
1 640 721
2 702
1 721 899
1 968 979
1 11 712
2 590
1 334 682
1 445 566
2 222
1 759 775
1 234 742
2 325
1 240 666
1 319 853
2 479
2 249
1 251 298
1 602 765
1 67 100
2 384
2 861
1 17 346
1 505 968
2 249
1 78 399
1 481 928
1 29 64
1 411 704
1 43 488
2 408
1 399 498
2 790
1 109 370
2 278
2 853
2 689
1 737 803
2 668
1 8 278
1 515 810
1 516 845
1 55 463
2 960
1 409 640
1 290 400
1 559 935
1 28 881
2 502
1 30 653
2 242
2 916
1 61 151
1 455 922
1 370 978
1 697 818
1 809 826
1 368 543
2 611
2 537
1 147 343
1 168 979
1 89 199
1 204 928
1 66 785
1 313 673
2 575
2 341
2 197
1 422 424
1 155 339
1 83 410
1 141 511
2 426
2 323
1 788 949
2 21
2 497
2 468
2 387
2 860
1 21 510
2 603
1 631 663
1 52 758
2 417
1 31 403
1 873 899
2 980
1 221 514
2 518
2 335
1 141 226
1 474 506
1 677 762
2 573
1 311 676
2 621
2 630
1 482 841
1 315 618
2 989
1 355 503
1 356 692
1 238 377
1 371 454
1 315 720
1 633 838
2 742
2 259
2 872
2 252
2 22
2 5
1 548 920
1 460 610
1 553 602
1 101 893
1 172 617
2 346
2 279
1 158 815
2 318
2 337
2 972
1 222 253
2 981
2 538
1 518 574
1 495 925
1 413 542
2 824
2 338
1 487 886
1 281 553
1 20 371
1 469 542
1 38 802
2 906
1 434 725
1 93 601
2 261
2 849
2 727
2 370
1 166 439
2 392
2 496
1 290 544
1 198 789
1 588 862
1 190 348
2 408
2 131
1 413 912
2 404
1 151 976
1 295 540
1 253 313
2 260
2 306
1 481 724
2 629
1 185 534
1 453 819
1 468 761
2 314
1 613 935
1 540 727
2 380
2 394
2 540
1 139 699
2 315
2 58
1 321 676
2 790
1 76 441
2 835
1 686 739
1 93 474
1 80 967
2 950
1 50 769
2 634
2 144
1 549 645
2 166
2 812
2 870
1 141 820
2 112
1 43 899
1 379 593
2 383
2 266
2 814
2 877
2 650
2 519
2 548
2 298
2 343
2 379
2 675
2 572
2 363
1 291 451
2 270
2 802
2 338
2 899
1 363 767
2 460
2 477
1 593 956
2 601
2 953
2 621
2 798
2 846
1 10 13
1 143 990
1 244 469
1 544 654
1 375 648
2 807
1 449 844
2 915
1 467 618
1 746 807
1 745 854
2 770
1 387 957
2 596
2 700
1 287 658
2 63
1 456 884
1 186 221
2 967
1 42 259
1 714 796
2 831
2 915
1 143 338
1 772 848
2 655
2 655
1 205 308
1 88 93
2 428
1 80 740
2 887
2 511
1 99 994
1 865 879
1 647 969
2 434
1 449 756
2 188
1 702 722
2 25
2 281
2 988
1 898 988
1 70 748
2 155
2 285
1 209 587
1 188 893
2 883
1 468 920
1 69 732
2 575
2 532
1 645 810
1 456 504
1 501 782
2 121
2 138
2 249
1 540 894
1 728 998
2 367
2 787
2 582
1 595 687
2 342
2 215
2 442
1 113 670
2 223
1 186 404
1 734 823
1 31 989
2 701
2 738
2 998
1 267 389
2 544
2 629
1 33 339
2 326
1 236 602
1 89 406
1 463 486
1 55 224
2 513
1 296 685
2 462
2 588
2 890
1 256 281
2 247
2 810
1 184 439
1 117 182
2 196
1 64 995
2 496
1 623 860
2 275
2 104
1 613 697
2 459
2 787
2 70
1 85 623
2 10
1 585 990
1 803 824
2 773
1 695 981
1 127 226
1 104 545
1 120 605
2 583
2 332
2 496
1 150 835
1 222 983
2 180
2 179
2 238
1 328 566
2 721
2 643
2 276
2 611
2 859
2 299
2 266
1 480 877
1 776 933
1 383 893
1 444 888
2 918
2 689
1 536 829
1 53 764
1 97 132
1 685 744
2 153
1 342 382
1 76 335
2 178
1 591 719
2 220
1 488 602
1 42 526
1 37 815
2 62
2 723
1 908 937
2 130
1 329 822
1 313 1000
2 186
1 726 977
2 915
2 35
1 41 274
2 483
1 478 812
1 127 418
1 290 732
1 81 297
2 793
1 99 451
1 144 631
2 456
1 345 540
2 54
2 65
1 569 679
1 578 583
1 167 469
2 48
1 247 987
1 128 419
1 257 357
2 715
2 777
2 74
2 679
2 211
2 837
1 118 224
1 379 611
2 105
2 382
2 235
2 183
1 247 977
1 292 962
2 957
2 43
2 315
2 739
1 6 917
2 577
1 116 881
2 540
2 831
2 400
1 132 339
2 947
2 271
1 10 208
1 608 792
1 164 989
1 308 728
1 71 337
2 117
2 94
2 891
2 580
1 507 916
2 809
2 346
2 264
1 276 429
1 159 402
2 451
1 195 229
1 247 838
1 363 807
1 644 865
2 513
2 795
1 197 667
2 489
2 278
2 647
2 24
2 704
1 90 317
1 260 421
1 506 627
1 314 865
1 6 113
1 947 999
2 260
2 74
1 833 869
1 293 567
1 505 674
2 173
2 397
2 156
1 330 388
1 18 417
2 825
1 435 476
2 893
2 816
1 430 803
2 525
1 505 813
1 474 523
1 493 701
2 876
2 702
1 676 919
2 340
2 11
1 779 857
1 138 955
1 591 992
1 179 445
1 248 981
2 632
1 60 577
1 239 767
2 83
1 132 875
2 799
2 633
2 131
1 96 377
2 992
1 147 787
2 575
2 955
1 77 507
2 247
2 442
1 522 738
1 339 848
1 46 986
2 974
1 557 934
1 788 823
1 108 402
2 224
2 501
1 442 989
2 865
2 441
1 685 735
1 24 623
1 152 565
2 942
1 239 812
1 264 295
2 552
1 441 977
1 268 562
2 398
2 121
2 393
2 786
2 947
2 587
2 500
2 959
1 281 283
2 524
1 95 421
2 131
1 855 963
2 308
2 26
2 224
2 293
2 756
1 273 944
2 357
2 872
1 254 614
1 163 886
1 321 939
1 242 859
2 56
2 121
1 236 311
1 258 275
1 228 689
2 283
1 536 741
1 55 357
2 357
1 1 253
1 249 684
1 145 805
2 378
1 526 967
2 267
1 474 666
2 220
1 150 619
2 521
2 241
1 130 361
2 814
1 26 153
1 226 907
1 820 866
2 831
2 441
1 123 302
1 432 436
2 477
1 17 233
2 36
2 537
1 404 878
1 270 814
1 29 583
2 707
2 554
2 824
2 646
1 63 273
2 668
1 736 785
1 392 881
1 527 685
1 177 868
1 691 925
2 137
1 7 502
1 570 852
2 406
2 355
2 746
1 680 820
2 854
2 468
2 779
1 864 926
2 147
1 622 848
1 232 741
2 104
2 702
2 434
1 419 482
2 812
1 250 853
2 967
1 284 290
1 40 178
2 200
2 842
1 135 882
2 714
1 500 999
1 216 373
2 531
2 13
2 19
2 930
1 37 630
2 522
1 662 779
1 37 483
2 936
1 10 66
1 152 392
2 574
1 63 570
1 663 995
2 880
1 489 932
1 420 453
1 884 997
2 243
1 175 745
1 116 430
1 73 374
1 335 748
1 63 523
1 175 892
2 344
2 862
2 910
1 24 229
2 468
1 210 544
1 526 741
1 124 313
1 39 771
1 321 863
2 207
2 896
2 862
2 293
2 586
1 35 620
1 884 940
2 182
1 32 682
2 259
2 955
1 67 541
1 114 940
2 139
1 576 877
1 420 858
1 869 943
1 531 977
1 482 691
1 225 475
1 168 714
2 138
1 658 853
1 786 906
2 112
2 720
2 208
2 880
2 286
1 551 555
2 50
2 576
1 850 889
2 523
1 441 483
1 209 455
1 571 870
1 23 340
1 322 974
1 350 640
2 990
1 529 896
2 855
2 296
2 619
2 916
1 60 570
1 758 927
1 762 888
2 928
2 352
1 64 558
1 628 717
1 262 676
1 637 803
2 315
1 233 353
1 121 563
1 305 837
2 717
2 78
1 824 944
2 692
1 541 649
1 71 195
1 362 748
2 958
2 803
1 146 910
1 26 338
1 552 649
1 593 923
1 30 156
2 513
2 945
2 880
2 870
1 352 944
2 418
1 465 773
1 90 560
2 251
2 253
2 486
1 300 441
2 259
1 2 698
1 729 934
2 497
1 239 705
2 55
2 164
2 950
2 472
2 103
2 884
1 610 795
2 365
2 716
2 333
2 783
2 58
2 865
2 214
1 52 397
1 550 812
1 73 124
1 114 293
2 259
2 528
1 622 684
1 62 141
1 660 797
1 78 812
2 414
1 234 699
2 822
2 473
1 460 763
2 822
2 725
1 230 975
1 234 576
1 255 760
1 645 779
2 873
2 397
1 733 863
1 118 312
2 406
