1
1
1
1
1
1
1
1
1
1
1
1
1
1
1
1
1
1
1
1
1
1
1
1
2
1
1
1
1
1
1
1
1
1
1
1
2
2
1
2
1
1
1
2
1
1
1
1
1
1
2
1
1
1
1
1
1
2
1
1
1
1
1
1
1
1
1
1
2
2
1
1
2
1
2
1
3
1
1
1
1
1
1
1
1
1
1
1
1
1
1
1
1
1
1
1
2
5
1
1
6
1
2
1
1
2
2
1
3
1
15
1
1
1
8
1
3
1
11
1
1
1
1
1
1
13
3
1
6
1
2
1
1
17
10
1
1
1
2
8
1
5
3
2
6
1
22
3
13
1
2
6
1
9
11
34
2
13
20
7
1
1
1
29
1
1
1
1
1
10
9
1
1
2
7
2
37
8
2
1
4
2
2
2
43
6
44
1
4
1
13
1
7
1
2
14
1
14
1
1
3
1
1
2
1
2
2
348
348
348
351
1
353
353
3
2
3
372
2
372
1
375
14
2
6
1
14
417
1
1
2
467
1
467
467
467
1
472
472
479
485
500
512
1
3
534
1
1
1
536
3
543
1
8
2
555
