1000 1000
2 128
2 748
2 64
1 259 475
1 265 960
2 652
2 163
2 939
1 362 551
2 585
1 2 911
2 379
2 489
2 115
1 186 492
1 780 829
2 116
2 949
2 872
2 217
2 486
2 161
1 476 586
2 416
1 387 528
2 124
2 624
2 640
2 411
1 576 882
2 995
2 156
2 722
2 129
2 170
1 348 913
2 202
2 994
2 69
2 257
2 809
2 264
1 581 986
2 201
1 600 659
2 89
2 916
2 406
1 506 654
2 714
2 63
1 609 865
2 251
2 861
2 785
2 82
1 411 785
1 351 636
2 11
2 583
2 773
2 371
1 612 909
2 361
1 573 737
2 985
2 482
2 43
1 855 905
2 554
2 76
2 390
2 810
2 435
1 511 893
2 164
2 359
2 370
2 651
1 657 861
1 882 898
2 881
2 96
2 932
2 910
2 217
2 76
2 152
2 332
2 936
2 928
1 289 785
2 871
1 321 381
1 130 471
2 598
2 135
2 404
2 600
1 328 464
2 948
2 221
2 188
1 173 469
2 652
1 554 924
2 961
1 411 638
2 650
2 966
2 278
2 933
2 139
1 30 310
2 368
1 72 903
2 296
1 531 824
2 472
1 155 645
1 891 931
2 933
2 859
2 949
2 516
2 613
1 394 734
2 962
2 330
2 167
2 236
2 348
2 958
2 911
2 376
2 688
2 835
2 475
2 263
1 66 384
1 244 729
2 191
2 232
2 68
2 325
2 860
2 583
2 554
2 668
2 75
2 764
2 28
1 331 345
2 369
2 297
2 374
2 927
2 340
2 885
2 89
1 356 910
2 476
1 299 698
1 127 442
2 109
2 471
2 261
2 603
1 703 938
2 879
1 377 389
2 693
2 77
2 672
2 46
1 461 823
2 151
2 154
1 615 651
1 447 808
2 892
2 535
1 291 627
2 486
2 449
2 385
2 830
1 680 809
2 13
2 266
1 419 760
2 425
1 266 846
2 676
2 699
1 511 750
2 315
2 796
2 641
2 689
2 789
2 889
2 24
2 863
2 590
2 811
2 592
2 951
1 211 720
1 740 807
2 445
2 962
2 960
2 162
2 398
1 590 659
2 735
1 655 782
1 516 737
1 378 868
2 636
2 387
1 495 637
1 307 523
2 191
2 552
2 293
2 506
2 305
2 290
2 32
2 621
2 967
2 163
1 341 587
2 800
2 635
2 952
2 455
1 330 898
2 185
2 919
2 696
1 453 785
1 729 910
2 794
2 895
2 995
1 73 724
1 166 706
2 989
2 591
2 211
2 916
1 190 259
2 74
2 975
2 257
2 478
2 244
2 391
2 517
1 220 617
2 107
2 105
2 985
2 286
2 247
1 108 344
2 7
2 822
2 247
1 809 939
2 904
1 614 804
2 418
2 575
2 991
2 571
2 667
2 704
2 544
1 314 463
2 127
2 473
2 93
2 285
2 130
1 55 965
2 781
1 288 335
2 164
2 57
2 155
2 493
2 117
2 970
1 572 853
1 51 86
2 291
2 238
2 252
2 361
1 723 762
1 52 512
2 799
2 342
1 799 938
2 159
2 802
2 598
2 700
2 605
1 550 880
2 586
2 604
1 421 477
2 46
2 255
2 521
1 110 245
2 217
2 916
2 191
2 376
2 890
2 126
1 283 774
2 578
2 707
2 513
1 306 394
2 418
2 735
2 145
2 468
2 356
2 431
2 677
2 924
2 215
2 225
2 317
2 441
2 418
1 120 995
2 839
2 700
2 328
2 308
2 12
2 480
2 235
2 98
1 240 688
2 428
2 99
2 15
2 546
2 80
2 598
2 674
1 132 684
1 498 756
2 32
2 99
2 852
2 569
1 156 930
2 712
2 15
2 634
2 381
2 377
2 803
2 547
2 153
2 373
2 527
2 172
1 128 737
1 107 865
2 672
2 98
2 119
2 880
2 57
1 99 318
2 964
1 327 905
1 125 995
2 208
1 207 633
2 282
1 91 653
1 65 547
2 411
2 591
2 527
2 794
2 484
2 699
2 147
2 14
2 257
2 267
1 70 920
2 146
1 56 900
2 437
2 40
2 854
2 675
2 426
2 604
2 218
1 372 946
2 324
2 125
2 120
1 120 312
1 865 871
2 266
2 48
2 927
2 125
2 200
2 209
2 339
1 209 450
2 377
2 256
2 6
1 473 785
1 83 779
2 711
2 828
2 924
2 14
1 714 928
2 761
1 61 399
2 941
2 294
2 572
1 427 648
2 639
2 58
2 717
2 946
2 654
1 501 703
2 271
2 129
1 374 989
2 157
2 819
2 875
1 128 404
2 59
1 466 707
2 946
2 875
1 633 939
2 62
2 896
2 954
1 737 983
2 115
1 311 756
2 608
2 307
1 343 697
2 467
1 224 407
2 532
2 56
2 897
2 113
2 636
2 698
1 558 785
2 22
2 350
2 744
2 295
2 574
1 857 923
2 727
1 20 382
2 574
1 23 807
2 799
2 785
2 865
2 983
1 244 862
2 206
2 675
2 230
2 824
1 100 488
2 119
2 447
2 41
2 552
2 361
1 174 680
1 157 843
2 819
1 193 720
2 192
2 518
2 145
2 431
1 67 884
1 332 747
1 161 792
2 633
2 167
2 843
2 419
2 286
1 290 918
2 915
1 696 933
2 662
2 304
2 397
2 867
2 351
2 823
2 73
2 550
2 124
2 115
2 446
2 958
2 282
2 113
2 99
2 29
1 565 941
1 258 642
2 353
1 568 991
2 676
1 340 866
1 404 575
2 864
2 987
2 704
2 649
2 98
2 391
1 373 864
1 725 764
2 277
1 65 869
1 443 905
1 76 796
2 691
2 404
2 392
2 21
2 649
2 532
2 304
2 667
2 198
1 10 137
2 853
2 50
1 197 278
1 91 554
2 138
2 179
2 979
2 519
1 113 718
2 425
2 21
1 20 259
2 960
2 597
2 913
2 985
2 53
1 177 423
2 272
1 297 469
2 697
2 983
2 553
2 588
2 838
1 90 311
2 449
1 447 935
1 158 634
1 638 672
2 59
1 328 712
2 418
2 457
2 866
2 466
1 759 990
2 334
2 68
2 300
1 134 159
2 621
1 536 557
2 705
1 132 736
2 848
2 327
2 213
1 386 477
1 488 792
2 428
1 17 450
2 937
2 786
2 418
2 119
1 232 264
2 332
1 134 727
1 98 739
2 899
2 501
2 673
1 322 895
1 419 822
2 607
2 268
1 153 268
1 37 181
2 854
2 876
1 540 615
2 407
2 575
2 510
2 731
1 599 864
2 515
2 890
1 685 693
1 271 732
2 228
2 680
2 620
2 523
2 313
2 287
2 862
2 62
1 327 348
1 676 863
1 299 873
2 373
2 480
2 303
2 852
2 207
2 37
2 158
2 227
2 641
1 24 122
2 575
2 280
2 163
2 368
1 559 580
2 700
2 105
1 449 619
1 391 690
2 194
2 682
2 90
2 7
2 19
1 173 527
1 393 446
1 353 657
2 811
2 309
1 562 759
2 404
2 79
2 444
2 467
2 298
2 20
2 914
2 641
2 838
1 222 723
2 840
2 701
1 686 865
2 596
1 74 400
2 719
2 989
2 182
2 849
2 561
2 715
2 32
1 132 842
2 472
2 886
2 348
2 200
2 698
2 373
2 483
2 40
1 90 578
1 331 498
2 457
2 438
2 959
2 31
1 362 626
2 639
1 265 812
2 105
2 409
1 282 458
2 267
2 950
2 284
1 797 846
2 861
1 239 626
2 37
2 988
2 436
2 877
2 218
1 218 623
2 375
1 392 788
2 32
2 873
2 994
1 234 758
2 632
2 597
2 934
1 557 771
2 273
2 852
2 235
1 34 838
2 25
2 286
1 77 82
1 88 633
2 69
2 612
1 782 907
2 247
1 36 664
2 711
2 343
1 274 677
2 74
1 397 971
1 120 261
1 321 854
2 488
1 176 592
2 718
2 74
2 681
2 328
1 297 507
1 672 764
1 474 724
2 279
1 802 986
1 125 196
2 354
1 119 558
1 108 776
1 101 714
2 63
2 202
2 954
2 183
2 773
1 267 653
2 979
2 737
2 839
1 118 861
2 972
2 280
2 369
2 993
2 455
2 52
2 398
2 572
2 738
1 182 251
2 470
1 633 714
2 322
2 179
2 428
2 341
2 74
1 257 676
2 988
2 118
1 46 339
2 45
2 879
1 63 445
2 344
2 116
2 689
1 277 278
2 741
2 457
2 769
2 291
2 20
1 609 665
2 994
2 668
1 9 182
2 431
2 503
2 205
1 448 920
2 295
2 651
2 52
2 118
2 346
2 975
2 49
2 225
2 718
1 513 549
2 691
1 50 92
2 195
2 317
2 46
1 264 755
2 850
2 86
2 852
2 804
1 321 649
2 635
2 101
1 699 772
2 746
1 160 469
1 544 798
2 312
1 718 737
1 93 446
2 661
2 46
2 18
2 829
2 600
2 439
2 623
2 11
2 95
2 837
2 111
1 100 300
2 748
2 803
1 292 438
2 317
2 972
2 137
2 446
2 381
2 159
2 542
2 776
2 669
2 11
2 209
1 570 908
2 911
2 699
2 686
1 384 686
2 727
2 343
2 176
2 2
1 541 997
2 104
2 207
1 360 879
1 282 962
1 627 707
2 719
2 170
2 461
2 35
1 243 986
2 239
2 161
2 607
2 69
2 628
2 346
1 371 953
2 173
2 1
1 164 353
2 881
1 97 470
1 225 307
2 173
1 546 919
2 907
1 150 225
1 510 563
2 83
2 427
2 523
2 180
2 966
2 176
2 40
1 69 429
1 253 908
1 592 710
1 516 959
1 115 807
2 728
1 674 906
1 321 866
2 143
1 92 377
2 436
2 824
1 648 966
2 336
2 82
2 719
2 701
1 375 841
1 19 240
2 473
2 829
2 281
2 11
2 506
2 773
2 192
1 85 638
2 215
2 850
1 105 563
2 950
2 940
2 282
1 172 582
2 970
2 132
2 2
1 541 885
1 392 815
2 897
2 304
2 706
2 685
2 773
1 95 834
2 10
2 204
2 127
2 142
1 174 336
2 585
2 358
1 653 879
1 243 861
