500 999
2 210
2 249
1 238 426
2 213
1 256 453
1 181 208
1 169 319
2 34
2 293
1 379 448
2 275
1 18 389
1 397 414
2 416
2 372
1 222 325
2 406
2 408
1 13 359
1 87 196
1 151 390
1 15 483
1 164 323
2 276
2 292
2 162
1 266 384
1 43 461
2 456
1 188 492
1 59 178
2 410
1 21 354
2 214
1 305 345
2 386
1 29 198
1 460 492
1 295 448
1 188 492
2 57
1 142 331
1 82 270
1 156 323
2 6
1 391 451
1 236 483
1 64 87
2 301
1 275 469
2 230
1 332 389
1 254 500
1 107 325
2 162
2 26
1 53 282
1 43 482
1 343 486
2 420
1 86 249
1 247 318
1 270 339
2 117
2 138
1 325 447
2 262
1 213 218
2 421
1 126 326
1 128 165
2 262
1 87 305
2 323
2 11
1 357 466
2 250
2 491
2 154
1 231 299
1 161 446
1 51 254
1 249 315
2 95
1 42 187
1 30 379
2 83
2 398
1 80 229
2 369
1 40 122
1 36 40
1 128 304
1 82 431
1 49 499
1 2 312
2 62
1 394 411
1 18 175
1 50 108
1 210 464
2 277
1 75 396
2 305
1 28 123
2 471
1 132 180
2 405
2 293
1 194 424
1 389 450
1 8 311
1 25 468
2 490
1 165 201
1 113 210
2 205
2 449
2 302
2 341
2 46
1 165 449
2 138
2 405
2 6
2 163
2 106
1 313 388
2 246
1 59 223
1 185 265
2 303
1 237 368
1 22 190
1 74 490
2 103
2 333
1 201 255
1 11 475
2 195
1 83 288
2 412
2 288
1 366 371
2 478
2 278
2 452
1 252 329
1 167 225
2 459
1 340 497
1 181 447
2 148
1 105 201
1 219 306
1 4 100
1 142 278
2 116
1 88 476
1 260 427
1 165 460
2 245
2 206
2 484
2 138
1 389 423
1 65 315
1 9 102
2 228
2 327
2 83
1 165 487
1 18 376
2 89
1 43 181
1 158 159
2 80
1 234 327
1 202 484
2 417
1 324 403
1 350 473
1 143 296
1 54 254
1 237 338
2 303
2 338
2 47
1 62 404
1 190 431
1 239 432
2 164
1 214 304
2 427
1 201 418
1 383 477
2 111
1 181 358
2 23
1 204 213
1 106 487
2 364
1 120 217
1 113 347
2 176
1 426 477
2 54
2 35
1 11 360
1 383 429
1 37 224
1 232 431
1 247 477
2 461
2 240
2 350
1 313 393
1 48 65
1 148 222
1 201 464
1 10 14
2 4
2 159
1 347 445
1 281 413
2 417
2 142
2 257
2 325
2 424
1 34 163
1 178 398
2 31
1 61 138
1 84 426
2 122
2 421
2 82
1 103 157
2 307
2 152
2 106
1 403 493
1 122 278
1 284 327
2 203
2 77
2 137
2 455
1 67 92
2 124
2 355
1 248 324
2 232
2 194
1 88 152
2 388
2 67
2 482
1 403 500
2 82
2 32
1 190 236
1 168 388
1 14 193
2 230
1 64 292
2 279
2 222
1 268 345
1 123 500
1 354 411
1 184 407
2 231
2 150
1 11 211
1 86 344
2 387
1 291 470
1 382 423
1 447 462
1 161 196
2 9
2 493
1 343 411
2 327
2 168
2 500
1 152 293
1 415 484
1 75 163
2 309
1 254 283
2 139
1 24 255
2 303
2 112
1 70 310
1 133 254
1 14 358
1 235 441
1 151 453
1 163 224
1 87 251
1 303 485
2 226
2 253
1 249 349
2 315
2 203
2 461
1 96 109
1 396 474
1 117 462
2 224
2 406
1 298 421
1 87 319
1 147 255
1 304 376
1 121 391
1 364 472
1 191 220
1 265 389
2 21
1 149 468
1 263 295
1 194 224
2 354
1 172 294
2 140
1 216 332
2 106
2 422
1 81 334
1 246 298
1 122 191
1 306 463
1 232 305
2 123
2 434
2 56
1 234 280
1 392 406
2 42
2 203
1 36 419
2 114
1 126 140
2 243
1 331 386
2 306
1 279 349
2 126
2 292
1 98 280
1 26 331
1 169 424
1 89 243
2 271
2 334
2 164
2 383
1 75 487
2 83
2 64
2 187
1 214 237
1 2 81
1 490 491
2 10
1 316 462
2 205
2 184
2 117
1 209 317
2 14
1 279 315
2 470
2 32
2 126
1 30 312
2 9
1 175 316
2 231
1 247 382
1 136 214
1 102 234
2 310
2 45
2 329
2 277
1 396 431
1 85 459
1 175 346
1 163 456
2 5
2 61
2 358
2 476
1 9 59
1 16 249
1 408 495
1 123 471
2 53
1 108 131
2 436
1 54 71
1 199 310
1 48 97
2 16
1 5 105
1 179 314
1 39 499
2 111
2 382
1 71 96
2 242
2 81
2 316
2 125
1 19 341
2 209
1 259 446
1 186 344
1 294 301
1 35 115
2 317
2 152
1 75 363
1 343 407
2 469
1 187 413
2 328
1 191 367
2 13
1 69 108
1 56 360
1 327 348
2 482
2 400
1 228 490
2 116
1 329 465
2 125
1 89 197
1 96 360
2 318
2 294
1 237 422
2 249
1 219 332
1 24 46
1 253 446
1 246 300
2 203
1 116 409
2 375
1 164 470
2 306
2 5
2 246
2 10
2 477
1 417 429
2 464
1 141 282
2 98
1 184 359
1 104 300
2 353
1 39 59
2 338
1 85 335
2 325
2 210
1 158 326
1 132 400
2 181
2 18
1 258 436
2 250
2 223
1 12 176
2 463
1 177 334
1 407 456
2 275
1 10 92
2 62
2 315
2 329
2 484
1 334 499
1 11 420
2 185
1 132 155
2 450
1 302 393
2 75
2 292
1 24 421
2 351
2 291
1 53 331
2 437
1 15 101
1 29 499
1 3 214
1 61 90
1 73 108
1 206 457
1 116 254
1 219 230
2 109
1 57 126
2 277
1 94 156
1 4 8
1 215 469
2 52
1 60 358
1 53 404
1 60 142
1 25 468
1 341 401
2 337
1 218 438
2 434
1 274 311
1 112 471
1 61 332
2 227
1 13 490
2 91
2 386
2 43
1 18 316
1 408 452
2 43
1 165 339
1 239 289
2 160
1 313 459
2 134
2 6
1 123 400
1 217 441
2 7
1 48 129
1 388 392
2 107
2 442
1 24 315
1 206 395
2 499
2 421
1 108 201
2 38
2 19
2 10
1 47 430
1 187 280
1 120 163
1 213 454
1 268 282
2 362
1 54 432
2 182
1 327 488
2 372
2 184
2 63
2 459
2 291
2 316
2 196
1 52 281
1 61 415
1 38 385
1 200 283
1 38 453
2 493
1 7 494
1 186 188
1 1 227
1 89 312
2 339
1 88 415
2 381
2 188
2 168
1 147 468
2 74
2 480
1 430 454
1 162 472
2 35
2 9
1 406 465
1 95 105
2 385
2 320
1 278 388
2 343
1 131 209
1 325 387
1 279 374
2 465
2 67
2 433
2 291
2 298
1 33 352
2 155
1 52 223
1 164 317
1 254 490
2 408
2 247
1 286 436
1 130 465
2 346
1 355 483
2 397
1 203 338
2 161
1 99 328
2 410
2 361
1 98 259
2 388
2 417
1 1 477
1 74 389
2 28
1 69 75
2 456
1 19 45
1 28 353
1 91 249
2 372
1 43 493
1 12 75
2 318
1 300 329
2 152
1 15 351
1 131 169
1 99 342
2 461
2 416
1 70 114
2 86
1 10 35
1 347 454
1 135 416
1 155 227
2 407
1 213 337
1 97 257
2 421
2 65
1 29 200
1 188 418
2 14
2 144
2 186
2 401
1 71 277
2 44
1 93 104
2 430
2 81
1 115 309
1 259 322
2 22
1 296 382
2 175
2 358
2 270
1 132 176
1 113 235
1 148 363
2 134
2 361
1 177 421
1 240 243
2 80
2 304
1 341 378
2 147
2 209
1 12 173
2 262
1 130 374
2 267
1 417 453
2 107
2 342
2 490
2 284
1 36 364
2 441
2 396
1 73 192
1 24 328
2 99
2 48
1 144 323
2 101
2 441
2 204
1 215 482
1 82 319
2 140
1 194 245
2 486
1 369 374
2 160
1 88 282
1 61 384
2 62
2 404
1 56 69
2 232
2 381
1 207 400
1 196 261
1 30 211
2 338
1 33 258
2 437
1 173 357
1 125 453
2 402
1 53 297
1 144 298
1 281 414
2 426
1 67 70
1 263 312
2 432
2 416
1 357 430
2 418
2 500
2 300
1 245 320
2 402
1 65 437
1 261 344
1 422 469
1 7 252
1 70 142
1 119 285
1 122 361
1 301 302
1 346 419
2 64
2 222
1 90 387
1 303 366
1 25 478
2 150
1 119 388
1 64 462
2 385
2 326
1 39 321
2 115
2 319
2 249
2 413
1 191 364
2 121
1 78 252
2 486
2 30
2 239
1 51 319
1 198 424
1 249 382
1 1 126
1 56 463
1 272 441
1 392 473
2 341
2 92
2 337
1 126 386
2 122
1 281 336
1 255 406
1 54 450
2 84
1 168 207
1 157 372
2 428
2 265
1 312 344
2 500
2 390
2 344
1 340 481
1 67 222
2 48
2 63
2 211
1 468 495
1 78 325
2 52
2 149
1 158 302
1 110 360
2 487
2 215
2 76
1 319 360
1 408 454
1 33 109
1 74 361
2 228
2 237
2 275
1 98 372
2 456
1 153 216
2 488
1 128 295
1 481 496
2 301
2 132
2 498
1 198 225
1 191 215
1 248 307
2 115
1 234 300
2 295
1 160 205
1 222 396
1 80 191
2 232
1 108 187
1 395 454
1 328 375
2 317
2 472
1 195 390
1 141 220
1 201 302
1 137 150
2 72
1 288 470
2 430
2 441
2 154
2 150
2 485
2 5
2 195
1 43 303
1 356 447
1 482 485
1 405 456
1 441 492
1 26 82
2 394
2 114
1 183 433
1 51 430
1 35 43
1 109 248
1 145 484
2 159
2 446
2 84
1 173 443
2 273
2 58
1 69 106
2 365
2 1
1 49 182
2 444
1 260 444
1 72 142
1 317 373
2 313
2 32
1 232 328
1 298 433
1 225 404
2 368
1 399 450
1 236 263
2 199
1 36 244
2 219
2 480
2 224
1 104 132
2 131
2 190
1 48 453
2 319
1 177 359
2 195
1 89 354
2 281
2 404
2 36
2 168
1 292 300
1 122 215
1 35 229
2 176
2 440
2 327
2 154
2 196
1 163 316
1 144 428
2 466
1 410 460
1 249 391
2 372
1 313 487
1 260 405
2 471
2 140
2 113
1 136 315
1 79 281
2 102
1 417 473
1 385 460
1 100 174
2 278
2 51
1 14 175
2 68
1 289 486
1 113 434
1 171 466
2 304
2 248
2 242
2 120
1 383 455
2 102
1 244 446
2 388
2 152
2 190
1 10 139
2 158
1 22 281
2 148
1 61 426
2 177
1 338 409
1 127 147
1 283 424
1 18 281
2 36
1 46 126
2 430
1 229 391
2 122
2 290
1 75 158
2 114
2 154
2 266
2 80
2 387
1 110 332
2 454
1 78 289
1 257 330
2 257
1 185 263
1 216 389
1 332 340
2 179
2 151
1 13 156
1 245 407
1 73 344
1 366 385
2 163
2 6
1 159 487
2 23
1 96 412
2 129
1 294 418
