1
1
1
1
1
1
1
1
1
1
1
1
1
1
1
1
1
1
1
1
1
1
1
1
1
1
1
1
1
3
1
1
1
1
1
1
1
1
1
1
5
1
1
1
1
1
1
1
1
1
1
1
1
1
1
1
1
1
1
1
1
2
1
1
1
1
1
1
1
1
1
1
1
1
2
1
2
1
1
3
1
3
2
1
1
1
1
4
1
10
1
2
2
2
1
3
1
11
2
1
3
1
7
1
1
19
1
1
1
1
1
1
7
2
3
2
11
7
1
1
1
11
2
1
1
2
10
3
4
10
1
1
1
1
1
1
7
1
15
7
1
6
6
1
32
1
12
1
1
2
1
1
1
3
3
22
1
2
3
8
2
63
2
16
1
2
17
17
2
1
3
2
2
2
1
2
1
1
2
94
4
2
1
10
1
95
1
9
95
1
2
2
4
2
1
2
97
1
1
1
97
3
11
1
1
103
103
4
103
103
104
12
1
104
104
104
104
104
1
15
104
2
2
11
3
3
116
116
116
116
1
5
1
24
1
1
1
1
1
1
149
149
149
1
1
1
1
149
1
27
161
1
3
166
1
1
1
170
1
10
6
170
170
33
173
1
177
10
180
1
2
36
6
1
194
198
198
1
6
198
33
3
237
238
2
240
1
1
276
276
278
278
1
282
282
283
1
283
292
294
294
294
1
294
4
1
296
296
298
300
300
300
1
1
2
301
301
301
1
1
308
3
308
308
311
311
315
315
316
316
316
6
320
1
323
323
323
1
325
1
1
331
335
2
335
335
335
1
343
343
1
346
6
347
347
347
347
3
348
348
348
5
357
357
357
358
1
358
358
358
358
358
1
358
361
361
362
362
1
367
367
367
370
371
371
371
1
374
374
376
380
380
1
383
383
1
2
4
383
383
389
389
390
390
390
1
1
1
391
1
394
1
396
397
398
1
398
398
398
398
398
398
398
398
398
398
1
398
1
398
399
403
406
406
406
407
407
407
1
409
409
1
409
410
410
410
410
411
411
411
412
412
412
1
412
1
412
412
412
412
413
2
417
417
1
1
418
