1000 1000
2 457
1 118 564
1 558 967
1 46 48
1 183 384
1 120 1000
1 312 469
1 128 522
2 802
2 499
1 205 784
1 7 745
2 447
2 461
1 325 650
1 111 938
2 244
2 977
1 102 754
1 571 855
2 975
2 850
1 387 693
1 47 871
1 459 798
1 27 401
1 473 711
2 233
2 350
1 54 915
2 280
1 76 981
1 131 185
1 20 863
1 247 724
1 393 973
1 668 757
2 920
1 61 835
2 294
1 590 892
1 461 657
2 82
1 391 395
1 561 742
1 644 931
1 142 920
1 110 737
1 550 715
1 5 644
1 350 794
1 714 798
1 214 568
1 463 951
1 397 492
1 672 950
1 45 527
1 676 761
1 453 853
2 538
1 337 472
2 87
1 707 808
1 670 924
2 322
2 154
2 348
1 97 355
1 602 969
1 15 372
1 135 153
1 185 870
2 356
1 676 847
2 255
1 175 935
1 169 366
1 210 969
1 503 762
1 38 977
1 8 568
1 790 998
1 290 677
2 39
1 105 517
2 566
1 76 405
1 776 807
1 299 809
1 261 794
1 576 931
2 853
1 135 917
1 308 687
1 44 45
2 587
1 429 973
2 746
1 131 904
1 762 848
2 93
1 520 623
1 642 780
1 602 717
1 185 385
1 192 410
1 411 460
1 630 825
1 113 1000
2 243
1 568 602
1 29 667
1 504 855
2 646
1 87 701
1 426 957
1 440 535
2 569
1 555 701
1 815 945
1 18 618
1 359 397
1 202 787
2 296
1 756 771
1 266 516
1 560 745
1 571 767
1 706 844
1 555 604
2 605
1 301 528
2 485
1 236 237
1 777 864
1 397 779
1 5 124
1 353 450
1 216 670
1 188 510
1 593 751
1 44 480
1 592 844
1 260 550
1 294 709
1 437 797
1 487 917
1 247 772
1 90 907
2 902
1 528 668
1 19 928
1 293 433
1 119 240
1 340 583
1 117 408
1 242 634
2 444
1 161 410
1 505 921
1 436 494
1 38 57
1 769 954
1 827 996
2 90
1 360 754
1 158 272
2 510
1 104 262
1 160 505
2 336
1 300 359
1 133 470
2 564
2 992
1 127 640
1 207 835
1 266 582
1 436 892
1 517 686
1 76 681
2 477
1 12 851
1 202 223
1 88 511
2 918
2 88
1 548 994
1 368 839
1 133 561
2 913
1 61 812
1 601 752
2 698
1 76 771
1 851 940
2 900
2 773
1 369 914
1 844 995
1 389 539
1 235 857
1 173 258
1 610 686
1 217 518
2 347
1 140 841
1 2 560
1 188 628
1 257 267
1 735 950
2 884
1 113 977
1 422 954
2 807
2 485
1 288 461
1 893 899
1 94 851
1 16 424
1 303 459
1 577 785
1 808 824
1 86 771
1 274 725
2 615
2 326
1 14 123
1 565 919
2 648
1 797 902
1 318 693
2 364
2 631
1 367 882
2 618
1 132 325
2 578
2 196
2 606
1 19 311
2 682
1 264 674
1 80 682
2 348
1 585 917
1 347 489
2 65
1 115 536
2 929
1 518 719
2 250
2 281
1 387 654
1 87 105
2 514
1 496 707
1 455 889
1 203 597
1 705 877
2 389
1 42 842
2 725
1 709 923
1 590 913
2 121
1 721 925
1 261 665
1 448 875
1 84 357
1 765 996
1 246 375
1 213 236
1 188 699
2 782
1 294 719
1 75 700
1 770 922
1 237 505
1 892 907
1 144 541
2 700
1 324 585
1 921 932
1 864 964
2 993
1 172 873
2 548
2 342
1 73 327
1 435 526
2 762
2 398
1 534 775
1 180 563
1 17 184
1 192 651
1 116 885
2 837
1 12 419
1 312 582
2 11
2 481
1 19 679
1 147 611
1 199 472
1 85 399
1 278 633
1 485 519
1 166 794
1 906 980
1 3 998
1 744 751
2 10
1 651 992
2 858
1 476 977
2 929
1 289 935
1 639 971
1 154 558
1 573 992
1 676 975
2 112
1 243 918
1 397 931
1 620 939
1 409 889
1 433 974
2 167
1 60 730
1 454 533
1 165 365
1 103 938
1 291 449
1 838 872
2 718
2 617
1 430 484
1 785 847
1 102 168
1 315 756
2 253
1 398 440
2 546
1 53 389
1 72 924
2 890
1 139 832
1 144 378
1 568 899
2 653
2 194
1 369 408
1 183 499
1 485 659
1 45 411
1 187 321
1 189 732
1 353 950
1 168 634
1 12 689
1 289 989
2 377
1 208 719
1 537 901
1 323 712
2 750
1 278 565
1 14 167
1 335 918
1 300 438
1 699 998
1 344 693
1 403 854
1 335 506
2 428
2 522
1 417 740
1 81 903
1 214 972
1 745 978
2 654
1 317 629
1 220 780
1 55 345
2 584
2 741
1 733 898
1 733 740
2 585
2 540
1 115 687
1 71 230
1 387 388
1 104 311
1 614 677
2 732
1 278 995
1 355 803
1 262 295
1 398 995
1 725 958
2 256
2 281
1 386 396
1 453 711
2 128
2 815
1 481 760
1 738 782
2 986
1 3 741
1 100 717
1 94 883
1 193 329
1 250 517
1 76 892
1 305 404
1 338 807
1 15 768
1 308 986
2 15
1 696 793
1 117 565
1 246 318
1 746 954
1 470 778
2 525
1 256 687
1 302 471
1 287 668
1 240 268
1 230 716
2 892
1 137 760
1 364 862
2 171
1 93 355
1 115 444
2 849
1 137 878
1 17 208
1 530 748
1 850 857
2 755
2 654
1 141 695
1 646 738
1 37 553
1 398 442
2 358
1 161 595
2 325
2 446
1 64 938
2 779
1 934 942
1 793 931
2 200
2 910
1 739 987
2 532
2 486
1 860 873
1 826 995
1 338 711
1 674 1000
1 295 675
2 909
2 241
1 281 743
1 115 352
1 481 491
1 454 676
1 179 815
1 395 975
1 523 734
1 48 668
1 435 478
1 400 923
2 793
2 657
2 316
1 663 711
1 783 829
1 350 401
2 168
1 192 619
2 671
1 449 789
2 141
2 984
1 9 981
1 48 203
2 215
1 4 293
1 479 950
1 260 734
1 213 741
1 224 438
1 250 631
1 206 330
2 398
2 719
1 696 914
1 591 622
1 140 178
1 21 579
1 176 543
1 204 266
1 581 822
1 313 875
1 484 593
1 538 813
1 758 945
1 250 560
2 58
1 600 622
1 705 872
1 465 971
2 575
1 267 702
2 252
1 429 538
1 140 211
1 146 886
1 672 695
1 727 922
2 530
1 117 544
2 318
1 461 821
1 326 777
1 518 990
2 542
2 813
1 571 716
1 456 982
2 172
1 596 992
1 152 910
1 642 909
1 767 848
2 721
1 268 558
1 646 894
1 464 968
2 411
1 84 113
1 645 706
1 162 980
1 637 715
1 340 884
1 90 917
2 580
1 98 227
1 580 853
1 414 476
2 494
1 856 875
1 657 899
1 131 517
2 449
1 84 458
1 756 947
1 606 705
1 52 694
1 578 943
1 435 867
1 761 797
1 192 769
1 102 348
2 746
1 62 914
1 547 791
1 382 973
2 823
2 471
1 93 186
2 550
1 69 132
1 114 512
1 24 296
1 681 707
1 827 872
1 399 814
1 81 834
2 248
1 630 673
1 53 736
2 668
2 294
1 605 981
1 296 455
1 115 295
1 675 753
1 554 951
1 285 820
1 281 362
2 492
2 943
2 676
1 772 865
1 596 838
1 594 805
1 187 889
1 331 339
1 368 935
1 327 395
1 670 732
1 552 700
2 745
1 300 916
2 348
1 22 90
1 42 205
1 627 822
1 174 761
2 866
2 342
1 653 685
2 979
1 59 318
1 327 770
1 253 448
2 487
2 678
1 595 969
2 949
1 464 505
2 688
1 642 704
1 529 626
1 138 475
1 253 563
2 151
1 184 756
2 309
1 152 780
1 367 565
1 68 975
1 41 614
1 24 536
1 17 91
2 230
2 668
2 282
1 51 960
1 773 840
2 467
1 157 678
1 296 897
1 618 781
1 658 757
1 203 856
2 994
2 94
2 347
1 815 904
2 224
1 425 609
1 822 963
1 147 382
1 878 937
2 429
1 392 621
1 313 814
1 608 882
1 422 446
1 6 795
2 594
1 190 776
2 890
1 65 112
1 66 438
1 89 374
1 57 774
1 97 239
1 694 805
2 207
1 53 393
2 960
1 355 602
1 185 436
1 78 444
2 55
1 428 563
1 948 973
2 139
2 210
1 257 290
1 17 520
1 285 833
1 48 927
1 443 591
1 171 899
1 561 990
2 550
1 168 189
2 717
1 24 325
1 19 271
1 633 709
1 849 871
1 565 626
1 466 798
2 532
1 503 783
1 753 888
1 786 904
1 408 559
1 604 660
2 733
1 139 224
1 793 932
1 811 992
1 554 935
1 389 474
2 669
1 163 872
1 46 622
1 34 629
2 670
2 376
1 178 663
2 614
1 898 992
1 407 622
1 27 494
1 683 744
1 253 824
1 464 514
1 111 809
1 43 910
1 379 667
2 284
1 336 520
1 63 333
1 273 561
1 417 885
1 271 630
1 347 819
1 223 332
1 685 961
1 174 573
1 426 609
2 323
1 151 759
1 284 887
1 869 969
2 357
2 33
1 45 589
1 262 980
1 168 308
1 887 942
1 190 613
1 298 942
1 803 944
1 526 585
2 674
2 567
1 600 613
1 789 818
1 238 501
1 106 945
1 456 932
2 361
1 319 591
1 452 581
1 367 401
1 593 807
1 137 717
2 199
2 574
1 716 727
1 220 965
1 423 812
2 836
2 748
1 153 885
1 574 627
1 11 748
2 394
1 319 625
1 132 785
1 511 950
1 653 844
2 534
2 151
1 65 328
1 11 901
2 409
2 892
1 853 998
2 69
1 373 588
1 395 998
1 540 571
1 248 648
1 585 840
2 76
2 896
1 356 889
1 723 793
1 72 440
1 193 849
2 189
1 351 621
2 623
1 246 569
1 47 902
1 275 997
1 246 505
2 873
1 433 933
1 39 834
1 80 207
1 295 957
1 446 829
2 475
2 372
1 104 760
2 869
1 278 609
2 238
1 750 883
2 893
1 949 957
1 704 730
1 197 808
2 731
1 737 964
1 164 927
1 327 707
2 239
1 342 353
1 123 669
1 138 641
1 38 857
1 707 977
1 122 364
1 282 768
1 329 430
1 19 202
1 481 806
1 202 858
1 766 914
1 65 341
1 93 960
1 790 965
1 345 586
2 973
1 590 793
2 712
2 299
1 187 571
2 125
1 658 669
1 418 845
1 854 966
1 339 489
1 220 458
1 134 607
2 429
1 271 500
2 780
1 444 643
1 221 660
1 576 642
1 110 838
1 445 995
1 317 780
1 518 611
1 56 97
1 515 835
1 290 413
1 609 757
1 607 659
1 126 312
1 493 686
1 191 223
1 587 862
2 434
2 652
1 82 238
1 125 647
1 317 987
1 14 912
1 423 850
2 373
1 621 852
1 329 527
1 685 751
1 238 606
2 568
1 940 958
1 762 856
2 697
2 46
2 972
2 423
1 175 854
1 589 974
2 616
1 117 409
1 630 770
1 2 120
2 693
2 856
1 402 840
1 117 357
1 70 676
1 401 694
1 371 536
2 152
1 118 426
1 591 642
1 228 575
1 286 418
1 711 905
1 22 371
1 311 545
1 480 578
2 535
1 97 386
1 757 939
1 64 417
1 395 494
1 621 659
1 107 739
1 242 335
2 59
1 273 419
1 808 874
2 78
1 206 980
1 201 844
1 786 899
1 456 899
1 653 999
2 718
1 168 615
1 336 774
1 298 702
1 298 812
1 778 941
2 29
1 639 934
1 301 505
2 3
2 306
2 792
1 675 846
2 95
1 27 556
1 215 248
2 677
1 123 857
1 445 811
1 272 421
1 87 473
1 105 615
1 72 348
1 570 775
1 258 872
1 223 919
1 46 283
1 193 683
1 304 722
1 169 647
1 483 940
1 61 743
1 14 478
2 700
2 91
1 516 698
1 364 968
1 59 178
1 8 560
1 128 895
1 390 820
2 155
1 148 459
1 188 273
1 101 185
2 698
2 227
1 279 834
1 228 599
1 188 395
1 79 265
1 708 982
1 30 40
1 254 774
1 331 673
1 93 560
2 771
1 313 534
