1000 1
1 889317112
2
2
2
2
2
2
1 820158281
2
1 701789232
2
2
2
1 298993690
2
1 62111157
1 706950650
2
2
2
2
1 400536646
1 297856573
2
1 365818979
2
2
1 406506036
2
2
1 986997260
2
1 95106959
2
2
2
1 300585115
2
1 668163433
2
2
2
1 465237191
1 445001676
1 52912180
1 881882784
2
1 195405702
2
1 625370067
2
2
1 797296157
2
1 266596312
2
2
1 679524585
1 502944765
1 744869142
1 50104475
1 493769391
2
1 415055444
1 284323440
2
1 448847193
2
2
2
2
2
1 151285914
2
2
1 458354342
2
1 439933503
2
1 587653746
2
1 2174206
1 835386936
2
2
1 116299376
2
2
1 714691424
2
1 985261581
2
1 347907868
1 847262455
2
1 305333538
2
2
2
1 396847229
1 388671302
2
1 948548465
1 431584920
1 328752592
2
2
1 903563573
2
2
1 924359028
1 835618793
2
1 119455315
1 366580090
1 977027877
2
2
1 277281457
2
1 289429565
2
2
2
1 928150141
1 987815247
2
2
1 401523727
1 552729256
1 133615113
1 188490307
2
2
2
2
1 795935803
1 543475534
1 465111314
2
2
1 586202980
2
2
2
1 86639551
2
1 563792711
2
2
2
2
2
2
1 198014947
2
1 738398229
2
2
1 860492271
1 73509064
2
2
1 597539754
2
1 284546702
1 112479145
1 854861115
1 626425316
1 757376990
2
1 811820596
1 911667665
2
2
2
2
2
1 928907495
1 923041302
2
1 927649160
2
2
1 682296467
1 742958525
2
1 770487385
2
2
1 689344175
2
1 496041551
2
1 63485019
1 963278277
2
1 367539108
1 527039282
1 295662882
2
1 601070196
1 78619543
2
1 482250509
1 824043877
1 923544957
1 322976923
2
1 583308085
1 776140262
2
1 432795664
2
1 463625571
2
2
1 411501476
1 773413647
1 572087345
2
1 354395552
2
2
2
2
2
1 576331742
2
2
2
2
1 460949940
2
2
1 932436043
1 7625400
1 698229771
2
1 248390541
1 256407361
1 694370658
1 19140458
2
2
1 690750037
1 921422770
2
1 844918208
1 337080728
1 902221719
1 273862254
2
2
2
2
2
1 975792793
2
1 286530139
1 4107202
1 157074192
1 748820661
1 319751646
1 153569749
1 723026855
1 805709318
2
2
2
2
1 139445478
2
1 831004094
1 838465362
2
1 630006191
2
1 917164421
1 773808471
2
1 964603682
2
1 283337282
2
2
1 464136695
1 290301847
1 97917520
2
1 495307837
1 177705419
1 239071633
1 643901025
2
2
2
2
1 190268609
1 688458728
1 503896618
1 501582058
1 603608482
1 487354630
2
2
1 705702752
1 525844388
2
1 105352654
2
1 994788998
2
2
2
2
2
1 374367100
1 426387177
1 437573423
1 954676482
2
2
1 104592101
2
1 286333752
2
2
2
2
2
1 100261950
2
1 645105835
1 885214551
1 414289052
2
1 633518779
1 972206537
2
2
2
1 954583854
1 448069338
2
1 93437191
2
2
2
2
1 747706181
2
2
2
1 975961921
1 363694061
2
2
1 743256633
1 694514747
2
2
2
1 237027408
2
1 314306839
1 766395757
1 795349767
1 881991914
1 647992853
2
1 651391181
1 699792164
1 703238782
1 15450760
1 929927084
2
2
2
2
1 846078175
1 88480361
2
1 446475459
1 274140205
1 436514259
2
1 389048458
1 736499719
1 51546445
2
2
1 481415920
2
1 451861374
2
2
2
2
2
1 386453262
2
1 300108408
2
2
2
2
2
1 920624123
2
1 197905471
2
2
1 90178540
1 244891283
2
2
2
1 340359438
1 135915838
1 821571851
2
1 882879086
1 543347237
2
2
1 178764833
2
1 984884075
2
1 174329109
1 753028493
2
1 717460442
2
2
1 148299822
1 427747065
1 188329173
1 982117789
2
1 844767612
1 419732084
2
2
1 138394393
2
2
1 538215632
1 200329479
2
1 338075048
1 266781106
2
1 486664892
1 503345095
2
2
1 359997344
1 105119013
1 86506667
1 67310611
2
2
2
2
2
2
1 565145223
1 552239977
2
2
2
1 481858564
1 69734293
2
1 943290721
1 87377428
1 873559869
2
1 976170143
1 800249251
2
2
1 694699090
2
2
2
2
1 922516415
1 435041548
2
1 836210196
1 535689697
1 732905787
1 414859326
1 21101189
1 778837124
2
2
1 733742582
1 925492913
2
2
2
2
1 931389412
1 570152282
2
2
1 748701831
2
1 728970696
2
1 151933045
2
2
2
1 263906995
1 734606314
1 182351323
2
1 75236769
1 565887372
2
2
1 850456541
2
2
2
2
2
2
1 300835328
2
1 482433218
2
1 457049242
1 986429182
2
2
1 166266694
1 367666890
2
2
1 590415349
1 874326390
1 127508888
2
2
2
2
1 873219370
2
2
1 888241696
2
1 307132720
1 283717541
1 917395407
2
2
2
2
2
1 126547744
2
1 609862810
1 181866534
1 734070740
1 60989136
2
2
1 122498065
2
1 830883124
2
2
2
1 11317586
2
1 983251612
1 657467802
2
1 641513986
2
2
2
2
1 629636600
1 754373755
1 801382877
1 589505775
2
1 847334142
1 510108275
2
1 909352167
2
2
1 728339816
1 109938759
1 565020062
1 223296556
2
1 132299868
1 104199027
1 111406633
1 689185137
2
1 918621182
2
2
1 474799194
1 95665980
2
1 714729466
1 891633379
1 705711799
2
2
1 628721638
2
2
1 907837508
1 12605365
2
1 806055911
2
2
2
1 768522923
2
1 11515267
2
2
2
1 313627957
2
1 710305709
1 451606767
1 1812082
2
2
2
2
2
2
1 163038456
1 69886639
1 408498638
1 265319156
2
2
2
2
1 402824823
1 82315956
2
1 197760259
2
1 441308946
1 72038206
2
2
2
2
1 590155160
1 659561243
2
1 671432034
2
2
2
1 758961939
2
2
1 427607411
1 674802568
2
2
1 498693965
1 761941882
2
1 517318783
2
1 520682573
2
2
2
1 79079094
1 570254953
2
1 483058483
2
2
1 22290051
1 562966352
1 190709365
2
1 378824395
2
2
2
2
2
1 573101857
2
2
1 800889833
1 62737555
2
2
2
1 265834496
2
1 357786241
2
2
1 372833155
2
1 803168963
2
2
2
1 107585293
2
1 694309668
2
2
2
1 914669133
1 472405753
1 474091377
1 382370992
1 576654028
1 120436347
1 690858199
2
2
2
2
1 328058624
2
1 748697832
1 775672805
2
1 697199140
2
1 306786432
1 502190004
2
1 825037245
2
1 283328380
1 445304965
1 452206843
1 119717798
1 694702894
2
1 902964531
2
2
2
1 512199461
1 455294707
2
1 384878473
2
1 578499892
1 330763282
2
2
1 31120043
2
2
2
1 757429848
1 334713557
2
2
2
1 993784003
1 734510335
1 557904812
1 607455701
1 21395800
1 11346376
2
2
1 633705322
2
1 599848398
2
1 192831408
1 780413419
2
1 864167423
2
2
1 689930380
1 573180535
1 30188068
2
1 445057984
2
1 696658491
1 7488839
2
2
2
2
1 655310766
1 449390255
1 924831428
1 275882142
1 561256391
1 908792294
2
2
2
1 364895003
1 247357864
2
2
1 534688803
1 809346954
1 917673764
1 838996363
2
2
2
1 399445365
2
1 215398322
2
1 824871317
2
2
1 122865741
1 276630334
2
2
1 877985685
2
2
2
2
1 925588778
1 192693764
2
2
1 304039946
1 557348850
2
2
1 713532545
2
1 261118166
2
1 170694972
2
2
1 425461950
2
2
1 690465335
1 94641480
1 680936439
2
1 666983945
2
2
2
2
1 774612051
2
1 364554824
2
2
2
1 457148436
2
1 927605009
1 733526429
2
2
2
1 464235580
2
1 23461322
1 245657127
2
2
2
1 913463324
1 365816325
2
1 724749219
2
1 926647400
2
2
1 761548929
1 649919935
1 511132371
1 173703077
1 838376539
1 366878903
2
1 482739228
2
2
2
2
1 375014917
1 320984933
1 485873479
2
1 832096861
2
1 804832551
2
1 231118940
1 10386157
2
1 189971949
1 349328090
1 193486741
2
2
2
1 381948581
2
2
1 431439391
1 54207111
2
1 79886542
2
1 452964898
2
1 401359210
2
2
2
2
2
2
2
2
2
2
1 554543614
1 349139896
1 7571249
1 254739760
2
2
1 689269032
2
2
1 507913466
2
1 470868842
1 252982872
1 289927732
1 625867101
2
1 640405567
2
1 81687306
2
2
2
2
2
1 774105716
1 989144369
1 87788270
1 18653700
1 199428038
2
1 698548809
2
1 540132543
1 850659455
2
2
1 873445762
2
2
2
2
1 700727963
2
2
1 333031106
2
2
