1000 2
1 302312029
2
2
1 943889032
1 124452770
1 277032000
2
2
2
2
1 132966925
2
1 466294250
1 81745659
1 230119677
2
1 637777092
1 77472591
1 301791890
1 184460016
2
1 83820716
1 181985506
1 833233118
1 622783911
2
2
1 696923062
2
1 274156481
1 934612402
2
1 327819605
1 338873579
1 426604868
2
2
1 953911865
1 778826208
2
1 216157197
1 246929023
1 777732609
1 254095164
2
2
1 94924216
2
1 609887254
1 974413675
1 629345259
1 873962235
2
2
2
1 972906949
2
2
1 893517352
1 814120221
2
2
2
1 157567422
2
1 726611064
1 33864170
2
1 351515180
1 788047210
1 909629220
2
1 507010091
2
1 230595703
1 482089465
2
1 938083274
2
2
1 170179435
1 835765046
2
1 405051663
2
1 754461951
1 325095807
2
1 346064801
2
2
2
1 954611607
2
1 657526572
2
2
1 689859793
2
2
2
2
2
2
2
1 876440952
2
1 150717260
2
2
2
2
2
2
2
2
2
2
2
2
1 549937450
2
2
1 805363012
1 946648830
1 663615172
2
2
1 511338962
2
1 239686616
1 347806282
2
2
1 600836330
1 83673269
1 84994702
2
2
1 718449424
1 820531816
1 683449778
1 76581828
2
1 789302975
2
1 464107593
2
2
2
1 791350050
2
1 431840035
1 686358988
2
2
2
2
1 987933521
1 246524203
1 959732130
1 169457005
2
1 256359793
1 987249490
1 810344533
1 900297888
2
2
1 298521100
2
2
2
2
2
2
2
1 199562495
2
2
1 952262502
1 222408051
2
1 773599107
2
2
2
2
1 398089010
1 157506558
2
1 346028419
1 848921856
1 549349146
2
1 103018710
1 714440313
1 86040468
2
2
2
1 362960141
2
1 378854121
1 54861333
2
1 688390253
2
1 683646114
2
1 65929835
1 370185100
2
1 327650248
2
1 206453639
1 227630137
2
2
1 627003709
2
1 650916022
2
1 698028455
2
2
1 189223411
1 752504518
2
1 904620002
1 351125134
2
2
2
1 546525690
1 736147179
1 251725375
2
2
1 94197765
1 518503371
2
2
2
2
2
1 979055125
2
1 6334834
2
1 936723321
2
1 338425802
2
2
2
1 243073200
1 176864004
2
2
1 962260605
1 167225292
2
1 590721443
1 614268074
1 140009969
2
1 667200555
1 174195943
2
1 63998749
1 651055484
2
2
2
2
1 107576403
2
2
2
2
2
1 725959345
1 787722347
2
2
1 816579976
1 794216435
1 354734747
1 703131714
1 324035339
1 571386429
1 10031175
1 291962115
2
1 991660328
1 162592677
2
1 727702978
2
2
1 70831564
1 558742582
1 359464902
2
2
2
2
1 187206187
1 221550233
2
2
2
2
2
1 729615937
1 385429833
1 995617914
2
2
1 232809721
2
1 182973757
2
2
2
2
1 737003271
1 584745439
2
1 592908281
2
1 153063792
2
1 460019546
1 823180929
2
2
1 746708253
2
1 33657303
2
1 360029136
1 553968081
1 856466714
2
2
2
2
1 435505387
1 385809045
1 685848480
1 244274520
1 273041311
1 514515984
1 47982951
2
2
2
1 590709797
2
2
2
2
1 750607824
1 581084334
1 320146703
1 854112544
1 703772250
2
1 618811076
1 165934298
2
2
2
2
2
1 325026957
2
2
2
2
2
2
1 204746135
1 888889002
1 644473791
2
2
1 386410060
1 233288732
1 57317100
2
1 57682977
2
1 251653830
1 867740535
1 560797950
1 429100181
2
2
1 257871147
1 334373369
1 824398780
1 695530721
1 359926287
2
1 826232635
1 31998711
2
2
1 264940973
1 969118444
2
1 209182147
2
1 619937142
1 198427943
1 392661221
2
2
2
2
2
1 392878009
2
1 976313100
1 595911483
1 258216323
2
2
2
2
1 183295192
2
2
1 334695540
2
2
1 846124317
2
1 574487231
1 280265624
1 430321440
2
1 101371095
1 42352479
1 127284243
1 726108071
1 939821992
1 940380645
1 610920458
2
1 464330696
1 592455574
1 323456690
2
2
2
2
2
1 945329765
2
2
2
2
2
2
2
1 481374000
1 926960065
2
1 737367533
1 333222623
2
1 168936214
2
2
1 715637767
2
2
2
1 3096698
2
1 640251914
2
1 642928718
1 140245899
1 305965586
2
1 972387160
2
1 320394990
1 908938383
2
2
1 526481673
2
1 101177698
1 777751601
1 459198099
2
2
1 52469916
1 698719995
1 212368425
1 291959017
2
2
2
2
1 277226397
1 385734660
2
1 914072016
2
1 325982630
1 316529869
1 242849406
1 342507091
2
2
2
1 831262784
1 220858495
2
1 883235741
1 82941388
2
2
1 818977301
2
2
1 534038485
1 46539293
2
2
2
2
2
1 157097158
2
1 238580397
2
1 569571056
1 73767786
2
2
1 388024320
2
2
1 739305340
2
1 573429347
2
1 430902274
2
2
1 334722348
1 965786462
2
1 838500420
1 637967505
2
2
1 998325575
2
1 127843439
1 845104906
1 182934652
2
2
1 695916449
2
1 661464649
1 647614355
1 493316633
2
2
2
1 661658851
1 166995154
1 767030816
1 398840516
1 767357572
2
1 978397082
2
2
1 420483733
2
2
1 349665496
2
2
1 874126344
2
2
1 991961868
2
2
2
2
2
1 494153348
2
1 657265014
2
2
2
1 888265374
2
1 176281891
2
1 684129052
1 255337055
2
1 63944924
1 979525087
2
2
2
1 288599609
1 241433113
1 368544757
2
1 562168865
2
2
2
1 764703003
1 165675289
1 164865818
2
1 442891923
2
2
1 81221810
1 574577647
2
2
1 852159881
1 861295057
2
1 592808015
1 984996353
1 681554522
1 942713972
1 236501904
2
1 683385134
2
1 57108999
2
2
2
1 327919892
1 289339063
1 844838550
1 265981654
1 433600915
2
1 649481508
2
2
2
2
2
2
2
2
2
1 282519399
2
1 42489716
1 514682383
2
2
1 44092139
2
1 33785292
1 396936978
2
1 278054770
2
1 29099031
2
2
1 308196827
1 333188619
1 545840945
1 482389939
2
2
1 351452427
1 879743137
2
1 477627518
1 556598773
2
1 127656498
2
2
1 835451182
1 788282940
1 887282155
1 230855836
2
2
2
1 775195387
1 740075812
2
2
2
2
1 721386663
2
2
2
1 569515763
2
2
1 278122023
1 255773317
1 667661118
2
2
1 231701983
2
2
1 781338996
1 879096158
2
1 888870558
2
1 436782332
2
2
1 981279001
1 440891602
2
2
2
2
2
2
2
2
1 144642791
1 821645142
1 551641139
2
1 819311587
1 694127455
2
1 724154930
1 499175717
2
1 854067861
1 408299699
2
1 247941907
2
1 756733408
2
2
1 946249052
1 940941218
1 373662417
2
1 111849255
2
1 531667983
2
2
2
1 855092713
2
1 193852810
2
2
1 843080811
2
2
2
1 101115569
2
1 149040424
1 538242664
1 300695278
2
1 31422689
2
1 38654811
2
2
1 381393045
1 858011838
2
2
1 730446549
1 188049488
1 489702296
1 315199845
2
2
1 622094248
2
1 938854049
1 65287775
1 677070322
1 682396401
1 289842673
2
2
2
1 247702451
2
2
1 624608108
2
2
1 664030793
1 739663996
2
1 991729137
1 974784771
2
1 128176921
1 406900670
2
2
1 443191336
2
2
1 981042666
2
2
2
1 109685110
2
1 890050713
2
2
1 540177236
1 979167575
1 630172158
2
1 458113657
2
2
2
2
1 937248966
1 785012701
1 434483942
1 97536059
2
1 666526188
2
1 143224192
1 18256293
2
1 696669901
2
2
2
2
1 11292978
1 741650446
2
1 451140953
2
2
1 251511032
1 796321368
1 587270474
1 58334737
1 786969643
2
2
2
1 339603173
2
2
1 256387154
1 335963040
2
1 635669028
1 847730485
1 655655741
1 92655261
2
2
2
1 860653377
1 316574787
2
2
1 250966933
1 92092176
1 665724610
1 928739567
1 682923743
1 484636932
1 23981922
1 248331819
1 210988201
1 994178656
1 455802483
2
1 92588391
1 278671512
2
1 708130950
2
1 396032605
2
2
2
1 700749420
1 948327391
2
2
1 843485477
2
1 457716510
1 100392288
2
2
1 191121955
2
1 943588545
2
1 450886278
2
2
2
1 467952552
2
2
1 156350893
2
2
1 787638260
2
2
2
2
1 198056284
2
2
1 759537288
2
2
1 716156250
1 602851714
2
2
2
1 189941810
1 955404152
2
1 526662413
1 1248169
1 880833477
2
2
1 715948672
1 163602610
2
2
2
2
2
1 501659723
1 18435881
2
2
2
1 930273469
1 703207198
1 86909820
1 465212791
1 849312937
1 299418051
1 118930933
1 524693651
2
2
2
1 674190740
2
2
2
1 268137681
2
2
1 630141642
