-1
-1
277032000
302312029
943889032
-1
132966925
124452770
81745659
83820716
181985506
184460016
230119677
274156481
301791890
327819605
216157197
246929023
94924216
254095164
338873579
426604868
466294250
609887254
622783911
629345259
637777092
157567422
77472591
351515180
507010091
230595703
482089465
696923062
170179435
405051663
325095807
346064801
726611064
754461951
777732609
657526572
778826208
689859793
788047210
814120221
833233118
835765046
873962235
893517352
876440952
150717260
909629220
934612402
938083274
953911865
954611607
972906949
974413675
-1
-1
-1
-1
549937450
-1
663615172
805363012
511338962
239686616
347806282
83673269
84994702
76581828
600836330
464107593
683449778
718449424
789302975
431840035
686358988
791350050
820531816
169457005
246524203
256359793
298521100
810344533
900297888
946648830
959732130
987249490
987933521
199562495
-1
222408051
773599107
952262502
-1
-1
157506558
346028419
86040468
103018710
398089010
362960141
54861333
378854121
549349146
65929835
327650248
206453639
227630137
370185100
627003709
650916022
683646114
189223411
351125134
688390253
698028455
251725375
546525690
94197765
518503371
714440313
736147179
752504518
848921856
33864170
904620002
338425802
936723321
979055125
176864004
243073200
167225292
140009969
174195943
63998749
590721443
614268074
651055484
107576403
667200555
962260605
-1
-1
725959345
787722347
10031175
162592677
291962115
324035339
70831564
354734747
359464902
558742582
187206187
221550233
571386429
703131714
727702978
385429833
729615937
232809721
182973757
794216435
816579976
991660328
584745439
592908281
153063792
460019546
737003271
746708253
33657303
360029136
553968081
823180929
856466714
47982951
244274520
273041311
385809045
435505387
514515984
590709797
320146703
165934298
581084334
618811076
685848480
703772250
325026957
750607824
854112544
995617914
-1
-1
204746135
644473791
57317100
57682977
233288732
251653830
257871147
31998711
334373369
264940973
209182147
198427943
359926287
386410060
392661221
429100181
392878009
258216323
560797950
595911483
619937142
183295192
695530721
334695540
824398780
826232635
280265624
42352479
101371095
127284243
323456690
430321440
464330696
574487231
592455574
610920458
726108071
846124317
867740535
888889002
481374000
333222623
168936214
737367533
715637767
926960065
939821992
6334834
640251914
140245899
305965586
320394990
642928718
526481673
101177698
459198099
52469916
212368425
291959017
698719995
277226397
385734660
242849406
316529869
325982630
220858495
82941388
342507091
777751601
818977301
46539293
534038485
831262784
883235741
908938383
157097158
238580397
73767786
569571056
388024320
914072016
739305340
573429347
430902274
940380645
334722348
637967505
838500420
945329765
127843439
182934652
695916449
493316633
647614355
661464649
166995154
398840516
661658851
420483733
767030816
349665496
767357572
845104906
874126344
965786462
969118444
972387160
976313100
978397082
494153348
657265014
991961868
998325575
888265374
176281891
255337055
63944924
684129052
979525087
241433113
288599609
368544757
562168865
164865818
165675289
442891923
81221810
574577647
764703003
236501904
592808015
57108999
681554522
683385134
265981654
289339063
327919892
433600915
649481508
844838550
852159881
861295057
942713972
984996353
282519399
42489716
514682383
44092139
33785292
278054770
29099031
396936978
308196827
333188619
351452427
477627518
127656498
482389939
230855836
545840945
556598773
740075812
775195387
788282940
835451182
721386663
879743137
887282155
569515763
-1
255773317
278122023
231701983
667661118
781338996
879096158
436782332
888870558
440891602
981279001
-1
-1
-1
-1
-1
-1
144642791
551641139
499175717
408299699
247941907
694127455
724154930
373662417
111849255
531667983
756733408
819311587
821645142
193852810
854067861
843080811
855092713
940941218
101115569
149040424
31422689
38654811
300695278
381393045
538242664
188049488
315199845
489702296
65287775
289842673
622094248
247702451
677070322
624608108
682396401
664030793
730446549
128176921
406900670
443191336
739663996
858011838
938854049
946249052
109685110
890050713
974784771
540177236
458113657
630172158
979167575
981042666
97536059
434483942
18256293
143224192
666526188
696669901
785012701
11292978
451140953
741650446
58334737
251511032
587270474
339603173
786969643
256387154
92655261
335963040
635669028
316574787
655655741
23981922
92092176
92588391
210988201
248331819
250966933
278671512
396032605
455802483
100392288
457716510
191121955
484636932
450886278
665724610
682923743
467952552
700749420
156350893
708130950
787638260
796321368
843485477
847730485
198056284
860653377
759537288
928739567
602851714
716156250
937248966
189941810
3096698
526662413
163602610
715948672
880833477
943588545
948327391
18435881
501659723
955404152
86909820
118930933
299418051
465212791
524693651
674190740
268137681
703207198
