-1
-1
607091797
630247652
793048780
-1
488591290
471584549
543616147
593286631
921204072
431725434
311908674
302834675
243573487
285405029
269977642
229239906
245703142
174106194
106259951
206210975
235123905
465462157
482180844
540126210
580534365
150804355
261894634
102391024
188041109
274678444
598751915
612447525
613918512
703068531
91714456
40046989
296413839
343480589
367126837
138668940
151001933
356838973
369279308
439836683
455536883
462129102
480483906
535998594
624375750
654746898
199121224
569921261
656810227
721821313
142910045
192234119
326474094
386883196
604742291
94812435
55851345
218387556
268925921
39762719
275513194
457690177
624202558
710016694
737817100
657287180
528610523
23120031
246184811
278298778
767348606
258043410
801433056
854895510
857671869
406359831
510800143
132953705
572658626
417761030
809338231
859455828
364139714
798285988
885692240
897004460
898474578
218975916
466223465
635182333
322571821
384592316
786243735
708722750
315099048
795946398
900368824
912672188
736139925
913971924
915519047
939054021
955410464
974347896
544253791
93099367
456951571
470046923
71636703
492322522
597088600
601784188
567907254
664317106
667412271
471392446
670389858
721408854
813464338
818291515
889770196
617199747
767384380
898975455
914878949
920613942
944524143
461172060
544059809
974905356
976743620
976769114
433895412
323917307
452259427
832803589
259731901
294597560
872799971
979992843
21146550
22206226
45958104
48546280
239151049
527658301
562271318
704599389
810890358
871314291
984039525
157448135
998955148
-1
20200782
696619147
-1
212712566
84991770
447270802
478258444
836759255
219913143
543313868
-1
797752889
956873070
-1
-1
-1
-1
-1
-1
169081417
468761932
690227267
833940429
243122869
558661114
705039049
774981110
152203195
-1
-1
-1
-1
-1
-1
416111397
363942981
87721711
423002449
28814962
642353413
695165820
217939019
779618223
591342162
888454233
893691658
43903539
938321240
-1
152053318
170407123
568676454
606794100
388652993
440902594
249882623
597886345
34731273
87733950
375583497
463102873
685161771
69653103
661870526
702857343
360813677
172849518
719221437
475787631
683509583
782195548
846668566
285849766
788942485
157275747
962538424
-1
-1
-1
-1
-1
-1
918490402
141834784
526537638
713305808
96474596
562845000
748004312
40980165
506293870
125155435
951544238
-1
424018886
-1
-1
177345399
74970765
241844661
600154998
-1
23832811
207282190
620076718
-1
59209846
-1
584975724
-1
-1
616778291
677351302
839179784
-1
512137752
16292426
412868044
648195880
668952153
389843052
800517086
-1
-1
311755701
333842692
629126646
870599166
-1
991581764
-1
-1
77936800
145705691
217756142
338560921
471480306
515989390
281079022
328896421
815421816
907414252
-1
523614372
749754874
-1
-1
-1
67067730
79461371
124143142
222367068
434470935
11182248
23324143
282991839
281657262
297784631
479580709
510643233
410980156
517045217
81153869
109603441
612602207
614127763
157308945
401828853
641643671
660467304
681526368
170760753
189688424
709187590
726084114
782415813
805070620
886952511
31832265
193369742
369099608
60552797
509106358
250040840
516969586
628339176
643842263
660478625
720632768
211799231
212405828
378739971
736393899
136562145
753156692
465515488
486408072
348857490
675189481
787206491
356436250
344875762
840252232
157148919
742494818
865818552
902671352
905812093
907157242
218063117
908267027
928641173
543236506
7980315
296579549
340724315
468960071
731587414
783047955
803870471
849976687
113855201
433379429
922002885
806883859
69411096
488081143
490272671
602393136
130818525
379073094
571613697
947295807
951049267
980179056
983103131
994104593
630329973
765728646
123309942
164762363
122870988
145745778
261436397
316939985
336031142
378052005
399579083
581273900
149286318
641571278
651544253
446075025
56189101
83335549
298055281
376747708
285833824
422079966
641651794
688381385
7814410
266457341
158950799
511467503
279344930
530665162
433681340
260214945
778204773
798670381
472410285
806608419
822330737
540022566
826785225
840644722
663931474
868199823
879482274
759951114
907234395
396879869
465776404
116883674
113968883
557596432
428994347
151588980
293719290
317568831
337668045
278206010
128570691
389012549
421355213
615684322
633828143
668594612
707144759
857811398
905948596
908854108
393844579
395726982
698081757
379145906
412003112
703742888
728557532
385236631
45890649
423706897
142907741
598407203
619559049
782971116
265074445
846639118
923108933
702729865
975437633
977327449
-1
912768151
195028587
247321028
393288976
396847176
266674296
23628549
511261417
665296406
98969983
60601218
52043622
394640209
540028903
547334437
289546271
558315261
223557633
437573469
489725905
659450448
731381511
256625722
290061700
357343817
53643862
845531990
370174711
458085646
502027353
572521873
