-1
-1
-1
-1
-1
-1
-1
-1
-1
-1
-1
-1
-1
-1
-1
-1
-1
-1
-1
-1
-1
-1
-1
-1
-1
-1
-1
-1
-1
-1
-1
-1
-1
-1
-1
-1
-1
-1
-1
-1
-1
-1
-1
-1
-1
-1
974444806
976004731
969078491
962034849
943654810
961588292
815567504
814228336
848185429
871925153
873253591
793020115
783005341
747595658
709406115
742466864
749845729
756007424
698029375
656782802
658259926
661278163
618368728
603595809
570622101
576104546
578454665
592826756
564554858
491620977
494785393
487282654
483080128
467443611
480971342
453131574
465615283
445184565
448499835
481447128
436816567
445018674
491332626
505154117
425470452
425718699
507780373
421991685
513884292
418648692
398652381
409967395
395297318
395327135
395822236
411046971
388829711
478590882
386930123
384748407
467051033
518201117
366998832
368983759
380956498
381552422
384574239
357411923
360177314
361560704
355322387
352117139
397757927
409623144
443079249
476701858
351890118
499173110
341395660
322106124
343090712
324960079
344366650
317307834
345537873
355623362
504882530
523996765
455210940
525497713
313338004
310158684
537328258
537936274
306540468
302908405
291445203
289175665
291647047
296794576
297671487
288966352
280523148
281076947
263785613
262044034
269439078
280521818
252074738
251256520
235755347
237391866
240747772
233579739
242279499
247418668
255132748
258404723
274872444
231697942
230412500
223282839
222731781
223984141
278884178
283633620
222018477
287535258
288645425
215318139
215907433
289895836
301192669
308415014
310063591
321671471
310268519
333865191
349466708
350570687
355186526
356325773
212330335
366696860
379544778
386048838
388745243
389853961
406091457
418456822
423066333
272819048
429776297
207387752
442054407
289888989
395449054
201744859
202379699
201433866
205019603
198290695
302926950
328876746
442612134
443534281
448407834
194321192
341228293
485521103
190261540
194077144
239680738
189991626
185052150
184975047
180750822
179377333
178841411
179709106
174699749
179101623
179932644
188944819
171780034
244345907
170909706
272120904
296707357
328042507
341786266
384687535
268715294
393459910
393935953
318802362
368121025
466712817
478143091
403964551
489195324
513692982
520051523
536268698
538373627
539277642
430869643
170521162
410991665
162424445
272845118
157448892
262145109
273586112
209839159
288309797
167249261
304141498
351396297
485892362
154177706
291220327
441766465
152557833
188578870
293902682
305790260
152031063
187338782
166196065
214248789
314643692
189897301
397468876
408458624
414061398
151923454
337798972
151402541
149376113
167646755
308044237
366620874
142363907
146493420
146765080
140094708
148247031
139140446
139395965
210280945
214173905
239486388
395446641
408805805
412308587
136985658
138489096
136319678
213426732
134716307
416598724
425874496
426523235
133362470
130019783
243397192
436559126
129241841
124914047
316986430
451421008
347763556
455726189
405395564
456491862
460685381
470855102
174362491
501703190
507365053
223729892
179321294
