1000 100
2
2
1 494785393
1 709406115
2
1 223282839
1 884155487
2
1 537936274
2
1 578454665
2
2
1 548253077
2
2
1 848185429
2
1 747595658
1 541139194
2
1 513884292
1 202379699
2
1 596568277
1 814228336
1 974444806
1 366998832
1 551705975
2
1 48674671
2
1 269439078
2
1 656782802
1 162424445
1 742466864
2
1 815567504
1 101275722
1 170521162
2
1 425470452
2
1 962034849
1 661278163
2
1 749845729
1 783005341
2
1 775795335
2
2
1 263785613
1 251256520
2
1 421991685
2
1 908857529
2
1 899226273
1 70218534
1 242279499
1 756007424
1 871925153
2
1 467443611
1 98268888
1 360177314
1 134716307
1 310158684
1 151402541
1 280521818
1 411046971
1 357411923
1 188944819
1 708149920
1 917029235
1 483080128
1 317307834
1 658259926
1 54013613
1 381552422
1 793020115
2
2
1 943654810
1 961588292
1 296794576
2
2
1 30504490
1 74786589
2
1 114337027
1 7425472
1 154177706
1 235755347
1 662446831
2
1 24753465
1 698029375
1 598519298
1 53103787
1 969078491
1 386930123
1 32107956
2
2
2
2
1 570622101
1 384574239
1 368983759
1 988904709
1 117707486
1 313338004
1 409967395
1 873865264
1 395297318
2
2
2
1 355322387
1 112628461
1 262044034
1 556935550
2
1 769440039
2
1 258404723
2
1 64156536
1 507780373
2
1 448499835
2
1 418648692
2
1 398652381
1 592826756
1 603595809
2
1 21484555
1 465615283
1 102144325
1 980387874
1 21383861
2
1 976004731
2
1 873253591
2
1 491620977
2
1 123067382
1 645042314
2
2
1 541496160
1 706216761
1 487282654
1 215318139
1 900950676
1 980439920
1 306540468
1 6686029
1 352117139
1 425718699
1 247418668
2
1 74803174
2
2
2
2
1 564554858
2
1 445018674
2
1 395822236
1 67803435
1 707556687
1 481447128
1 12035423
1 901494922
2
1 777606724
1 281076947
1 436816567
2
2
1 963377923
2
2
1 170909706
1 288645425
1 19135186
1 287535258
2
1 140094708
1 576104546
1 505154117
1 618368728
1 922104996
1 805157636
2
2
2
1 597820345
1 523996765
2
1 898808622
1 112028897
2
1 538373627
1 921924993
1 445184565
1 6237402
1 570037799
1 901926382
1 361560704
1 480971342
1 205019603
2
2
2
2
1 289175665
1 34511408
2
1 288966352
1 600004980
1 650463659
1 601206533
1 222731781
1 194321192
1 308415014
1 384748407
1 343090712
1 48625038
1 823772714
1 576291215
1 525497713
1 395327135
1 59089474
1 124089190
1 974535354
1 706661011
1 453131574
1 592633174
1 643224795
1 179932644
1 388829711
2
2
1 151923454
2
1 596024266
1 834328224
1 41904343
2
1 36187585
1 116367572
1 129241841
1 948110124
1 784665727
1 491332626
1 812005820
1 611092169
2
2
1 194077144
1 552999452
1 547545484
1 616947957
1 149376113
2
2
1 26356701
1 64389728
1 975551077
1 810101568
1 796798566
1 670788983
2
2
2
1 602616266
1 547674266
1 322106124
1 310063591
2
1 601359874
2
1 962822879
2
1 619824934
1 779700647
2
1 113690991
1 22064389
2
2
1 827428057
1 958512416
1 897780645
1 787530879
2
1 178841411
2
1 743042857
1 995138273
1 878776092
2
1 944622457
1 231697942
2
1 98866411
1 903324791
1 233579739
1 478590882
1 736818736
1 790445934
1 222018477
2
1 912470437
1 817050353
1 870635255
2
1 380956498
1 645394844
1 280523148
1 762648244
1 14952527
2
2
1 688740532
1 574102796
2
1 663703878
2
1 142363907
2
1 518201117
2
1 185052150
1 594139419
2
1 467051033
1 152031063
2
1 570888668
1 896858483
2
2
1 252074738
1 409623144
1 643002840
1 443079249
1 948941636
1 580189727
1 136985658
1 499173110
1 120059427
1 476701858
1 667807563
1 52687888
1 504882530
1 291445203
2
1 910209441
2
2
1 537328258
2
1 757688189
1 397757927
2
1 351890118
1 341395660
1 130019783
2
2
2
1 98226175
2
1 923714929
1 600339374
1 345537873
1 660796877
1 583102946
2
2
1 539277642
1 636893909
2
1 569091066
2
1 874136391
1 726711769
2
1 98771554
2
1 685995969
2
1 201744859
1 291647047
1 1823537
2
1 344366650
1 146765080
2
2
1 324960079
2
1 616964183
1 576377036
1 550698658
2
1 114430007
1 355623362
2
2
2
1 940319036
2
2
1 987519120
1 455210940
2
1 873342232
2
1 302908405
2
1 548843728
1 240747772
2
2
1 546040929
2
1 189991626
1 859640912
1 442054407
1 24005840
1 366696860
1 595171923
1 148247031
1 389853961
2
1 597439142
1 212330335
2
1 920992962
1 95642520
1 536268698
1 820907434
1 255132748
1 855063365
1 124914047
1 321671471
1 561283641
2
1 180750822
1 934371541
1 297671487
2
2
2
1 663643714
1 349466708
2
1 386048838
1 612178468
1 974007678
1 179709106
2
1 834151110
1 571761112
1 174699749
1 283633620
1 83552031
1 179377333
1 112713504
2
2
1 25970237
1 625544905
1 94187497
1 138489096
2
1 808252729
1 157448892
2
1 864803456
2
2
1 289895836
1 215907433
1 971062753
1 406091457
1 139395965
1 627600738
1 760647166
1 350570687
1 891100889
1 30030701
1 982143975
1 745989799
2
1 665696189
1 190261540
1 562331601
2
1 201433866
1 952286204
1 563646113
1 237391866
1 9906943
1 171780034
1 230412500
1 333865191
1 966781108
2
1 632235720
2
2
1 121151906
2
1 278884178
1 489195324
1 740909038
2
2
1 301192669
2
1 992753197
1 879297497
1 274872444
1 709136212
2
1 418456822
2
1 885309253
1 86501230
1 749362438
2
1 146493420
1 764301399
1 648449454
1 914683400
2
1 784303919
1 448407834
1 1025709
2
1 713532211
1 908447197
1 184975047
2
1 794995310
1 713094941
1 586812428
1 543741420
1 223984141
2
1 388745243
2
2
1 207387752
2
2
1 856354697
1 356325773
2
1 611553172
1 429776297
1 44449744
1 95245587
2
2
2
1 443534281
1 642648599
2
2
1 355186526
1 423066333
1 817133559
2
2
1 310268519
2
2
1 976985494
2
2
2
1 616950262
1 379544778
2
1 198290695
2
2
2
2
2
1 610084462
2
2
1 637115910
1 759486258
2
2
1 575107868
1 272819048
1 946671033
1 797474648
2
1 661780533
2
1 30455789
2
2
1 395449054
1 289888989
2
1 873918749
1 759921084
2
1 121393890
1 878996289
1 10534163
1 80727148
1 485521103
2
2
1 328876746
1 136319678
1 971262781
2
2
1 302926950
1 920818958
1 77145350
1 513692982
1 563517665
1 654185701
1 710473537
2
2
2
1 442612134
2
1 923627337
2
1 610116701
1 815575031
1 765087471
2
1 97192363
1 341228293
2
1 950217424
1 688270602
1 717942636
1 815348854
2
2
1 735560916
1 133362470
1 922395942
1 39507561
1 559697554
1 384687535
1 239680738
1 520051523
2
1 393459910
2
2
1 7542272
1 785465907
1 296707357
2
1 18287940
1 101635527
2
1 8745887
1 341786266
2
1 947851795
1 83400164
2
1 272120904
1 9929163
1 561037975
1 152557833
1 69902343
2
1 87445812
2
1 785687172
1 662340049
1 587067434
2
1 740917828
1 328042507
1 179101623
1 575211495
1 92718022
2
2
2
1 905840570
1 560787326
1 865668789
2
1 244345907
1 63632565
1 792380671
2
2
1 715595010
1 869967849
1 903903482
1 466712817
1 105896777
2
2
2
2
1 393935953
2
2
1 268715294
2
2
2
1 318802362
2
1 368121025
1 828482350
2
2
1 478143091
1 887611713
2
1 403964551
1 760983823
2
2
2
2
2
1 811162348
2
2
1 812009691
1 890130044
1 595671822
1 554804852
1 955466647
1 430869643
1 955464432
2
1 410991665
1 52680024
2
1 657059043
2
1 45690981
2
1 272845118
2
1 715529979
1 351396297
1 485892362
1 815837354
1 690314271
1 946485416
1 119857112
1 262145109
2
1 945337783
1 273586112
1 969281041
1 931282543
1 288309797
1 911034847
2
2
1 209839159
2
1 304141498
2
1 167249261
2
2
2
1 828208986
1 891636387
1 501703190
1 746882071
2
1 291220327
1 689889344
1 139140446
1 792325968
1 723655751
1 441766465
1 764436329
2
2
2
1 16143774
1 314643692
2
1 305790260
1 414061398
1 188578870
1 408458624
1 871489493
1 676660137
2
1 293902682
1 644813057
1 858181133
1 960245097
1 611403957
2
2
1 46096251
1 187338782
2
2
1 166196065
1 684825936
2
1 397468876
1 726750805
1 214248789
1 416598724
2
2
1 426523235
1 853548664
1 189897301
2
1 741380539
1 949646194
2
1 628412472
2
2
1 886896741
1 98039859
2
1 337798972
1 717751211
1 408805805
2
1 76995322
1 728418242
1 833318648
2
1 167646755
1 966758215
1 582739353
1 719456695
1 470855102
1 366620874
1 507365053
1 425874496
1 111145223
2
2
1 308044237
1 895510615
1 692423046
2
2
1 966429807
1 731090231
1 110285574
1 64300597
1 10180751
1 60737111
1 765348239
2
2
1 592180819
1 395446641
1 780504938
2
1 756557346
1 6074945
1 921842330
1 239486388
1 991302671
1 934723466
2
1 676551546
2
1 760540192
1 214173905
1 865138860
1 7603959
1 436559126
1 22736872
1 605075824
1 519900856
1 210280945
1 957070046
2
1 900561914
1 674643898
1 530093564
2
1 739875093
1 412308587
2
1 621964995
2
2
2
2
1 994859197
2
1 51987309
1 3831292
1 856686058
2
1 941549700
1 667806273
1 605886548
2
1 456491862
1 844399013
1 213426732
1 74566075
2
1 762281602
2
1 788026458
1 460685381
1 10430955
1 991779381
2
2
2
2
1 649027609
1 1051793
1 243397192
1 451421008
2
1 66956458
2
2
2
1 762740340
1 91449988
2
1 40166261
1 558799512
1 833168788
1 316986430
1 569238643
2
1 455726189
1 785100531
2
2
1 892987075
1 347763556
2
2
1 894686025
1 405395564
2
2
2
1 565665929
1 792518051
2
1 174362491
1 826352185
1 909394571
2
2
1 711077438
1 883058682
2
1 546465864
1 223729892
1 803949137
2
1 179321294
2
