-1
-1
-1
-1
-1
-1
-1
-1
-1
-1
-1
-1
-1
-1
-1
-1
-1
-1
-1
-1
-1
-1
-1
-1
-1
-1
-1
-1
-1
-1
-1
-1
-1
-1
-1
-1
-1
-1
-1
-1
-1
-1
-1
-1
-1
-1
-1
-1
-1
-1
-1
-1
-1
-1
-1
-1
-1
-1
-1
-1
-1
-1
-1
-1
-1
-1
-1
-1
-1
-1
-1
-1
-1
-1
-1
-1
-1
-1
-1
-1
-1
-1
-1
-1
-1
-1
-1
-1
-1
-1
-1
-1
-1
-1
-1
-1
-1
-1
-1
-1
-1
-1
-1
-1
-1
-1
-1
-1
-1
-1
-1
-1
-1
-1
-1
-1
-1
-1
-1
-1
-1
-1
-1
-1
-1
-1
-1
-1
-1
-1
-1
-1
-1
-1
-1
-1
-1
-1
-1
-1
-1
-1
-1
-1
-1
-1
-1
-1
-1
-1
-1
-1
-1
-1
-1
-1
-1
-1
-1
-1
-1
-1
-1
-1
-1
-1
-1
-1
-1
-1
-1
-1
-1
-1
-1
-1
-1
-1
-1
-1
-1
-1
-1
-1
-1
-1
997509474
995801812
999231942
-1
-1
-1
-1
990187008
984879363
982173150
978514042
966299235
963661513
963203395
940538675
935160358
931571639
924302186
928057698
928371569
917615457
904119894
907035137
898172522
901526801
886901305
891298439
886714976
882478116
873542785
873211549
875701117
878286354
885063879
870769784
872885930
873158899
886801086
895761230
864016048
862208769
902355834
908539908
855921841
861885065
909187127
841928457
851539387
841311633
910596274
833102170
827241223
829087052
820417279
811015435
784273180
775204073
779356202
779429169
774941333
772265552
767124994
762035703
760794840
764038267
755466390
756664942
741586323
739768979
739618542
739795807
733858124
734792144
730153992
732030544
733212335
728689851
728018035
702582605
700944746
695682205
701489803
692631530
702305567
689685898
689310484
691992418
704656989
683204380
682229671
677331815
673805035
706279118
670438392
672007533
670026068
707442784
667747177
662147725
662140897
658188511
651168263
652906103
650666010
650156883
666500675
648716924
649521917
646908638
667187737
643863120
643104611
644222225
641601706
638944012
644566931
637480523
634312471
631300783
626782736
622943830
620998490
619725846
617426429
617048943
617719744
621391513
621744574
614095816
614276168
610014675
610428983
611302971
612015325
614994066
615622286
622878978
609513090
601776810
591864308
592578000
588278483
590977889
583571793
587410262
601205966
608416578
571090402
570306804
570930528
576858467
554749168
555845434
545052422
544468902
545297706
537710995
542793791
531688126
534760280
534957547
531161373
544734795
551335180
530573316
552265849
525407374
