1000 344
2
1 961482937
2
1 873211549
1 649521917
1 966680248
1 542793791
1 512471759
1 505763261
1 51668758
2
1 265354684
2
1 281836415
2
1 257665176
2
1 904119894
1 254209198
2
1 787212076
2
1 935160358
2
2
1 833102170
2
1 305754908
1 7124508
1 611302971
1 907035137
2
2
1 934303204
2
2
1 701489803
2
1 46488803
1 103189501
1 370911421
1 835847840
1 456615837
2
1 886801086
2
2
1 621744574
1 978549944
1 783735953
2
1 755466390
2
2
1 97987913
1 864016048
1 252162461
1 601205966
2
1 153077136
1 963661513
1 193485777
1 910596274
1 206762341
1 307411335
1 733858124
1 245356979
2
1 806645728
1 582616899
1 913789320
2
1 999231942
2
1 624298795
2
1 59198777
1 156557435
1 728018035
1 62502338
1 14856135
1 167669520
1 167010572
1 545052422
2
2
2
1 568475417
2
1 17901360
1 170417395
1 331408874
1 276511728
2
1 851539387
1 514401425
1 387796727
1 15066950
1 626782736
1 36732533
2
2
1 908539908
1 95162020
1 779429169
1 610428983
1 841928457
1 995801812
2
2
1 764038267
2
1 12860712
1 648716924
1 230105708
1 438462907
2
1 358092220
2
1 756664942
1 263080700
1 157174266
1 590977889
2
1 978514042
2
2
1 733212335
1 116239212
1 872885930
1 716134411
1 531161373
1 464241322
1 702582605
1 392738632
2
2
2
1 173217442
1 241204199
1 314962869
1 142203481
1 275137379
1 159892052
1 774941333
1 779915435
1 371316393
1 129905125
1 510463982
2
1 886714976
2
1 365636768
2
2
1 2444850
2
1 634312471
1 363286838
1 909187127
1 901526801
2
2
1 798827392
2
1 333405725
1 2561498
1 728689851
1 928057698
1 312769052
1 81518165
1 895761230
2
1 80954574
1 530573316
2
1 223384035
2
2
2
1 779356202
2
1 391857663
2
1 190849549
1 439456292
1 190346612
1 215368062
1 988146027
1 67015008
2
2
2
1 570930528
1 265847235
1 487047249
1 1592179
1 775204073
2
1 741586323
2
2
1 666500675
1 797802652
1 480107939
2
1 455377964
2
1 437421375
2
2
2
2
1 299168379
2
2
1 774699476
2
1 955669947
1 252200145
1 800893682
1 362777599
2
1 288330170
1 670438392
1 500368772
1 8083376
2
1 982285569
1 840871989
1 551335180
1 977044290
2
1 977713976
1 940550941
1 364852037
1 310737808
1 10936745
1 402377817
1 650666010
1 673805035
1 146891106
1 827241223
1 248097246
1 924036933
2
1 644222225
2
1 773250766
2
2
1 69078624
2
1 392002014
1 966704496
2
2
1 32508155
1 226317376
2
1 689310484
1 667187737
1 700944746
1 379403201
1 359287919
1 672007533
1 738683568
1 81843392
1 360473227
1 961949302
1 278769844
1 922443483
2
1 244837516
1 525407374
1 176438270
1 282582058
1 256312071
1 53145189
2
1 483830426
2
2
2
1 891298439
1 732030544
1 93586263
1 784273180
1 771562393
1 292693943
1 202943235
1 376335009
1 424281472
2
2
1 426009006
2
2
1 917615457
1 229536011
1 970448926
1 885063879
1 741933985
1 466531106
1 111271511
1 588278483
1 41313252
1 16857352
1 416164767
1 662140897
2
2
1 489706738
2
1 16029161
1 346632846
2
1 622943830
1 783011502
1 460173205
2
1 207845552
1 200241719
1 519286077
2
2
2
2
1 313867964
2
1 360716684
1 609513090
1 601776810
2
1 982230648
2
2
1 465379012
1 997509474
1 174078452
2
2
2
2
2
2
2
1 951636692
1 898172522
1 434636980
1 371180733
1 313517283
2
1 637480523
2
1 980995816
1 928371569
1 246304496
1 464646101
1 135449491
1 174744467
1 924302186
1 260283981
1 506914244
1 913495965
1 148874531
1 265800079
2
1 104662272
1 334046631
2
2
1 658188511
1 873542785
2
2
1 717401657
1 873158899
1 739618542
1 791268189
2
1 743463020
2
1 68715091
2
2
1 506256791
1 293022108
1 171077118
2
2
2
1 993327555
1 281646450
2
1 662147725
1 486918597
2
1 48550869
2
1 93803926
1 963063523
1 591864308
1 966299235
1 990187008
1 19586348
2
1 245375208
1 923786603
1 617426429
1 262448200
1 691992418
1 949246415
2
2
2
2
1 2083097
2
1 517811948
1 51606155
1 121946385
1 811015435
1 149931136
1 608416578
2
2
2
1 921639406
1 689685898
2
2
2
1 396785821
2
1 321398384
1 798139260
2
2
2
1 503506079
2
1 218750334
1 80128676
1 458745810
1 243778977
1 157417884
2
1 141368048
2
1 652906103
2
2
1 627305176
2
2
2
1 855921841
2
2
1 583571793
2
1 802825301
1 566054123
1 982173150
1 576858467
1 677331815
1 651168263
2
2
1 375023095
1 186831874
1 614095816
1 433903326
1 767124994
1 952312907
2
1 790000830
2
1 621391513
1 78731688
2
2
1 40487168
2
2
2
1 767504139
1 433061221
1 707442784
1 829087052
1 274745558
1 164605338
2
2
2
1 284923616
2
2
1 841311633
1 211908044
1 902355834
1 612015325
2
1 743690921
2
2
1 11518886
1 620998490
2
2
2
1 762035703
1 491971134
1 617719744
2
2
1 375454948
2
1 870769784
2
2
1 878286354
1 789181940
2
1 459394553
1 812561339
2
1 984879363
1 29243108
1 936426357
2
1 306574048
2
2
2
2
2
2
1 501888407
1 882478116
2
1 614276168
1 407427160
2
1 299473565
1 772265552
1 733666105
2
1 368318560
1 963203395
1 479568061
2
1 133074793
1 862208769
1 531688126
1 984777646
1 886901305
1 287605398
1 166019712
2
1 939193467
2
1 432398410
2
1 84437865
1 554749168
1 820417279
1 931571639
1 110698030
1 352140931
1 940538675
1 269529513
1 950439451
1 739768979
2
1 289607659
1 822010238
1 730153992
2
1 12236982
1 406604977
2
1 91173319
1 861885065
1 767435983
2
1 973222665
2
2
1 754312565
1 713242218
1 128919570
1 741798571
1 327253476
2
1 644566931
1 748027188
1 68890571
1 875701117
1 180406721
1 534760280
1 298641786
2
2
1 641601706
1 367374057
1 60965694
1 957135637
2
2
1 286818494
1 169915964
1 315388991
2
2
1 527895786
1 760794840
2
1 706279118
1 164075916
2
1 424243385
1 735272918
1 179590842
2
1 643863120
2
2
2
2
1 349143980
1 290705283
1 552265849
2
2
2
2
2
1 714095398
2
1 637807908
1 984615242
1 990970534
2
2
2
1 26419970
1 435788093
2
2
2
1 392657421
1 149943758
2
2
1 402463989
2
2
1 592578000
1 443819233
1 667747177
2
1 521359124
1 262581291
2
2
1 692631530
1 57012928
2
1 42405003
1 392645803
2
1 933501032
1 97813027
1 240476327
1 544468902
1 734792144
1 847522769
1 846100094
1 30078538
1 453875710
1 442817704
1 283754708
1 570009337
1 104142646
1 212244542
2
1 459424323
1 702305567
1 240710400
1 429061419
1 614994066
1 283389287
2
2
2
1 378717704
2
1 75380806
1 683204380
1 71268041
2
1 638944012
1 431579555
1 739795807
1 181461010
1 980638990
2
1 615622286
1 440474835
1 898486322
2
1 248078074
2
2
1 610014675
1 488565220
2
2
1 820107124
1 118618460
1 272788321
1 378690375
1 534957547
1 207613299
1 10153159
1 397622335
2
1 783507912
1 117745843
1 147310452
2
1 154312350
2
2
1 458499678
1 682229671
1 185008195
1 978251960
1 555845434
2
2
1 373000483
1 570306804
1 581811026
1 305075562
2
2
2
1 587410262
2
1 175613826
2
1 184926050
1 646908638
1 915633624
1 253655825
1 431467012
1 515929912
1 351838677
1 732418682
1 345926989
2
1 183809009
1 695682205
1 817556417
1 476008545
2
1 204838742
1 884579492
2
1 869003564
1 950892780
1 704656989
2
1 328495858
2
2
1 123412404
1 18129457
2
1 670026068
1 998873059
2
2
2
1 580898038
2
1 180998826
1 753826662
1 861846287
2
1 974457355
1 537710995
2
1 650156883
2
1 716053330
2
1 173234945
1 346077517
2
2
1 268915816
2
2
1 28361682
1 888765763
2
1 480430861
1 163179317
1 258778280
1 935499276
2
1 631300783
2
1 619725846
2
1 346772670
1 495011706
2
2
1 395413297
2
1 828669393
1 686138392
1 50766807
1 755520045
2
2
1 235223532
1 43790373
2
2
1 643104611
2
2
1 252322508
1 168700786
1 132817614
2
1 622878978
2
2
1 314629165
1 689075376
1 848558032
2
1 236926518
2
1 974013098
2
1 147126847
1 86501665
1 838261811
1 917110008
2
1 451082971
1 784023571
2
1 545297706
1 857563914
2
1 790542316
1 113670343
1 186112360
2
1 205811168
1 617048943
2
1 440773487
1 786705672
1 315012175
1 25034321
1 506271974
2
1 39844758
2
1 745375791
1 330429795
1 577579494
2
1 906616625
1 191352929
1 815213133
2
2
2
2
1 693297350
1 3435850
1 177489915
1 571090402
1 157312108
2
2
1 114208970
1 372130151
1 87824031
1 354642179
2
2
2
2
2
1 995314698
1 973395314
2
1 638547322
2
1 412654562
1 858169934
2
1 358782274
1 325651019
2
1 226392730
1 27298347
1 184412050
2
1 879383643
1 686522028
1 620304320
1 610011889
2
1 211112022
1 278908595
1 869334305
2
2
1 166336848
1 281975076
2
2
1 651202035
2
1 873848246
2
1 209309974
1 231224602
1 191180725
1 108464425
1 298860779
1 90763672
2
1 761160662
1 854657115
1 269597428
1 826867126
1 381817972
2
1 804835619
1 779178541
2
2
1 57620705
1 338726609
1 495075374
1 615606542
1 27209032
1 448650022
1 925924697
2
2
1 333010428
1 116803815
1 241429955
1 86847058
2
1 18119297
2
2
1 617247160
1 198434215
1 401091123
1 611954038
1 673104083
1 544734795
2
2
1 213140821
1 176629102
1 163959320
2
2
1 862592747
2
1 362790609
2
2
2
1 12472134
2
2
1 458935329
1 75540667
2
1 800890006
1 929368669
