1000 600
1 115853040
1 60780533
1 874698570
1 91176560
1 897352430
1 811957092
2
1 973237832
2
2
1 550681101
1 458772831
2
2
1 354312495
2
1 245091428
1 524973670
1 547044350
2
1 932644869
2
2
1 630880606
1 763836435
1 945379595
2
1 538426414
1 62541701
1 802737434
1 645968112
2
2
1 647359589
1 631611913
1 618502366
1 69142943
2
2
1 760807437
1 560915751
1 511325807
1 844339406
2
1 290790370
1 17837010
1 120536366
1 40599139
1 431143761
1 502439814
1 809821615
2
2
2
1 31539717
1 21601561
1 767042792
1 835868345
1 722907612
1 401769211
1 28067509
2
2
1 800238174
2
1 372717527
1 696815332
1 907577828
2
1 61413739
1 247749122
1 989874250
2
1 975466102
1 162798724
1 792758233
1 945135990
1 606397925
1 674305714
1 550976282
1 168921090
2
1 9046502
1 148222859
1 877128646
1 276512305
1 981458601
1 211831257
1 169981713
1 668977500
1 266052560
2
2
1 584893582
2
1 41248303
1 977017930
1 406586326
1 633622987
1 895201597
1 771890129
1 982891
1 987100972
1 724822939
2
1 468776117
1 624294385
2
1 349828332
1 687247409
1 930462728
1 724591001
1 199098391
2
1 39581257
2
1 720386831
2
2
2
1 655859930
1 890935782
1 393978202
2
2
1 280659414
2
1 417660387
1 99267166
2
1 555644091
1 270452744
1 13649043
1 839032536
1 829334597
1 195155212
1 176201530
1 370575112
1 745573489
1 841050116
1 298589947
1 289867403
2
2
1 93502717
1 36281777
1 691391501
1 676147429
1 118906691
2
2
2
1 42494981
2
1 493460323
2
1 311587858
2
1 470813949
1 43721515
2
1 877412329
2
1 655404520
1 496668584
1 962744104
1 801147726
1 727732132
1 740870951
1 528034398
1 573617838
1 198088940
2
2
2
2
2
1 889382764
1 210459026
2
2
2
2
1 531752071
2
2
1 154620915
1 9213072
2
2
1 906815229
1 639352550
1 355984626
2
1 921696792
2
2
1 275417419
2
2
2
1 122728181
1 620476452
1 536257540
1 881610721
1 566701787
1 132915674
2
1 418697748
2
2
2
2
2
2
2
1 741514349
2
2
1 56045915
1 995811344
1 711236877
1 714996528
1 203932689
2
1 351661758
1 472432459
1 724499267
1 409480476
2
1 154666375
2
1 86342474
1 217157754
2
2
1 582036063
2
2
1 729390104
1 895893040
1 551805891
1 979329317
1 293296531
1 799760006
1 741315660
2
1 493329401
1 180667594
1 772016118
1 268619160
1 416490598
2
1 206556713
1 511597562
1 626522161
1 285647890
2
2
2
1 602079020
1 175493645
1 804233991
1 808785442
1 714140922
1 125113009
2
1 172961191
1 489563101
1 331048005
1 446466409
1 237105907
1 683297851
1 383703072
1 442996250
1 453431951
2
1 965909869
1 849974428
1 380920881
1 127659464
1 734541778
1 265746309
1 495191059
1 482617630
2
1 665120865
1 126230397
1 243873230
1 770315360
1 333886727
1 833241455
1 700091761
1 610568871
2
1 677829430
2
1 140033030
1 638337645
1 958744861
1 238950235
1 63476794
1 460329008
1 863254501
1 635539022
2
2
1 429993899
1 751253544
2
1 304883389
2
1 185191390
1 294111667
1 859152897
1 630158867
1 970172163
2
1 620449406
1 422165656
1 369805906
1 732390168
1 724975598
2
1 665717944
1 520725340
1 796839107
1 153274113
2
2
2
1 205597754
2
1 271561606
2
2
1 387717022
1 906581793
1 929948298
2
2
1 273225431
1 973170730
1 47357224
1 855660359
2
1 245526449
1 232622284
1 69793601
1 60318262
1 548064600
2
2
1 44926546
1 705692388
1 389578045
1 162291428
1 259011675
1 821128084
2
2
1 73507254
2
1 519458535
2
2
1 330483043
2
2
1 242380995
1 321123264
1 505223615
1 89096296
2
1 777162251
2
1 449755787
1 129498222
1 157412463
1 936444371
1 591643925
1 599430646
2
1 998750005
2
1 634586089
1 874544479
1 345280203
1 248895820
1 359565525
2
1 39460958
1 857825189
1 466157533
1 480436407
1 966995291
2
1 655110929
2
1 953225770
1 288096604
1 841115137
1 242252138
1 678456272
2
1 729737012
1 305182220
1 249953589
1 736193214
2
1 802987762
2
2
1 462201673
2
1 544700433
2
1 419765907
1 813976325
1 401531705
1 884621600
1 636063457
2
2
2
1 719903550
1 905270082
1 9927709
1 286377237
2
1 657164083
1 803012379
1 671606775
2
1 736054563
1 325265229
2
1 215535948
2
1 607066388
2
1 279871967
1 257956476
1 936339108
1 335036516
1 719840393
1 296436635
1 842716682
2
1 337326510
2
1 403721215
1 336497612
1 570704017
2
1 413330136
2
1 110360272
2
2
1 434516389
1 298418730
1 723690809
1 158710640
2
1 504076427
1 731697243
1 134789224
2
2
2
2
1 849983135
2
1 198300071
1 301412468
1 270298394
2
2
2
2
2
2
1 324911892
2
1 282415012
2
1 285320883
1 910556837
1 181566671
2
1 410563890
1 933180710
2
1 864544421
1 348006081
1 602026328
1 292819746
1 740110307
1 373630429
1 25461893
1 343127161
2
1 864439475
1 935501230
1 136820765
1 177585686
1 793620842
1 102022717
2
1 850697405
2
1 180663035
1 628940228
1 142259516
1 826089363
2
2
2
2
1 730959574
1 890562548
2
1 810439657
1 648937274
1 302884572
1 208521872
2
2
1 744202693
2
1 27407
2
1 33198589
2
1 55366447
1 791938243
1 829174736
1 411001738
1 311075878
2
2
1 241250229
1 301265444
2
1 840860616
1 153949296
2
2
1 926993539
1 518498372
2
2
2
1 6004734
2
1 620607166
2
1 909160669
1 74025337
1 584540656
1 272969924
1 44104232
2
1 370158621
1 466559552
1 860510543
1 803409043
1 665563880
2
2
1 864003340
2
1 663171004
1 811256659
1 641938266
2
1 117412302
1 931713693
1 604635101
1 191816150
1 195357855
1 739736018
2
2
1 593793133
1 747333998
1 420694068
1 888583480
1 250775276
2
2
1 561469961
2
1 286106946
2
1 493809178
2
1 765228014
2
2
2
1 1324962
1 599820126
1 583357136
1 412262666
2
2
1 401441192
1 76314395
1 521590427
1 683954076
1 249452281
2
2
2
2
2
2
1 302221781
1 615165171
1 626409860
1 395048648
1 123054081
2
2
2
1 670317837
2
1 187963523
1 878175129
1 939012441
2
2
1 224646048
1 914954519
1 235306049
1 774145132
2
1 725872337
2
1 747085890
1 244974418
1 798302460
1 52785294
1 920610243
2
1 584755735
1 400280442
2
1 286471271
1 444722176
1 363888958
2
2
2
2
1 694472947
1 990277417
2
1 192501395
1 523250138
2
1 65459085
2
1 735499667
2
2
1 182065739
1 556126454
1 661419589
1 53050087
1 215029421
1 646826844
1 191154373
2
1 106737164
1 390510078
1 515504368
1 732987852
2
2
1 205439222
1 681200505
2
2
2
2
1 209370112
1 26681655
1 365696624
1 781298544
1 413739104
1 620922559
2
1 688825112
1 202886423
1 695647411
1 805718492
2
1 889871298
1 50302583
1 12238783
1 417910866
2
2
2
1 220882426
1 283366635
1 940981742
1 420929595
1 608173953
2
2
1 241070511
1 896474417
2
1 310667542
2
2
1 332431449
1 853663566
2
1 311462373
1 954159253
1 294015239
1 804475394
1 570865986
1 106677204
2
1 533537374
1 264976306
1 272486811
1 394999627
1 325867049
1 229833154
1 206622973
1 646452371
1 430461629
1 532593198
1 343468099
1 239895160
1 148978462
2
2
2
2
2
1 995571999
1 637041995
1 129464860
2
2
1 109488275
2
2
1 261614574
1 274900106
1 256563497
1 894940379
1 622352728
1 908654679
1 6025247
1 975994205
1 459603000
2
1 588016503
1 860055354
1 39986770
1 322903321
1 528604651
1 898119637
1 874014860
1 711940512
1 687065328
1 368563808
1 459574985
1 876718129
1 52586811
1 898904032
2
2
1 442020210
1 688734401
1 470821019
2
1 678122295
1 534050998
1 960010891
1 541065552
2
2
1 172401709
2
1 393560340
1 284036936
2
1 71561694
1 554390604
2
2
1 186922979
1 129635446
1 815464596
1 284543919
2
2
1 109947875
1 499757150
1 282589954
1 286201590
2
1 874105051
1 704909664
1 445801361
2
1 129873196
2
1 128617792
1 265997025
1 952875024
1 659484831
2
1 417335245
2
2
1 393377313
1 225651479
1 397317805
2
2
2
1 53340677
1 737196163
2
2
2
2
1 413150144
2
2
1 843320971
2
1 552571215
1 91845517
2
2
1 873474123
2
1 223289874
1 294680451
1 561297638
1 884188955
2
1 242763716
2
2
2
1 539423748
1 723154728
2
2
2
1 456533655
2
1 495801994
2
1 110445190
1 557942860
1 140910801
1 157285432
1 652943598
2
2
2
1 908741891
2
1 307274754
2
1 307775702
1 573770820
1 645694486
1 101815280
2
1 451275053
2
1 93987068
1 876532800
1 96744580
2
1 811225889
2
1 746491511
1 367066613
1 832224599
1 94648695
1 993210281
2
1 857920462
2
2
1 503118585
2
1 735015684
2
2
2
2
1 34195861
1 37180205
1 399544601
2
1 309083156
1 838124899
1 861944371
2
1 988458615
2
1 63977399
1 247422738
1 284318544
1 531102398
1 374609698
1 827883536
2
1 153831244
1 994796436
2
1 851347738
2
1 60238757
1 405562612
1 15677835
2
2
2
1 673785074
2
1 787201995
2
1 485734541
1 951467611
2
2
2
2
1 628457357
1 176810214
1 122030390
1 15635968
1 357553722
2
1 434014828
2
1 315895785
1 322808978
1 477408981
2
2
1 686932397
1 193248208
1 511956754
1 901011873
2
1 721285870
1 350121081
2
2
1 58740454
1 551322510
1 322111458
1 263191135
1 353868254
2
2
2
1 73711168
1 936087678
1 25269637
1 395083352
2
2
1 425025348
2
1 859073688
1 70392258
2
1 269003546
2
1 165375451
1 100481835
1 182626829
1 118535343
2
2
1 844192736
1 407098148
1 189459128
2
1 248022374
