199900
199899
199898
199897
199896
199895
199894
199893
199892
199891
199890
199889
199888
199887
199886
199885
199884
199883
199882
199881
199880
199879
199878
199877
199876
199875
199874
199873
199872
199871
199870
199869
199868
199867
199866
199865
199864
199863
199862
199861
199860
199859
199858
199857
199856
199855
199854
199853
199852
199851
199850
199849
199848
199847
199846
199845
199844
199843
199842
199841
199840
199839
199838
199837
199836
199835
199834
199833
199832
199831
199830
199829
199828
199827
199826
199825
199824
199823
199822
199821
199820
199819
199818
199817
199816
199815
199814
199813
199812
199811
199810
199809
199808
199807
199806
199805
199804
199803
199802
199801
