100 64
-508895 5102788 -1628855 3907171 -6603147 3719737 -1698242 8263059 2432731 -8254176 -1566141 1490499 -3479385 -6884834 2357011 2741986 6835189 -4244801 -3547421 -5282838 -3724229 177264 2949850 -1351598 -8813085 1581312 -9194654 -2750591 991671 -7195975 279449 994309 -8252762 4794629 8265910 7731187 -9964463 -6493377 -4571155 -5568759 -4105120 504935 -2434003 4911656 1776262 -8660750 9070086 374303 3484410 2785838 4852079 -7766892 -3698877 7330900 149950 1092460 -5458561 -6377815 4302663 2510760 3110507 -679627 -1621787 5426705 -337854 -1241995 9433091 9234892 6173311 4476374 -6928331 9264600 8453297 5628560 -3439603 2565646 934608 -7977424 -7060628 2999494 9439298 -6802304 6510470 -5466376 -9195464 8702894 3816550 4730583 -4700084 -5492681 649395 -6671416 -7850106 2624871 -1671315 3363089 -2123136 5449770 -8020128 8384013
56 81
70 42
81 92
24 97
14 88
49 92
54 75
82 60
81 11
57 41
26 89
32 6
97 80
48 64
78 7
28 50
11 64
3 30
61 72
70 56
99 88
58 67
55 62
53 24
77 15
68 24
44 71
78 86
81 83
19 88
67 16
73 35
30 49
2 38
64 97
100 91
99 74
79 75
13 92
3 81
74 63
88 98
25 97
40 43
88 62
60 66
23 1
80 73
90 34
74 2
36 26
35 14
88 73
2 97
60 12
19 92
36 47
69 39
44 69
80 24
92 79
92 66
17 89
60 26
