100 128
-8404178 -2508905 7958432 3538734 -252604 -584599 7679459 6291701 5746638 5517204 1348205 3382889 4562829 -2742295 7334024 4681013 6614259 -5619716 -1684802 7811359 8815473 -61167 -6663387 2363461 -3139914 -5601430 5433872 6675932 1354680 4137061 -9811277 7570688 466960 -9796348 -3517063 -1329620 5369826 -7409200 7027937 -4864659 -8303776 -1456365 -8828659 -4654009 3095762 4242322 -3904242 -7762555 -2162777 3563106 1120186 -355268 5747015 -3621394 4425332 7021941 7671517 7351400 -5010400 6539761 -6409129 2162564 -5421150 459662 -4414117 2587062 -6293238 -3074103 -2033058 1291476 7594533 177234 -7146679 2544494 -230334 -9910397 -9923223 -6332708 6482379 -640572 1643808 2754488 -2830957 3486303 9696450 6608288 -9341748 5446780 4245946 -1690402 -9353984 -2251643 8651961 413161 527259 4354537 8594313 7206230 -8255031 9631281
95 1
56 15
21 47
93 5
100 20
41 39
33 67
23 35
58 95
80 41
89 17
61 19
93 85
72 5
51 45
46 25
31 82
99 13
81 36
20 52
44 63
81 24
82 36
5 47
57 37
53 45
36 46
89 60
40 52
21 61
7 78
57 28
81 67
17 11
62 50
54 19
13 82
59 26
37 26
41 56
82 10
88 78
44 80
92 6
5 24
20 64
74 20
50 14
41 49
85 78
18 32
78 31
73 98
42 60
40 48
94 63
61 55
31 98
20 63
24 35
38 8
18 14
18 81
76 30
31 28
68 70
84 23
64 49
47 41
98 87
52 33
20 41
44 79
48 88
48 61
1 15
50 76
5 1
47 92
13 100
60 96
8 49
44 3
84 41
83 65
79 14
20 27
98 41
60 15
1 36
57 47
76 56
74 60
47 68
72 31
99 51
19 56
27 43
59 58
75 14
8 88
84 76
70 14
38 18
49 38
69 62
79 52
4 49
45 90
41 47
98 49
56 55
23 27
63 16
76 2
97 81
22 67
99 54
71 8
80 92
73 49
75 25
39 1
23 38
26 98
22 75
73 8
63 82
