100 1024
817 329 139 347 754 988 908 108 311 858 124 -74 -80 968 16 418 -1 932 876 181 121 239 589 653 435 790 -19 936 624 132 1000 235 852 -29 149 867 550 111 915 48 3 660 266 587 911 11 963 702 155 901 -90 110 118 -35 859 52 -75 338 806 511 33 644 629 -47 120 528 775 249 114 -82 -38 16 -14 946 395 861 252 927 775 167 792 642 558 118 226 660 636 437 386 575 -71 930 271 119 413 410 927 156 298 763
29 95
79 96
71 79
59 73
18 93
96 33
100 67
59 16
38 5
14 51
91 92
87 35
47 51
35 20
65 98
47 87
74 94
18 72
60 22
73 16
24 33
50 56
28 46
69 84
53 19
42 77
62 22
81 72
48 67
49 73
72 28
90 68
88 83
79 47
78 60
4 46
31 93
65 26
5 16
5 75
38 8
84 6
59 100
77 76
94 10
21 16
24 89
10 81
4 92
49 90
66 61
40 44
32 91
1 23
20 37
41 9
56 48
66 2
69 29
22 95
17 93
9 99
30 6
15 61
20 36
12 59
26 94
98 92
78 9
62 56
8 13
7 83
55 52
46 85
25 61
36 21
50 86
71 37
4 86
70 8
46 84
44 8
88 70
5 92
85 23
45 8
10 85
47 23
16 27
39 52
69 56
60 6
80 79
75 3
96 25
78 50
57 23
42 61
60 29
73 43
21 47
9 71
98 42
69 54
91 11
89 79
47 27
75 99
82 80
55 36
37 45
68 32
16 59
83 58
59 63
64 34
73 31
97 43
68 95
46 97
39 7
91 2
21 11
64 62
69 12
35 62
96 47
54 97
89 7
2 38
24 79
73 59
84 65
85 52
73 60
31 30
10 6
28 53
72 87
16 91
65 13
70 74
30 9
97 90
1 12
14 28
68 91
35 24
84 71
42 20
27 51
32 55
47 93
99 27
48 85
38 68
82 18
96 82
21 78
15 85
76 18
21 24
67 100
58 44
13 15
86 70
83 51
33 67
7 52
9 83
63 27
100 99
83 57
24 11
91 5
5 24
42 70
51 91
44 39
1 72
61 6
50 4
55 93
96 56
65 48
48 60
74 13
35 44
70 95
69 46
33 32
1 75
90 30
34 65
22 25
25 27
46 76
100 86
65 24
40 72
15 36
8 88
91 55
44 97
2 60
19 5
53 94
58 100
3 14
31 55
1 39
18 38
29 9
23 86
3 81
34 40
39 95
61 51
53 57
42 6
63 21
47 72
23 55
40 62
94 84
73 76
26 24
84 16
28 9
43 14
87 2
85 50
16 41
32 74
56 25
41 85
25 5
100 85
69 63
67 30
9 54
100 29
4 60
84 49
97 17
29 45
57 72
34 14
40 16
61 25
6 80
13 16
86 82
97 47
72 90
94 47
36 8
15 72
9 46
76 75
7 80
55 49
2 78
74 31
25 21
90 96
11 70
34 71
93 70
42 49
70 17
81 43
6 43
39 14
76 38
31 5
43 45
62 95
49 10
47 67
27 74
1 86
10 64
44 80
78 5
36 31
33 59
4 59
5 1
85 64
35 65
44 27
48 50
79 17
32 42
9 38
74 25
97 76
46 16
43 41
8 100
12 81
74 88
1 73
89 34
35 57
36 59
82 51
27 54
90 14
97 25
52 84
83 52
75 53
100 56
20 17
35 49
9 21
40 1
91 59
38 39
84 2
82 36
33 75
7 74
1 74
76 91
80 90
17 58
78 77
46 51
42 41
99 14
55 69
34 49
66 52
25 7
9 73
33 81
10 46
56 16
66 26
47 25
62 71
44 100
62 8
18 50
93 39
32 87
98 8
83 64
78 25
45 58
51 16
34 73
39 84
63 85
76 10
13 75
21 93
55 18
7 35
41 61
3 18
14 11
88 38
76 17
2 40
31 62
43 92
10 74
17 31
67 82
70 86
46 90
31 29
57 64
46 80
91 29
60 48
75 12
55 32
92 26
96 48
95 59
90 92
71 24
70 69
75 33
94 32
17 69
29 84
98 11
73 3
95 37
51 17
55 66
92 31
99 32
83 56
12 15
40 43
85 4
58 76
38 35
42 78
98 57
90 47
82 19
31 32
19 21
24 77
64 27
25 99
46 48
8 81
55 30
63 50
51 92
30 4
39 60
32 5
41 90
3 30
11 81
57 12
27 28
27 96
83 38
51 67
79 14
55 77
96 79
7 42
63 24
62 9
99 24
68 56
74 76
88 53
92 67
74 79
39 32
62 64
93 2
39 13
36 27
81 78
9 69
60 39
2 80
14 49
44 22
82 53
58 28
64 37
19 41
43 2
32 64
58 56
28 62
68 38
33 38
34 99
91 56
54 7
54 41
31 14
50 78
37 6
85 78
15 46
37 55
81 24
51 6
82 44
16 74
100 43
32 29
31 41
66 35
93 47
18 25
21 90
59 23
61 63
50 84
20 88
51 36
71 39
83 35
50 77
21 23
44 87
37 70
30 61
70 3
98 48
25 33
41 36
67 86
3 73
72 99
54 96
32 3
49 2
72 60
43 66
17 20
53 39
15 98
15 50
20 2
85 31
92 48
4 53
60 1
9 65
18 31
10 3
73 48
68 85
83 5
48 13
9 43
33 99
34 97
43 87
92 53
41 63
30 27
67 71
41 44
89 48
92 4
82 30
6 34
13 66
16 9
99 6
20 46
39 54
19 100
95 18
46 62
34 92
99 53
77 55
43 94
22 8
32 18
76 62
34 47
13 52
63 76
25 37
84 83
96 24
52 62
75 13
9 41
87 13
58 14
23 90
100 78
51 26
24 94
49 4
51 38
43 26
11 32
47 43
99 91
77 38
90 25
33 73
64 85
94 2
1 58
76 98
72 47
67 49
74 95
35 92
57 59
34 29
27 18
75 17
21 96
35 73
92 76
60 45
15 19
49 85
11 40
8 11
33 11
79 34
28 22
64 28
76 15
75 66
4 89
76 3
17 86
6 24
9 62
22 51
41 31
98 23
2 30
68 13
50 95
95 44
22 44
76 34
89 98
58 42
98 24
94 71
38 95
70 100
88 1
43 74
16 5
88 80
21 44
56 2
23 32
7 61
49 8
38 21
92 81
58 83
22 20
53 76
68 9
9 56
60 9
20 40
28 70
94 33
93 82
50 42
65 7
13 61
74 30
53 47
24 23
67 16
23 47
13 27
86 68
18 94
100 50
61 65
23 87
76 25
68 54
20 81
36 48
93 84
17 61
65 19
57 86
83 98
11 68
52 97
4 62
51 29
14 16
78 39
76 24
55 33
70 40
4 2
33 66
77 81
47 31
26 82
8 42
70 28
100 34
98 19
14 89
38 18
45 30
43 9
9 44
24 54
69 28
9 37
61 70
70 96
37 30
13 89
95 77
12 32
63 97
92 70
81 22
40 56
61 37
76 43
59 93
23 1
74 11
29 88
71 29
75 31
51 20
92 34
84 17
29 55
68 55
29 38
68 93
27 68
69 9
68 40
51 50
34 53
89 43
98 73
2 46
55 29
88 91
34 69
53 29
69 34
23 89
13 48
32 66
96 42
28 10
55 34
47 83
100 62
12 14
41 65
3 7
16 42
72 66
73 20
2 53
77 20
67 28
49 39
67 63
37 31
85 13
20 50
57 84
94 48
41 14
86 75
12 53
71 15
61 13
99 2
59 99
36 91
55 8
80 83
63 47
75 94
16 29
81 14
49 50
60 99
31 13
24 84
51 4
10 66
36 84
51 31
86 6
42 35
24 20
51 79
35 59
13 56
20 31
89 45
86 37
29 85
34 82
21 26
57 25
45 78
6 81
24 18
77 56
23 78
9 29
37 43
11 19
61 82
73 40
42 34
34 41
50 82
31 3
57 1
13 10
61 57
59 61
4 41
3 10
61 14
33 91
61 58
11 80
5 21
7 34
66 24
53 16
21 68
58 46
32 46
96 94
76 96
95 73
68 21
62 31
42 19
76 45
48 80
99 100
87 98
76 54
4 31
27 11
23 51
17 87
81 95
68 86
17 63
69 62
63 45
27 12
25 36
34 22
30 11
48 15
74 40
67 7
91 65
87 66
59 55
76 61
51 23
78 88
22 37
64 91
39 96
39 82
86 56
76 44
91 54
13 46
21 49
30 74
23 22
14 35
89 1
19 99
32 100
28 78
80 77
5 17
92 72
99 89
86 91
37 99
81 1
71 10
42 12
52 98
31 11
61 4
29 52
72 20
79 62
22 99
56 33
29 37
38 88
93 10
68 67
87 43
55 24
83 90
86 74
73 69
21 89
69 31
93 86
20 4
47 76
68 33
86 50
13 24
34 44
37 40
6 3
54 12
9 3
2 81
16 6
61 92
52 96
6 59
16 46
20 68
43 76
39 6
77 48
99 68
70 67
3 98
21 7
80 4
24 31
14 62
53 27
23 56
27 56
69 71
34 58
92 37
96 23
79 74
71 83
89 80
23 33
58 63
48 74
57 45
60 55
100 70
4 74
39 57
2 50
72 10
91 70
20 25
42 21
20 56
7 48
4 39
61 91
68 97
80 92
24 47
68 10
13 81
72 34
95 53
80 9
85 82
71 32
18 90
14 67
72 88
3 99
20 67
27 36
100 28
5 23
61 28
92 25
4 17
17 19
37 32
46 72
8 94
58 74
75 4
30 39
93 73
53 97
94 64
78 62
98 32
49 11
99 58
92 10
54 17
83 99
31 46
75 62
97 57
16 22
27 99
23 79
79 49
82 65
98 44
68 18
62 65
22 21
61 75
71 2
44 9
11 10
33 21
24 13
5 11
24 51
2 44
12 50
34 79
22 46
11 95
49 96
17 62
35 8
26 58
6 42
56 81
92 20
53 91
74 96
