100 1414
-8971285 6636367 748666 2871391 907808 -8923191 -6820157 5898068 -2077830 -9625409 434116 9486006 -7669290 -5432933 4137869 7871579 -3492659 2865529 9366923 -3568600 -1298853 -8290435 -6066560 -9768951 1477680 -7848319 1769670 1490161 8733487 -8851180 8449093 -7962311 -4570859 -327770 -4342400 -8477525 -5484244 -4039160 615889 -2437038 4895311 -2454672 -3929655 6854337 6177613 7615969 4315168 2595364 5694575 4639337 -5630265 -2748467 -6636946 9774043 9328935 9939726 6061365 -4530589 5286124 8701582 8588342 -1530098 3313213 517020 -4716493 8207577 -4758962 9633757 -3296528 -4252251 8853118 8912203 6122422 -2367213 1742924 147354 813220 -3190347 -2229244 -5968578 926702 3823381 3235349 7400867 -5269957 -8612752 -8886806 8957045 -2840909 -2927389 -4892661 8095544 1820566 -2291105 8406552 6769818 -1608960 4305941 -1646505 8561569
37 44
42 69
37 57
5 49
6 63
40 46
26 36
74 77
12 49
48 82
41 62
14 91
49 59
7 86
4 43
76 86
54 78
19 49
67 82
3 10
38 57
58 93
40 79
52 99
51 66
62 63
51 58
3 5
27 100
11 82
33 50
1 27
1 100
22 97
11 12
58 86
34 86
20 54
32 90
2 35
11 89
42 51
19 43
43 55
23 64
41 78
25 85
20 89
29 33
72 97
11 28
30 58
76 84
21 79
15 41
22 55
1 45
2 92
5 97
74 89
73 82
76 92
59 80
41 52
20 35
26 40
4 93
21 58
37 90
17 52
74 79
11 75
55 98
54 90
56 57
33 88
24 68
68 99
31 64
61 90
34 90
59 88
67 99
36 52
50 56
35 36
17 44
49 92
33 87
80 88
35 43
46 59
12 74
4 45
1 39
23 69
7 67
1 26
86 88
62 77
12 84
4 52
77 88
8 38
72 76
22 77
19 82
1 7
22 84
8 77
16 71
18 27
14 56
7 26
44 49
64 77
41 71
12 100
87 98
55 70
44 56
76 88
21 74
5 75
37 88
24 36
53 67
11 97
30 63
1 12
15 55
68 70
33 49
70 76
43 82
13 75
66 67
10 74
55 81
34 70
45 97
52 93
50 72
74 88
37 64
20 26
31 70
32 71
6 77
42 95
28 88
11 27
22 45
37 54
6 37
74 76
25 69
19 37
31 66
52 62
12 58
58 98
50 88
11 15
69 86
80 92
47 66
20 56
56 89
49 98
19 38
26 86
34 91
5 99
32 72
34 53
25 37
20 42
86 97
27 77
81 82
54 84
3 39
4 23
12 29
37 82
9 32
74 84
70 91
15 82
14 82
65 84
35 69
2 75
6 22
39 95
18 88
28 30
34 39
29 84
56 93
78 93
11 85
45 94
2 64
33 62
2 48
29 73
43 73
24 56
17 95
27 34
34 51
1 20
7 80
47 84
21 63
51 67
12 62
26 41
35 38
28 29
41 95
89 96
7 14
30 90
30 42
10 53
81 99
6 13
59 99
26 87
76 100
36 78
15 56
17 66
34 94
45 65
61 80
13 55
65 93
43 50
18 20
80 87
27 82
13 64
14 77
8 93
16 87
8 84
63 94
34 48
24 79
33 86
9 25
43 95
11 16
63 65
87 93
30 51
83 90
85 93
34 74
71 93
83 84
57 66
19 31
11 17
14 92
19 29
31 100
33 64
61 93
14 85
34 66
48 52
23 48
47 92
26 30
54 60
47 70
14 26
21 36
38 61
57 79
40 78
32 37
73 89
27 57
22 90
37 45
36 55
4 17
12 37
32 66
15 39
23 96
60 97
21 65
9 48
48 49
7 19
26 95
73 75
51 72
21 50
25 43
10 44
51 60
36 65
33 40
67 84
25 32
44 68
52 77
29 98
39 71
52 95
6 55
32 50
57 86
44 55
33 84
87 94
40 98
17 43
64 84
8 48
45 64
5 90
16 80
33 58
43 69
77 96
4 20
50 100
34 98
97 98
64 99
58 84
70 94
58 97
3 12
65 68
17 96
44 81
22 23
27 95
17 34
14 45
53 100
36 50
36 87
82 85
46 49
30 86
19 24
73 85
5 70
92 97
68 92
71 77
2 23
6 41
32 77
21 64
25 35
11 50
66 86
23 36
19 55
16 60
87 100
2 32
15 21
85 87
33 60
8 26
20 62
44 72
53 65
12 80
21 80
27 80
44 69
21 71
29 35
34 42
22 99
46 95
19 65
14 27
1 65
14 36
38 47
13 56
14 43
35 40
4 60
69 74
51 79
8 66
16 50
20 66
37 71
25 82
75 92
5 93
59 66
69 73
21 38
23 73
15 72
37 81
6 75
31 93
1 49
1 2
2 17
12 66
43 58
92 95
52 91
16 79
5 30
33 70
16 83
4 73
82 89
22 42
57 61
11 21
68 100
25 89
58 71
34 72
1 53
6 64
32 75
3 35
20 32
36 94
42 99
50 57
3 31
38 85
17 45
2 50
62 76
40 45
16 66
64 89
6 30
60 63
2 9
25 44
29 72
64 95
38 63
21 92
10 42
58 70
53 56
46 48
22 83
3 26
18 48
80 98
26 85
54 61
5 56
44 52
78 96
91 100
56 82
10 11
66 85
46 70
45 92
6 86
58 96
13 42
34 82
17 48
31 97
41 100
20 25
14 46
18 74
55 80
40 100
28 44
17 39
48 96
71 92
45 87
86 96
3 71
3 16
73 80
58 79
4 13
67 87
4 61
18 23
48 56
34 95
55 77
37 92
38 53
3 53
3 73
53 57
34 68
25 42
13 22
16 27
6 81
28 98
11 67
23 78
58 88
46 65
30 62
18 62
8 72
37 72
46 62
23 67
12 60
65 91
18 54
43 77
28 47
39 47
63 83
1 11
1 68
6 99
5 20
75 85
8 11
77 97
81 98
17 81
1 16
15 30
61 95
19 32
56 68
50 53
29 61
49 81
13 79
61 74
30 85
21 49
77 79
13 52
9 52
13 96
84 90
15 32
26 64
7 94
64 76
3 69
69 81
14 35
47 90
70 92
38 44
18 99
43 92
76 98
76 97
66 82
11 37
85 98
13 85
10 92
27 66
53 81
5 48
33 43
60 79
55 84
79 84
14 32
38 56
23 97
38 46
5 12
17 57
43 66
6 25
41 79
58 76
11 54
44 91
53 78
43 46
42 81
1 78
67 77
82 91
32 70
51 90
63 76
14 65
43 57
21 70
53 73
35 100
42 79
73 78
19 33
51 57
10 17
33 90
34 88
6 67
4 88
48 86
24 84
3 30
49 94
4 29
14 40
21 78
10 82
39 88
61 65
79 93
34 54
2 49
3 44
19 62
62 90
51 63
3 32
53 76
16 37
23 58
80 93
32 85
1 22
38 86
44 79
32 35
28 77
12 65
78 97
23 24
29 51
21 84
32 65
12 36
49 54
68 98
50 51
25 38
36 73
36 61
33 98
70 89
10 77
57 72
78 80
2 58
20 40
59 89
22 71
13 37
64 86
59 91
65 86
59 65
91 98
75 81
2 18
64 81
32 40
16 62
3 25
75 97
30 80
66 92
39 62
49 62
67 68
16 30
8 34
5 62
56 87
35 85
68 95
25 65
21 53
83 99
70 75
91 97
26 74
68 79
30 75
3 55
18 24
29 63
21 77
57 99
13 92
13 31
70 99
25 68
8 68
19 51
48 61
72 79
36 41
28 32
16 55
10 66
10 52
7 54
23 30
29 60
39 92
6 44
52 71
29 59
72 75
26 68
14 88
93 95
73 91
20 27
36 81
11 32
30 67
5 74
10 65
46 96
57 76
21 35
47 86
79 98
50 64
39 49
9 50
55 79
79 100
18 57
10 49
4 85
42 90
6 51
2 6
51 95
37 76
30 98
62 66
57 88
46 81
29 70
13 87
16 64
11 69
28 59
7 9
75 93
31 33
18 22
23 66
52 88
19 94
23 55
35 42
35 44
11 83
26 92
2 65
25 71
76 95
12 85
11 13
4 8
47 59
74 96
57 64
28 35
23 40
63 98
45 67
25 62
10 94
13 63
83 85
25 67
22 50
42 49
15 74
41 53
46 74
62 100
67 94
49 69
13 91
8 64
21 61
42 68
37 97
1 55
13 90
10 54
59 73
53 61
8 86
1 28
11 81
63 92
26 97
55 68
39 80
3 19
10 16
65 88
66 90
23 29
63 70
5 88
12 22
74 86
25 87
23 81
14 100
3 83
44 66
22 80
37 63
20 59
27 76
17 35
47 48
12 46
17 40
10 29
8 80
41 67
13 51
38 95
16 85
39 99
3 100
62 85
16 57
16 26
21 91
69 79
24 40
35 51
32 88
66 97
73 90
3 81
32 52
41 57
1 63
19 53
28 54
26 81
57 89
43 74
3 60
52 94
47 60
40 93
60 61
11 80
38 73
7 90
26 90
6 53
23 28
25 88
15 94
63 67
59 71
13 28
27 97
1 23
13 30
10 60
52 59
6 97
6 36
2 4
16 35
38 88
3 7
44 67
18 81
23 32
49 64
23 27
73 79
35 56
33 35
23 53
4 83
31 87
58 91
77 99
5 7
75 96
47 91
36 42
27 39
49 66
35 57
48 79
77 91
1 32
28 87
45 81
9 71
40 95
13 68
41 73
36 66
4 28
6 43
24 63
19 25
32 73
50 97
44 63
81 92
30 50
44 95
25 84
35 89
32 56
47 74
13 78
72 82
12 48
41 87
25 96
55 62
62 89
20 48
30 92
3 96
30 77
53 69
14 83
30 32
15 24
48 74
22 39
66 95
31 95
62 87
53 66
31 90
84 88
27 64
66 93
25 78
62 98
41 58
43 80
56 77
20 71
74 94
13 39
36 96
90 100
6 65
21 66
34 50
16 100
47 65
38 78
43 100
41 93
42 73
5 10
26 71
40 83
1 35
40 41
63 93
26 59
46 93
13 62
41 83
49 87
59 84
34 55
37 56
74 85
84 100
13 77
1 90
71 89
68 78
19 71
18 95
13 32
35 90
46 94
6 89
25 75
24 72
99 100
46 57
48 59
44 57
45 49
8 22
49 52
16 69
32 44
63 99
3 61
12 75
10 36
61 72
34 40
19 42
27 69
38 75
6 93
51 100
35 61
75 83
78 87
48 65
40 85
8 55
54 99
46 67
10 76
39 55
40 84
84 93
54 83
85 97
22 54
37 100
16 53
53 59
32 46
12 51
69 78
11 31
8 39
38 41
21 48
7 96
55 83
15 97
36 80
65 83
8 20
5 60
15 29
42 76
25 91
17 41
48 88
68 89
13 59
11 100
21 39
1 73
43 88
3 90
24 75
27 86
13 60
32 54
31 59
97 100
61 96
18 89
4 37
45 59
11 71
20 82
50 78
53 68
22 73
52 81
49 73
27 98
48 75
61 71
1 89
58 100
41 85
59 64
14 24
6 49
78 83
72 94
78 88
13 88
13 94
23 88
19 21
15 27
14 70
22 24
83 92
32 96
47 82
6 19
54 98
9 92
9 84
28 86
41 44
17 20
49 99
44 87
2 100
7 35
59 70
35 41
26 49
12 18
17 62
24 49
38 51
4 47
3 57
34 73
43 72
2 27
18 56
44 75
17 28
77 84
11 86
3 14
39 100
79 80
30 79
12 34
18 33
11 56
11 24
18 82
78 91
51 52
40 63
15 40
1 62
14 20
9 13
11 90
66 75
39 53
43 60
24 30
15 34
29 90
43 62
30 39
43 59
31 68
46 75
20 61
15 48
25 60
84 92
19 89
18 97
50 71
17 19
21 86
62 75
34 100
12 47
14 84
3 18
26 45
65 76
42 63
46 80
40 44
7 52
77 87
59 90
67 81
6 18
5 89
38 68
17 94
48 98
34 38
33 89
30 61
70 72
49 51
1 96
12 56
45 70
28 97
69 75
64 93
24 89
38 76
1 64
39 48
12 32
13 93
33 77
38 92
43 93
24 29
7 30
79 83
3 23
52 79
2 78
52 68
67 78
53 87
68 97
42 78
32 51
43 56
26 98
45 56
49 88
17 74
51 81
22 75
4 39
86 93
54 75
32 67
59 96
19 73
49 70
10 22
2 79
15 95
75 98
8 88
57 92
46 72
17 87
9 95
43 78
34 75
72 98
17 21
87 96
13 82
85 96
61 69
23 43
24 80
12 64
65 98
81 94
14 19
12 61
56 88
46 64
16 40
53 96
38 83
8 16
7 64
17 49
57 70
43 48
1 85
5 77
27 84
41 68
26 84
3 80
57 95
17 92
21 68
3 79
38 99
9 21
17 58
30 52
18 69
36 38
46 71
38 58
81 87
37 77
5 29
2 19
43 45
83 93
42 96
57 78
11 25
12 26
38 80
1 43
38 97
31 61
92 98
19 58
76 87
1 71
65 81
10 98
48 50
29 37
36 74
17 25
44 73
22 41
14 30
40 88
30 66
68 88
39 40
33 76
48 77
3 63
18 39
15 49
83 91
10 34
2 43
3 43
38 55
50 79
7 76
12 13
19 84
17 69
21 88
11 49
73 87
33 78
63 97
15 64
5 83
33 96
4 34
7 88
22 43
8 96
7 43
79 81
36 93
1 83
21 54
52 64
25 64
23 46
39 65
9 63
14 52
7 44
4 81
30 96
2 29
29 39
31 78
13 14
25 28
63 77
28 75
4 74
42 93
95 99
92 100
36 83
16 17
38 62
61 89
81 93
46 88
13 29
3 41
14 33
57 59
12 42
72 88
8 60
9 81
7 74
7 61
36 43
38 40
10 73
4 91
7 81
48 55
30 57
53 70
71 74
19 93
15 88
19 63
1 14
54 95
16 90
