98 200
4533761 -990419 -2340340 6144452 4863038 6723941 7177217 -889475 3028384 5592053 -4802038 1396971 1019954 3991592 -3861446 6801583 -954213 5188331 1040389 5257025 3115442 3962705 5297053 1584875 1921076 4474768 321736 -2505491 -4243483 -4022135 5490406 -3345688 -2166521 3883276 399426 -4932584 1416089 9030070 2422450 647270 1641379 3203628 4497211 8377710 6651330 -2752667 -1103858 -2670292 1151413 8212257 -3106075 2488967 1108768 873165 -1603236 -3942323 6436118 -3093212 -857109 -2988731 560953 5082208 -4919520 2727828 -371023 4245736 8940723 -879088 1371658 -1557685 9057752 5637244 1389240 7764228 1728488 5219796 3038228 -4058578 9692387 -2596835 6894384 8526660 6359306 3392040 -2813057 3809967 8208938 -1230745 5865099 7058434 3412881 1049012 -2671495 -4197320 -241796 3203508 3051402 -1919877
70 97
14 45
20 26
13 36
37 56
87 96
14 79
8 70
12 15
15 55
39 71
29 90
2 53
12 81
28 83
18 69
5 54
36 65
12 55
66 98
27 72
16 66
8 66
28 45
12 36
17 80
72 77
29 52
16 80
35 74
23 55
3 42
41 87
51 71
41 88
15 78
36 42
37 79
68 84
28 51
19 41
20 96
8 28
24 70
18 30
13 24
25 87
44 96
19 24
13 54
26 54
57 65
54 59
3 80
24 96
29 65
16 86
16 91
66 88
24 42
80 86
64 89
32 87
90 91
44 52
21 66
32 37
7 35
43 46
8 18
25 44
2 39
54 91
62 72
19 47
12 94
9 65
23 65
11 88
54 60
48 82
26 87
19 39
17 65
46 65
6 14
9 45
84 91
27 50
9 81
42 89
35 96
6 17
22 72
1 2
64 75
57 96
27 36
41 96
40 83
3 63
8 94
26 49
28 88
67 92
11 49
40 77
8 17
68 76
65 98
3 82
15 30
21 42
47 70
24 88
20 56
7 66
35 42
15 76
44 92
6 16
10 94
50 90
25 74
6 33
21 39
51 53
48 84
9 41
31 41
42 81
61 89
14 95
23 31
28 52
51 97
41 48
42 85
48 72
31 84
27 64
16 98
25 78
49 54
39 46
14 39
44 75
4 14
16 79
26 82
11 39
66 96
66 89
38 65
13 44
5 26
20 86
15 23
29 84
35 69
8 88
46 88
19 53
65 97
28 95
32 75
11 59
8 71
56 63
1 80
21 71
86 96
56 77
5 81
33 45
30 87
6 11
12 66
51 93
24 34
16 85
17 39
7 65
59 79
5 91
51 75
46 50
5 30
5 46
4 59
8 42
36 91
25 76
51 54
4 88
92 96
73 79
34 59
3 22
32 40
