99 2024
-2842607 7104122 6216 5998874 6147844 -4002358 -2764799 5190678 -1324704 3082694 -2777766 4173751 951304 -2306991 853549 -3135795 6926171 -1041599 3007879 6859615 5049161 6546589 6147795 -662413 -3856866 3013606 304197 -1487330 827144 2705556 5517119 3564030 9261371 -4664505 6158568 2138219 9833577 5724316 9258374 -3562611 644906 901330 -1901322 5890207 3514751 2478544 6669129 1298582 -2077581 6982238 7868368 2143976 8105498 -49434 1389125 8838054 -3064516 9056821 -1328029 3161487 -1359826 9872326 -3981029 9318912 1555377 5523498 3811201 5979940 7122859 4491638 6888612 2797194 581090 220008 4690624 -4412180 7631066 924878 -4927779 1844632 -1264952 6770343 1809423 -3495773 -3371737 3135910 7702640 8534304 160309 9673278 9434247 -2597127 4556295 367680 5917936 532303 6823781 -1319225 -3277573
40 83
26 90
55 92
67 93
58 91
45 57
50 75
54 78
25 81
2 6
17 35
17 36
20 65
38 84
8 51
25 37
44 70
35 90
73 76
27 92
4 32
40 62
7 37
10 48
3 40
46 71
54 91
4 38
75 99
81 88
53 54
46 55
11 15
40 84
64 87
62 88
8 82
14 62
52 69
53 61
40 93
9 74
60 64
43 97
33 86
29 43
15 92
60 80
43 82
13 30
38 99
70 73
30 81
24 41
2 69
54 98
41 90
5 79
39 70
16 35
13 55
22 58
29 67
55 72
12 32
43 90
13 97
19 82
25 62
80 86
60 61
45 67
4 37
60 96
12 57
35 57
28 50
7 9
5 30
58 90
12 65
37 62
60 73
19 50
6 75
12 13
48 91
57 85
49 78
49 73
44 45
39 96
20 81
69 98
77 98
41 71
3 37
56 67
69 77
4 11
40 82
59 70
41 46
63 81
48 51
18 66
31 49
37 92
10 47
54 83
7 93
47 61
51 77
13 39
35 70
26 55
30 90
61 67
25 53
6 90
10 73
39 95
47 76
55 81
1 35
11 63
94 97
81 96
31 63
17 66
7 15
63 82
34 51
13 63
40 96
8 49
33 76
14 21
27 39
25 32
47 81
57 88
21 83
77 82
21 71
38 44
65 78
59 63
36 41
43 56
67 84
42 65
13 83
15 32
33 63
52 63
37 56
18 47
93 97
55 74
56 69
78 98
21 43
71 85
4 17
43 68
61 97
25 85
27 79
63 79
64 73
96 99
14 92
67 76
23 75
52 85
51 55
9 27
36 51
85 98
10 61
22 44
32 50
21 67
39 97
4 65
28 47
53 97
67 75
11 13
25 52
37 51
11 34
67 70
22 87
6 16
7 74
31 99
5 34
5 31
45 86
76 78
30 96
21 97
71 92
41 91
33 53
26 93
30 73
18 86
58 62
12 81
47 71
34 75
20 50
26 61
3 22
3 29
1 45
60 78
74 77
39 89
41 54
74 79
23 99
21 51
48 62
63 99
4 47
16 75
20 66
13 32
12 19
63 71
18 35
13 89
45 56
3 89
25 68
20 61
83 85
19 39
18 53
13 90
79 94
1 64
48 89
61 80
19 29
44 77
45 77
65 70
42 98
89 97
2 73
26 49
28 64
58 64
86 89
23 96
11 92
13 66
37 86
55 66
13 94
1 18
54 93
4 27
2 7
51 58
14 87
15 96
60 93
31 40
9 49
38 49
8 80
30 84
49 77
19 67
35 72
34 55
53 70
9 35
61 94
77 95
30 36
97 99
13 58
20 90
82 96
33 67
71 72
34 72
27 47
2 70
17 72
47 64
35 80
51 76
95 96
16 49
7 79
74 98
90 94
42 62
32 35
43 98
37 40
50 86
26 48
32 94
43 74
26 57
12 97
54 69
24 80
30 31
39 62
18 52
3 82
36 54
62 71
19 55
16 37
34 63
31 95
63 73
14 61
88 97
41 68
13 84
52 56
26 81
16 72
43 77
16 23
30 48
7 57
3 24
10 86
41 81
46 90
26 52
45 48
21 64
9 69
19 93
60 71
52 94
51 98
19 65
1 19
25 74
38 41
22 29
31 54
18 31
33 98
25 47
18 89
55 94
45 82
37 85
62 84
17 18
8 32
79 83
7 85
83 84
23 44
29 95
15 28
6 51
2 22
1 9
46 74
63 96
19 68
10 27
58 70
69 73
5 66
72 88
67 86
71 80
23 47
13 52
47 79
27 83
9 53
24 60
47 87
36 98
15 82
39 58
48 58
42 99
26 67
56 97
7 53
50 58
5 8
60 85
33 99
85 99
42 50
4 46
20 87
14 39
3 93
50 63
50 64
37 88
58 61
10 44
15 26
4 40
19 78
66 74
6 50
42 85
63 86
20 40
21 68
23 33
11 22
22 61
7 95
9 40
2 30
14 93
67 82
55 90
3 19
19 58
23 71
31 94
41 62
4 93
51 65
59 79
70 71
21 75
35 38
49 88
30 53
15 38
29 34
37 60
43 75
15 27
8 34
32 55
31 80
33 97
25 31
62 94
48 52
6 96
41 97
80 87
19 53
10 52
16 84
1 14
49 83
38 91
3 28
91 94
42 82
80 96
40 68
87 95
15 54
28 44
10 56
86 97
42 49
43 89
58 60
2 99
1 70
27 33
49 64
3 25
2 15
61 86
42 56
67 97
11 37
53 89
20 33
21 40
46 91
44 88
3 33
14 32
21 76
30 34
37 79
64 92
30 89
11 46
37 82
1 97
57 97
84 91
36 77
27 29
33 45
45 50
38 51
74 78
69 74
6 69
4 25
21 45
64 76
94 99
14 97
44 56
3 49
31 35
42 64
44 95
6 15
63 83
26 27
25 93
67 92
3 56
56 86
27 72
66 93
33 71
26 91
25 34
5 68
72 97
16 17
30 69
52 70
13 40
66 87
3 90
1 48
65 73
15 49
5 36
5 26
11 91
47 49
4 84
38 75
13 16
1 39
8 50
61 81
44 76
18 48
20 24
3 79
72 94
34 46
27 80
65 72
5 95
35 49
88 96
25 66
17 49
47 52
9 57
12 69
17 94
51 68
16 55
60 87
76 93
6 99
7 41
5 20
6 43
35 53
24 92
36 49
73 85
22 25
18 54
7 69
23 98
61 92
25 73
57 63
26 44
20 92
85 95
40 69
84 85
48 85
19 91
25 40
46 53
36 73
74 94
22 33
14 77
31 47
76 91
37 50
12 82
70 72
49 81
44 50
34 48
65 80
6 13
12 20
1 36
5 87
7 46
36 87
57 80
23 95
28 96
6 87
28 86
6 46
7 27
10 33
25 48
34 79
72 96
13 62
43 55
18 63
64 90
12 40
13 19
60 63
48 57
39 65
50 66
53 98
46 50
63 77
64 84
10 19
53 74
3 12
6 20
48 63
45 59
31 42
32 40
23 65
2 82
48 55
87 93
29 52
50 80
9 85
7 55
23 45
28 98
69 91
38 50
45 95
25 27
53 80
39 82
48 78
57 59
4 80
38 55
17 48
50 73
46 76
2 8
39 43
17 29
36 52
31 32
6 95
50 78
41 85
25 78
8 24
28 81
10 60
11 70
39 66
21 25
18 73
23 43
7 21
22 31
21 30
22 79
62 87
64 95
52 73
43 67
21 65
8 83
78 86
21 49
74 97
52 60
64 70
14 58
17 47
35 52
22 81
63 78
8 96
36 93
49 90
2 76
64 91
44 93
19 61
50 79
35 48
18 43
14 41
55 80
4 24
49 82
13 18
15 48
35 96
58 66
64 81
15 59
31 84
21 91
82 84
65 76
66 94
11 72
10 93
35 63
9 63
32 43
87 99
3 74
33 58
54 99
8 54
83 96
59 93
45 55
71 97
19 48
2 34
32 87
57 62
12 77
7 28
48 69
4 88
2 71
33 87
49 96
18 58
24 78
7 52
55 57
16 97
37 74
1 31
3 18
3 45
54 92
27 51
16 24
16 47
19 92
6 9
8 38
65 75
16 71
16 26
63 72
21 47
67 77
22 60
73 92
29 46
23 48
58 78
36 86
29 49
11 48
77 93
23 54
26 60
92 94
54 94
28 39
12 18
44 62
36 96
16 57
19 37
80 95
81 82
5 89
31 70
33 77
85 92
53 57
66 72
35 97
5 92
26 58
2 85
20 41
56 81
21 70
16 52
38 58
53 92
24 31
54 64
70 85
20 53
2 20
39 68
25 58
2 14
62 79
64 83
31 77
17 95
21 41
16 22
4 72
42 86
64 68
52 88
29 30
33 73
72 73
35 62
9 47
35 81
29 76
59 60
22 91
4 43
56 83
24 77
8 61
77 87
65 69
77 78
46 61
42 51
50 52
2 52
4 89
8 68
23 40
42 97
29 74
43 57
84 90
7 39
40 48
24 98
58 98
17 38
28 71
67 81
82 88
66 91
22 67
47 72
43 76
12 28
60 74
50 68
23 73
14 40
9 56
9 41
51 85
18 82
3 98
4 74
69 82
38 81
28 66
34 59
3 58
19 38
16 50
9 65
18 90
13 45
28 75
15 52
20 22
77 91
44 89
3 34
81 91
4 66
8 77
25 44
41 45
20 38
14 52
30 83
5 56
27 96
10 79
37 58
64 78
11 18
16 70
31 46
39 80
14 94
20 74
43 94
24 59
18 91
72 80
10 46
12 21
20 98
16 30
57 86
6 29
1 78
5 74
12 67
24 39
36 64
30 50
63 66
23 74
36 48
41 89
22 45
35 61
50 70
71 95
4 70
17 21
43 46
13 47
4 42
23 79
55 67
27 94
67 83
83 94
27 35
61 79
31 92
3 17
35 39
39 53
34 96
52 77
2 68
27 70
32 46
46 94
8 45
26 66
10 23
18 55
24 68
68 76
18 24
2 24
47 67
59 84
30 40
9 86
75 84
32 79
3 57
8 70
47 58
58 85
41 57
52 55
35 50
20 21
48 92
43 80
12 56
11 58
48 66
44 75
6 55
24 75
25 92
16 95
2 10
76 77
81 86
17 80
29 33
50 85
59 82
19 64
80 85
26 76
6 84
39 41
5 67
87 90
15 51
54 59
8 17
7 92
28 37
45 53
43 85
45 94
28 70
28 40
36 89
63 88
62 98
31 38
65 94
16 80
17 75
27 45
56 85
8 20
42 70
15 44
81 95
19 77
24 89
69 70
32 85
19 32
93 99
4 26
29 91
48 75
9 55
19 86
9 71
3 10
11 26
16 43
92 98
71 90
68 69
53 83
56 98
77 79
32 33
23 72
35 58
59 78
7 84
15 72
14 72
32 42
23 63
17 93
9 98
20 25
19 35
26 79
52 89
47 48
24 40
16 39
18 50
11 29
7 34
81 93
5 43
16 85
1 75
23 37
38 46
66 90
1 41
22 88
34 81
10 72
82 97
7 77
9 15
53 59
55 58
26 71
42 53
51 54
73 83
9 76
27 43
14 99
56 61
13 80
29 38
59 65
36 45
60 81
58 83
64 98
36 37
20 27
55 85
44 84
28 45
80 82
13 33
27 42
10 87
7 19
51 87
31 76
55 82
70 79
9 92
22 57
48 86
78 88
29 42
54 73
21 53
41 94
60 66
66 68
40 47
28 72
8 10
56 88
32 45
57 69
1 53
40 89
54 75
1 96
44 87
7 81
60 72
21 62
18 84
30 99
17 91
33 65
36 56
69 86
10 62
29 53
38 70
5 63
19 98
7 50
57 93
60 62
20 35
70 93
50 99
55 76
16 66
18 42
11 75
1 85
27 86
9 83
17 97
27 85
40 49
6 80
33 61
25 69
26 38
29 40
28 74
33 92
82 92
12 78
27 71
70 91
14 78
33 51
22 35
53 69
67 71
62 73
1 71
30 44
28 48
56 57
84 97
28 59
83 92
43 47
51 71
84 88
27 76
20 42
2 47
50 67
11 27
58 74
40 43
55 64
38 45
65 74
23 83
10 84
6 85
39 74
46 51
39 69
19 40
3 55
25 99
61 82
32 76
54 62
2 41
34 99
15 64
3 81
82 83
56 92
33 75
10 32
10 51
10 76
27 65
35 36
29 41
30 91
18 69
51 82
4 99
12 95
55 62
46 57
19 62
48 60
22 51
1 86
14 44
8 62
5 22
2 57
9 54
23 31
44 59
48 98
46 52
10 95
58 93
64 67
12 63
80 83
24 33
61 73
68 80
66 99
22 70
55 95
36 92
2 91
90 97
59 87
72 86
59 91
52 96
24 47
73 96
43 84
3 69
58 69
15 24
20 67
15 73
3 31
55 87
45 61
16 98
51 78
26 46
51 61
62 89
89 98
62 81
30 74
7 63
44 65
8 27
34 37
73 97
56 68
21 93
3 84
58 87
46 87
68 77
23 66
5 6
33 66
62 68
35 51
24 46
13 65
44 83
2 21
41 87
32 95
47 85
40 70
46 58
17 60
2 78
6 76
68 96
24 53
37 45
29 57
13 46
12 31
45 85
37 69
63 92
56 71
12 94
40 64
5 39
57 67
49 69
42 74
26 63
50 74
78 87
38 76
7 40
12 51
69 71
10 35
3 72
9 73
11 41
38 57
3 62
72 99
40 71
9 95
12 75
12 98
35 55
81 87
1 34
91 99
53 90
67 98
24 30
58 79
79 80
77 96
28 95
75 91
18 70
14 22
10 31
52 68
65 95
19 71
43 49
30 60
25 83
41 88
24 55
6 89
29 99
71 86
39 98
17 63
11 71
38 61
7 18
14 19
20 47
10 92
10 82
31 53
67 95
12 76
6 33
71 88
26 43
36 63
38 77
31 89
78 89
49 60
11 28
56 78
47 53
13 75
16 77
22 80
14 47
31 52
45 90
1 2
10 65
14 45
50 65
21 90
22 42
5 60
17 67
49 99
11 45
60 94
44 94
23 87
75 94
44 85
19 41
4 53
64 86
18 36
51 63
25 95
57 72
14 48
26 73
14 31
35 42
5 32
91 96
9 36
23 32
1 32
13 68
39 67
50 98
70 84
35 91
22 97
60 92
46 75
11 17
72 77
58 99
17 70
34 58
46 81
5 24
3 44
42 75
18 27
11 84
57 74
43 53
14 15
68 95
68 71
37 70
16 61
21 66
53 71
17 88
58 73
34 61
5 35
38 40
13 67
80 84
18 30
20 77
60 76
37 46
39 45
9 62
81 89
12 35
94 95
40 73
18 61
26 94
26 62
52 76
45 70
16 28
46 92
20 78
42 84
12 93
27 36
39 40
58 95
61 64
46 88
63 64
82 89
62 70
40 80
15 70
17 85
27 77
55 75
8 33
16 54
65 85
8 60
18 62
58 84
51 83
25 30
35 66
14 80
10 63
20 31
20 56
78 85
11 81
45 51
18 37
69 80
87 96
21 48
25 79
34 66
28 36
45 58
5 99
22 56
14 75
48 94
69 83
62 75
52 80
6 57
40 42
6 47
41 86
1 69
33 57
90 93
34 85
78 79
51 92
48 64
9 88
9 25
3 92
78 81
22 41
18 67
29 97
38 56
8 99
82 85
22 69
10 94
45 73
8 88
42 71
39 81
35 77
13 24
53 81
62 65
19 95
42 81
11 43
36 42
57 76
63 93
23 84
8 63
13 69
54 57
2 97
24 43
5 93
44 55
51 97
32 97
16 96
20 43
18 92
66 83
47 74
38 53
3 73
2 95
24 28
48 70
5 65
75 96
59 83
55 93
13 82
18 26
12 73
39 92
44 90
97 98
76 79
1 52
47 97
66 78
8 56
45 49
79 98
34 98
1 88
46 63
16 68
21 38
11 86
40 86
38 95
5 33
60 83
10 11
3 53
72 76
34 84
54 88
24 38
44 79
30 85
90 99
35 47
71 83
11 85
40 50
28 30
41 53
77 94
6 74
16 87
22 90
52 53
5 97
61 66
33 83
12 48
25 71
82 87
16 99
29 32
16 94
26 42
15 18
29 93
8 94
42 68
19 81
2 48
84 87
13 88
55 69
6 97
34 56
35 86
34 74
39 91
27 44
15 99
12 26
39 61
14 36
30 87
74 87
70 99
14 68
3 46
39 50
41 44
30 86
25 70
29 54
41 75
9 31
37 61
9 34
2 29
30 46
5 69
51 62
6 67
16 32
51 95
25 46
14 23
13 31
11 16
15 88
40 60
24 67
55 99
46 59
5 38
3 78
22 43
5 27
77 99
6 18
19 31
60 88
60 86
31 56
42 45
11 42
55 84
26 54
14 20
37 53
43 59
86 91
12 44
56 82
80 88
65 84
42 67
52 81
28 76
73 77
11 66
25 41
4 61
46 85
36 40
27 90
51 96
9 13
2 51
14 28
16 48
65 68
63 76
1 47
66 69
23 58
12 22
2 56
26 97
32 88
65 99
22 50
64 96
12 15
69 75
4 64
41 84
7 65
1 87
31 75
61 85
13 48
40 66
7 10
34 36
37 80
85 91
32 53
37 93
4 5
57 98
68 85
29 82
4 69
18 21
2 43
3 47
47 70
35 59
53 86
15 41
24 49
14 96
83 89
77 86
54 58
2 96
82 86
37 38
75 95
79 97
14 50
18 51
33 81
10 45
41 99
22 86
8 41
44 57
67 87
16 63
35 44
70 83
10 14
3 43
36 72
1 54
34 90
78 97
51 66
10 25
52 99
50 77
22 47
50 59
4 50
1 29
3 99
34 54
58 77
43 73
56 99
26 45
26 85
8 26
61 72
57 99
46 64
9 21
61 69
2 65
15 68
20 80
41 60
26 77
20 32
12 86
52 75
50 89
8 55
4 18
53 58
84 96
1 30
20 79
65 88
44 58
35 65
33 39
22 36
17 41
15 67
11 73
13 26
39 76
6 38
60 89
24 90
47 94
62 78
11 90
44 48
36 80
47 77
27 73
15 47
32 82
4 16
27 52
61 77
7 76
43 51
33 37
83 88
50 61
17 61
21 57
3 64
37 97
62 67
33 54
29 61
16 45
13 60
11 56
16 74
61 95
54 82
40 88
45 47
24 44
69 95
49 75
4 41
18 34
50 94
29 69
62 99
39 93
22 38
1 7
32 47
1 94
1 28
73 98
4 67
9 87
2 59
34 49
8 35
19 73
21 94
56 74
58 59
59 96
51 90
13 96
20 26
19 57
59 80
20 39
4 57
27 81
25 94
42 44
13 20
84 86
50 56
37 66
76 92
33 50
7 71
13 22
61 98
49 86
46 96
47 65
21 78
24 95
68 98
7 38
8 76
4 87
11 39
26 72
38 39
26 34
31 34
7 20
26 51
46 68
34 53
81 94
3 23
61 99
51 69
15 98
16 44
41 65
39 46
7 51
10 70
73 79
25 60
57 61
25 63
25 29
4 15
42 96
85 86
28 55
30 32
19 43
5 49
54 56
58 82
12 54
86 90
47 84
5 84
40 79
60 69
55 86
26 95
42 91
12 83
1 76
25 87
37 44
9 44
49 56
74 96
15 81
67 85
90 95
24 76
16 38
39 94
48 82
23 97
20 85
19 49
2 45
1 40
19 94
73 94
6 79
21 44
9 48
21 34
18 59
59 94
8 19
33 48
50 95
92 96
1 50
29 66
