500 500
677492290 789626828 231383057 476755261 747305331 353344861 178509762 655337030 347961724 638549653 487458875 589376488 53838965 365146203 308331177 271301515 508143528 233887665 437763963 428365831 340054573 653531037 847639640 760218298 666762204 984023002 361074264 410540897 558162256 286995322 862741635 997772046 535381879 177169834 374784887 366543183 588866027 776798696 65470615 503104665 510343280 260533415 646438605 742992597 565911274 875215131 952351357 951455354 427284151 963389104 523179040 741462478 80054501 123285626 402681009 367165222 944459403 933822124 830614005 193172479 645562983 813615621 979809892 727522243 388316767 984561046 248671007 989546562 351736082 955303641 477261249 177131273 304273875 771803925 907587384 438152412 16672887 932759024 491173276 638674049 698957295 288957282 50230037 932274141 350276225 813290279 846214136 276181772 24483750 427744904 304980624 396711642 882463669 23906868 958997238 496824394 694452125 356833331 91192239 138852576 453049834 383215260 97459210 798357475 208190152 81840829 782192152 865163459 163121191 468482956 945653229 361182319 740155854 418193660 556112254 867363927 159555247 381806278 604706786 886365537 831172307 137467331 886456236 54991459 170437092 236697160 172863437 897245921 594918069 100912163 263515993 790718873 236549274 751845153 112985711 66826307 361672173 212100149 600748474 388939828 367875813 948658939 797600222 567268515 679128472 500914905 444850527 174610607 831110086 446499066 232240120 220481462 132379971 224759114 415375139 798755839 964125901 504599156 490980452 662759826 575419921 928560173 12107647 880241458 446283553 265537580 102593788 655853432 815883716 940513946 316471940 134626581 293476276 895883917 356282455 842873620 484976437 320294375 926691614 728592290 606492423 91500272 26915703 59191240 822624528 920485830 417694257 631784452 397688420 682687593 59559537 514783859 218180376 127129815 517549440 900154042 778051663 492011361 536703893 174160209 63123886 675633889 94509102 290409830 858657952 29097795 210462279 729401155 539701295 857989435 964653914 925202088 436928660 6119135 162462063 814198826 270514532 118918450 435906888 450061839 268414707 642561564 777475213 333403070 311042319 350661214 890385433 518605956 224282751 808237215 671252018 734584749 910840558 406758571 742903255 483549602 638868174 936681213 305835906 129282 28853297 829645428 394394626 251085 874965997 389222375 996512968 398351656 562744804 48983522 379605709 520671674 182409936 428721561 615090850 544755508 985626991 827579244 701020856 27810139 595727540 507459794 4090201 930363699 753565675 356678103 739982889 455359106 583911838 109656212 185141701 919076602 958505396 562954962 970048648 795902624 405831757 545396743 707366018 364750574 125636473 995758758 501624325 861189387 267914574 995667496 783544836 819058846 186521418 989832301 957037164 292573837 179269197 430384497 219784232 49088928 224712589 143275883 538151756 76863162 994127403 735605310 103223891 986153377 647590769 855522424 368913197 284943008 207676457 721593413 167167446 391392399 585819670 352660772 536864936 307656836 349154774 837399547 9089454 292639219 596767876 772121680 208834978 73032742 842301201 379070101 736482564 585425370 395794130 932464392 537599523 425170274 759752625 711612295 955783490 299175048 279455763 231168745 559335553 914087927 535568240 336670996 319201293 272444439 378547645 763498288 921118018 936818175 510717 656086378 521580479 554079398 637040097 915551277 442129542 38975668 153104726 330880429 307297787 289246610 107132082 204032559 447527495 848202026 769828327 845892547 506791419 532921777 758812261 460281531 470066713 310852362 587183336 121173453 229583937 469208576 835500714 868011703 639967240 821825200 621272081 285482384 376459259 383128603 575592608 725754660 204463977 255978430 789347487 86243461 425953869 607700122 131126857 621557787 378610658 403760684 236870719 112155070 365000107 922536032 63809140 567644730 716747813 657407065 78895603 441104164 690003386 8588335 293929913 284068467 766368373 992801704 113560149 47445654 580917874 918523816 600266743 473699748 394269396 841051646 730156309 455015519 261260127 102837171 486881972 896029238 258670396 625195025 625097828 182074258 731758495 966882706 288049846 952309033 527534287 699588709 110594688 138077275 914571156 225552317 998673346 336168332 827824053 146503350 780278990 29802652 346154771 757718590 780195296 840091858 84594637 147634704 188417372 147767987 198596555 936133568 551663488 142234078 951795900 304633667 877230818 296303296 154357436 630839294 578877869 125118470 786882292 824016948 746025248 983518930 244375294 941848860 927735778 196796950 224049759 245262885 123901645 725561382 975854168 691477902 548090061 884381617 993088365 299726433 270125781 39665182 962989195 834916333 938046734 216704323 427811084 649072609 750385591 335944362 460298561 82547367 990278929 801714121 524044549 762435971
195 169 605585306
493 171 891431715
309 485 18604361
139 489 775978499
112 167 918747750
226 385 901732608
483 420 455937515
376 185 462861058
362 486 468489979
95 341 512568338
232 47 946040540
92 321 987655969
249 175 714659548
485 385 436812750
478 383 381250925
414 285 564803202
213 399 751107019
255 283 976725524
191 355 858680734
165 84 928474728
382 236 87535585
436 326 909725143
495 248 868282434
361 251 151982784
424 372 86702174
278 61 151868205
157 84 26511114
12 122 799604419
431 48 57046135
367 343 696091171
355 146 146782158
144 442 343943220
372 419 243031204
170 193 871952529
287 420 323064997
60 261 260767140
214 217 931451021
473 355 949026851
274 3 870792050
486 131 544768455
318 353 704833609
146 449 401627577
120 68 745046777
237 126 100524446
5 30 632395442
69 168 252295974
294 47 318740520
247 30 828178899
141 357 389529239
21 437 302253250
284 354 397044213
171 174 37695620
446 140 847563497
209 152 409076090
238 102 853712281
127 401 642943958
344 380 978044562
47 298 116260604
391 89 403127276
187 457 443710959
471 75 195000159
125 443 270742148
373 84 303305667
3 386 665757759
341 225 459088737
492 334 464772339
393 131 939183456
224 193 771738792
473 194 905493372
212 222 591646581
381 139 389588883
462 213 997227005
358 147 495255282
176 318 537774711
26 173 673372458
243 328 256272499
244 423 25349217
4 117 553487366
457 69 246749695
342 29 239194274
332 197 450933269
108 41 608134616
468 207 434383317
257 104 545804676
43 394 493727878
30 489 488824984
426 376 112733378
431 201 532920083
87 254 90560142
164 337 542201991
47 358 307278997
337 463 510064814
183 218 198480395
59 302 756995899
353 162 997810678
200 156 503472714
331 253 951528295
366 173 808058010
110 25 387728290
200 144 315605558
401 119 36643682
444 168 307457206
45 52 740335091
66 237 309729621
154 211 805904793
327 20 555452115
429 194 171323779
201 459 319205515
443 223 66525768
22 312 566472085
364 136 852096513
58 19 150455919
104 76 732329601
343 259 312236391
109 429 658982391
449 168 364993236
81 446 451295466
37 163 632610313
34 176 288037158
90 445 49976732
156 462 486517599
469 411 648372910
352 364 199701270
221 216 980408738
240 264 421217184
386 366 99288616
20 383 660331489
122 138 606862694
346 141 739627543
293 75 398893875
390 203 616398110
354 214 478394144
48 227 150876990
193 461 505311054
25 255 851173669
134 411 564787129
10 144 727856981
95 60 870304372
206 128 363729616
438 126 117952082
463 191 925645300
436 74 439471113
206 452 486736911
170 331 763889071
155 400 988469828
264 45 604151017
66 107 637295879
324 405 938231928
424 326 616545066
64 224 603220989
266 330 216561339
451 493 254509247
340 445 790130249
449 391 508490454
174 6 629855788
12 93 173002526
159 70 210171530
392 329 774139274
313 298 858570548
496 107 379241524
171 86 521489460
233 41 942063692
222 488 215853942
103 57 443138854
93 338 789721424
420 361 736428436
162 239 246482763
411 362 309074519
9 160 594791080
103 210 197312379
159 409 828169491
31 453 493212591
105 383 708796086
7 142 334609943
487 139 146410506
64 469 34702271
109 288 953519020
454 359 487395720
484 496 210399903
186 274 221605976
441 434 597035003
432 6 99065186
24 206 957732941
149 101 988502690
441 401 636371999
346 492 807495809
14 367 664984577
76 178 862374952
179 274 242478570
431 422 729845644
355 456 766632953
135 266 744309414
291 494 60555178
227 20 716902196
154 342 862347350
146 480 733699643
219 208 539220127
453 100 645729433
154 376 435136689
446 37 259064753
115 3 425697070
203 346 58822225
381 207 127748905
383 26 303876915
66 48 155054915
281 252 399630051
472 321 77344158
48 402 727977261
33 334 702563902
483 404 292421904
48 305 909184808
225 10 177428111
79 206 894748054
289 399 540979343
343 310 864822396
229 332 57737006
48 63 685594786
392 314 772243800
471 347 395364599
433 215 538658091
57 242 79828453
41 298 756447636
383 424 835407439
222 429 444274682
285 87 322416826
435 35 460115617
16 229 783244811
92 280 129134710
83 388 760871877
471 315 436310126
81 488 320805255
372 41 364296267
61 273 114595580
114 375 782449585
3 131 469486716
228 345 104732661
47 195 462299707
264 51 67944117
480 234 898534365
21 274 68667176
367 332 2535390
286 52 229893432
107 476 87735298
40 426 788686050
470 270 81009498
171 421 126673232
308 484 582222566
138 100 985219789
38 204 397692123
315 219 341000595
286 56 235267728
435 373 600853673
195 300 331823284
342 405 856884055
129 106 987827957
231 258 763360896
61 407 706154622
235 434 616513650
346 247 628537963
296 92 667553175
344 236 285753194
381 51 815182169
277 89 224710487
30 336 146645944
111 381 198624163
82 393 169332021
417 407 678465517
186 495 990702504
314 253 410116837
344 202 11945466
392 128 324658496
135 330 162938964
77 101 715808619
215 430 55128841
237 211 784718487
353 291 665847435
39 8 469535605
220 258 137889876
243 38 701130803
226 384 542438743
27 410 683278241
182 407 944980216
59 141 587788648
342 89 839962682
417 385 180588875
294 33 280689008
135 286 547464288
483 17 218950465
499 40 727883140
446 457 415515938
441 36 269669486
164 329 187580828
10 324 17754302
304 40 811638542
116 265 812811735
421 366 674202840
334 311 734161371
364 151 82210227
466 58 392738338
492 321 841256084
99 69 771132215
92 3 53432218
328 407 294023479
384 402 388577185
20 335 942629524
107 429 800027934
16 148 396426483
31 197 924428212
473 45 327406950
194 386 703928959
285 138 839680899
304 287 564763769
297 483 695695020
428 152 510397329
411 486 61558325
498 274 335620117
342 271 824644724
445 425 701484564
85 229 164583619
172 354 750344565
423 54 586580022
363 337 420470454
29 16 854439815
431 176 12915718
125 134 202286224
459 243 550189039
442 443 494785681
474 152 12944739
148 466 552483607
442 207 596073058
36 431 328980158
415 448 893508628
172 87 132021103
327 446 865927277
316 447 306348371
101 383 487919585
23 139 557956673
57 221 573858216
234 420 81628083
15 68 91400935
71 457 556777965
63 24 954251484
377 194 415507777
23 469 815396863
336 121 171429521
373 27 902885732
373 121 374929191
22 346 617087702
420 201 441697989
268 250 970094781
258 291 321518386
256 53 19243643
311 149 669330819
498 368 225792821
500 102 201060499
187 438 463969131
498 347 567151604
193 145 363528989
416 494 677888751
188 148 121266525
390 360 862590283
257 213 883430476
346 302 99391051
205 441 409183773
375 225 924400417
312 4 360075083
181 295 298105422
373 37 875623099
340 369 210802122
137 216 72951980
323 254 403202599
298 415 945402879
66 59 989102979
344 461 602578359
305 37 879573019
149 417 493833224
160 449 562982947
444 126 283500640
242 351 604633340
486 214 996961552
455 414 871363049
295 418 416686105
9 115 456471248
221 184 555290976
471 312 98124044
234 339 990028455
36 67 379930745
3 88 456867390
242 88 367286656
74 7 211540991
22 353 258701330
246 486 404746718
198 144 983913293
314 267 413527217
214 433 338237367
174 313 614610271
197 369 933298357
102 479 654594072
424 183 475762586
291 190 281486093
322 149 33759215
399 358 297103324
218 158 550256891
358 363 212578777
446 473 186017690
218 361 206840369
263 390 814373677
343 225 164223694
25 396 554534795
266 169 84409878
48 144 163218982
254 18 65599798
397 219 294324229
394 223 40995801
463 30 483124155
238 80 832516114
61 194 314358996
433 7 419471133
280 46 894482134
129 339 733117422
126 50 520740359
146 225 712652790
454 265 927594167
220 134 801559051
294 145 983309960
393 152 144730951
313 320 105579037
126 282 741203711
404 252 742888254
364 371 431505860
44 455 785533422
494 447 302145938
397 365 241662874
403 67 15279349
294 160 26540065
149 395 863661539
463 313 706557884
315 144 700746785
244 441 503805199
47 143 403963903
396 219 27063658
314 191 74849870
455 28 564207633
224 196 834314616
193 155 167475394
478 97 124212665
96 285 976198880
385 445 524754210
16 337 493994899
90 304 589625230
307 362 448522283
389 188 275741145
257 205 214357239
426 395 139330535
279 154 389756075
356 54 499217032
319 31 910691545
120 358 643384373
398 277 363297381
71 98 697591033
12 112 199087407
62 262 417047410
291 123 663284898
158 472 378038221
323 151 9007517
485 315 481791560
348 415 932881855
106 406 739743788
157 111 611715687
92 253 361004239
76 265 120229681
337 300 980070549
458 132 396480267
321 379 67424659
288 167 542405247
471 126 117059035
40 350 704454864
22 458 269534581
350 138 999517555
175 69 951436804
152 266 302202120
371 29 570082927
219 412 77350504
436 421 516277574
42 367 951131998
80 35 405208179
203 74 949881730
410 47 689406301
478 220 566154622
129 448 928969997
355 314 914126811
244 96 533234048
316 160 174767722
33 44 717358052
355 431 462606889
151 348 902845696
417 257 270537696
249 25 128359381
229 269 250820339
481 173 291152775
