500 500
352128650 691919791 517402908 446222464 55773346 117578145 141564644 384302092 550323777 576677275 287588291 260668321 537350246 718212449 87305873 819606656 78075521 251637839 121949607 643137803 933642032 892020641 930118254 657455092 871048989 563895205 983939903 196986603 729259576 162177571 346238705 888169678 775726784 6182111 68769105 642863372 113044663 705270074 518627900 321635791 810929967 123858061 869908283 979985951 598217467 873937860 180504748 547810398 331235073 269613405 3858972 451444139 793699740 614245274 665448287 230843274 615006132 75013662 259116035 134744514 259212812 334157671 346395838 152680417 602112046 757665120 291683601 691376625 890423648 73976844 226082743 933885420 511189756 652447198 954856460 659703814 799470189 772781823 425206589 445266880 998839791 731591470 520617581 244700412 300440143 590666936 929379170 843311735 986651147 665199767 621245675 299555276 181958437 35269275 824023196 679300064 953864655 656786613 614166392 138530319 202284572 593651751 981630654 667944428 730340109 863365996 244390360 854933893 347370275 49170656 515448240 265529991 872868788 686625495 965092342 306876012 999020041 46422185 59894482 98788495 904227579 852929031 586321336 901744750 207526169 623428614 347282437 692889053 445441011 974123734 950368849 889227610 140330213 929682219 200130311 564786026 862909522 813136409 446306126 139019002 51496434 831159652 403302797 307382766 247260287 784478983 872043312 512548594 126294071 448830526 863837606 625846305 283277111 32779148 325841063 767002258 277985324 655852164 718514793 441783880 442384976 842221108 420908463 497545590 930558007 176211800 233015314 892971275 272202878 706488114 457582972 472768129 870701710 198407051 634590749 784212262 313135313 154064037 91614456 544794049 747007393 509672210 686296027 54286395 348429912 595372369 664605477 653218165 585094722 964748868 937773726 492837839 351548836 340711748 251925911 603364951 128129963 86861023 742364406 6774063 789548637 640160559 179196655 556585044 135768796 516706602 482341453 189222886 38942843 153018568 175216802 343791588 315041505 90141269 759629901 205807546 369686598 350898969 216234188 402104833 739381035 640505921 582277352 284634919 264841682 317115874 814413254 222668162 432441041 500201344 221246981 755277220 595756787 347075533 251744879 696222007 346125528 231521970 664519901 918851267 333118894 805652687 379729519 977309238 340235103 727776363 303805951 273128248 277098657 228487307 995237420 234705713 509977986 219178892 195114368 269826456 473736493 498669223 705671117 930112100 994401803 730440049 610217089 508929260 68812327 195942015 193417786 200313435 291554852 724675667 414423535 120886770 274262419 895802995 959316579 592042270 773835920 533740342 126808360 55173210 84748839 980362562 171289476 778948315 916376086 852717500 897928770 593905083 818577757 680803313 888292299 593171027 796210366 350129600 480464379 422739103 831065289 824585858 776800583 319917555 931500475 397894595 555775374 573781554 941020789 326185755 237072680 894069818 13879043 715451112 857702740 10312871 963233496 50709462 339091969 220791801 336677637 184053738 536342624 969145777 782814919 827398138 894316613 698955172 538189964 295863037 168429881 644569491 276197266 888410703 396790162 620271543 873509524 322159146 846758031 816717638 230551144 42696453 236521163 281707386 21689295 297942466 803409864 905823820 394025277 975633804 87812920 707070909 756788286 251578508 280663854 903573613 923474062 898733835 269839687 821302992 862069580 205052225 210603946 658059063 513606678 451887383 629219281 837907909 926090006 46095375 246063460 855329481 824420507 607269729 515954703 965655641 236580826 102241836 858439761 324448035 133145868 874508488 189993842 408448523 856190341 638242260 517621291 941552938 654163590 911507595 508532510 603292946 556857560 859787159 950939964 624000777 411547563 835392313 627699758 950738940 29144717 803013353 823835104 787391993 266493927 509861187 820373772 60213936 89045903 639204255 578695032 396671819 387564694 78305792 687708789 127188626 639426319 605828344 562924242 919952775 726913492 80680056 758517078 928771237 169238972 90069667 548799502 14391478 420279951 859659422 973632467 245208132 375123254 23783310 806342357 168444029 316050822 115427525 323867255 147857960 316780362 393766753 453530032 156716919 867627356 598458182 551949430 936417627 117172818 761757168 650237141 404562102 313178793 349205298 400110910 241356442 383174665 414537824 779260141 201011851 851999955 719977241 259048548 862219995 388638334 516145792 667673956 46460328 380712868 853299356 514841966 784448868 692517367 922652401 397473973 473633983 908061658 95345048 366034384 495999027 22561011 281389275 853990369 570162709 90399700 636769219 255382790 679716290 905770998 424142152 945568077 206866253 154128278 43674695 840463212 945448248 121245033 642476592 439157710 917334079 100050420 76609948 862373111 222682103
132 360 485913136
171 35 71596698
436 321 975815928
286 287 612742901
418 326 623327518
207 74 902662734
25 21 973121177
258 9 645637879
30 336 545833870
353 412 804167150
1 272 781368085
143 407 796112717
103 53 435184520
119 432 227168674
87 158 22437586
247 500 194244167
323 341 336975655
435 6 240438886
320 350 281864502
223 58 419288129
293 481 26277652
50 281 21807292
289 318 754139695
373 237 891054546
465 116 780066238
221 120 504820291
255 389 15587817
136 29 85005736
175 248 715971867
18 382 165886502
4 217 879127461
247 146 199365949
30 341 663147364
122 12 851356512
309 397 293468286
95 131 387632281
497 64 584925608
53 36 718440601
424 325 333283849
195 57 629145096
409 237 569562766
275 474 611468944
78 225 720808179
488 89 681711820
416 394 666260791
305 97 314352868
140 83 543529410
306 113 115116677
114 98 226303696
263 184 692818964
32 131 802106174
357 328 533883680
46 423 824395122
303 115 903953772
423 264 507735435
109 279 531374234
333 205 37943612
122 451 338270552
129 334 704543523
463 36 232588711
299 247 125126420
233 140 73028307
489 405 360974754
381 140 263870871
50 61 20210572
349 214 132347591
64 46 898059919
226 261 80556654
442 340 321982722
346 36 177782349
498 37 958671210
419 337 178484936
346 430 167062134
440 146 152872905
389 300 437121672
324 47 686061643
110 113 314164962
6 278 907601510
126 381 471679852
66 301 608832332
459 297 301954183
454 295 299809948
293 219 644060354
91 156 130268618
335 15 391228734
435 265 593946053
498 250 89158559
435 333 386581905
36 388 71444830
158 392 841948568
249 187 603232586
47 303 663987038
108 353 806948049
455 466 290880661
134 251 427042836
497 292 199768514
151 381 849132197
316 416 663597768
94 246 950160735
24 287 60960105
335 146 513030631
112 478 490826462
108 359 877156529
102 152 704367001
430 104 528439597
4 42 419043332
485 411 169331629
450 36 824381273
117 7 804793314
195 326 973863397
226 419 759339430
243 179 706489071
482 321 312950855
173 102 643143151
401 188 294759374
122 76 348334078
247 107 570128999
113 133 225217697
321 414 942116519
53 39 519659656
155 170 402505545
118 230 849349339
373 336 470027197
320 234 124384130
99 420 653784861
79 19 994265077
92 431 290125656
40 71 177067223
22 249 393302622
355 362 814871208
216 388 648623725
53 123 256042497
275 461 94822421
157 289 493718892
45 286 306710967
386 496 857092194
2 432 723141249
180 121 505378850
205 405 378074663
332 295 419172253
78 77 712473920
251 467 790699619
476 332 523329681
146 378 823024322
361 163 516391811
9 290 613585529
74 389 355544641
348 416 493851693
203 437 40742266
127 430 427710224
224 417 374026574
472 271 786092090
216 82 793762184
413 284 751621869
252 376 257699663
23 308 361612519
489 146 729349536
352 142 645966820
336 278 83666923
225 459 80086710
142 450 336232560
321 459 883297132
111 306 599532143
174 496 91092800
335 458 227722597
142 257 77878977
416 6 255219252
191 264 913991613
88 171 11168241
281 429 2707083
111 141 535692309
237 173 904846861
221 413 924058472
412 215 728955970
120 261 136801649
490 277 897258867
373 269 384590786
22 305 124903500
499 307 203845010
361 212 558471385
478 357 857983816
151 459 870507482
306 426 942174675
336 137 631382116
325 235 83034083
434 81 232517825
128 262 416596889
277 225 213640141
232 307 28721580
6 320 861568982
98 100 778523543
20 380 488318132
396 315 914276850
17 124 691341333
338 173 889589872
208 214 807540376
457 84 589759602
183 200 605806303
174 448 170313581
277 167 632866057
463 177 119827713
281 345 752637473
167 254 158193737
482 494 338697121
51 231 262663345
270 484 729091880
209 243 108932191
91 218 677431678
384 320 271802253
224 493 829473199
67 229 376049611
142 215 859004590
201 283 240836775
178 241 504143786
240 479 813400575
461 129 753298265
434 129 39593327
4 15 107154066
109 465 863997231
261 60 425142464
298 324 613831540
146 87 739744867
194 245 454467281
114 396 276896565
342 341 580630441
409 96 775594951
318 366 170455627
336 347 108264557
417 69 179774666
311 344 118601879
486 250 117528295
259 300 657556105
367 59 52158866
391 86 273923394
187 417 507257656
436 369 626725452
68 175 720662544
459 382 939072233
385 204 340563348
97 476 669551226
57 260 175711296
126 225 310191160
474 418 866042219
132 211 389168548
53 139 922166231
120 127 533554450
272 175 497141007
149 444 225324209
426 214 466304231
52 184 46453151
39 136 236766267
180 393 559462753
275 92 491581432
449 433 672072691
109 170 240154341
460 171 660175742
196 53 931338375
105 434 170384716
283 448 341271217
92 346 938082846
500 267 335949305
332 425 252924856
211 465 668636509
441 278 987131221
236 67 640878533
329 460 197557447
288 440 816916611
441 314 196867599
31 131 378735444
172 106 158766579
448 465 947852551
482 73 736051629
246 164 879543081
162 164 44335666
299 193 84558358
170 240 839390326
303 143 276259029
157 276 48424132
223 141 623913139
25 203 463890033
492 286 891230441
174 72 306185143
124 212 29486326
324 291 757642429
444 222 146992089
324 500 315259592
238 237 77964621
249 412 84113742
376 316 172677880
380 294 106453398
468 42 381041771
219 328 510750467
380 87 651921167
328 75 121713519
72 47 614559901
382 37 275376885
424 6 402721914
395 227 151403045
495 393 277557157
67 103 746463917
221 362 951281236
247 295 523109367
256 295 427614718
84 390 468538729
446 81 767632453
177 326 965577249
51 402 937887510
455 174 554923903
183 61 737626768
54 450 140507528
135 43 263224421
257 223 34839842
70 472 900922144
63 434 63500940
410 14 459727880
455 364 149359793
442 466 217329602
388 465 931093792
473 359 135497519
109 74 552312329
358 374 873604716
240 308 377981563
298 489 356459019
85 377 693353617
27 300 382527877
182 16 858320825
389 177 116752456
455 486 311240785
19 329 396141843
157 377 675787362
468 135 933492181
396 122 960975060
60 49 559842352
276 311 89986592
30 327 464116347
57 274 166323253
155 257 131866180
387 474 798410829
49 456 261037995
72 343 215301625
428 103 449442094
393 154 45342340
248 322 467707940
235 184 885335032
246 11 817534481
72 475 808762219
331 431 299211431
162 255 175296730
164 146 454195675
194 282 556740248
8 242 268508517
234 61 310341841
478 150 762870211
437 230 676449809
110 367 561892209
71 240 56111416
66 113 736375180
299 130 732807060
461 375 73796600
416 239 566069501
177 270 469671805
444 310 106663280
20 62 769496525
252 263 715436054
81 352 137993336
171 305 682075451
279 342 252675647
169 86 580778652
489 320 991364147
45 446 802182767
89 199 123893303
210 440 193976089
174 384 743397383
280 224 515699862
494 487 580927268
248 1 977176264
334 369 944583407
342 194 591570102
72 140 20603965
262 66 848882164
85 65 943894074
402 137 93061974
298 8 497224613
282 110 479559233
357 171 140911913
25 114 363986144
70 446 957742596
429 305 891909151
66 97 368336472
166 279 685134645
290 309 297768745
28 392 641896884
351 272 233925778
205 82 58983531
115 463 491185734
143 61 526418723
43 180 528616752
463 131 270259167
416 304 772810478
253 78 239360660
38 303 610581819
55 484 672873381
332 322 43032473
2 208 379038358
327 447 988256362
284 474 553034980
390 274 618956419
223 358 899041642
89 50 465015461
492 32 442426165
48 3 169388210
480 132 290974649
275 13 40775074
300 30 243788021
92 98 566285265
148 18 318637055
380 46 898247835
260 390 2039106
277 29 395289029
255 132 92190870
97 272 542778444
171 369 87518658
339 341 192996958
251 242 311356350
82 63 317098321
457 313 326664417
271 372 907262097
68 474 256260357
39 157 478786904
425 186 336672714
271 13 875996159
84 345 865858978
373 289 163757464
64 156 162773602
160 304 947511177
225 268 281492766
296 439 4005543
406 173 333666406
34 45 849632241
418 119 35131264
46 28 805791873
496 195 246228373
245 335 904437456
142 331 401365046
75 287 918819448
63 322 153490230
271 172 706296174
295 330 474137533
98 446 33897190
338 81 322150714
371 199 396884341
192 252 619075017
61 7 14716776
232 319 27636081
347 57 507297495
404 217 3321473
402 432 24090697
275 375 701107636
243 215 306489085
460 116 133648234
182 251 41872286
170 361 633432569
387 135 707348270
187 367 436625839
309 487 178867702
439 417 842357628
213 272 736990502
37 288 67828339
250 366 299549856
365 193 163477499
253 443 122182984
291 241 832308625
15 468 286479285
445 49 391723423
66 75 679075265
201 42 44173475
106 470 328207149
255 21 298525515
368 344 726500467
280 89 96834840
186 112 1836705
108 73 682376819
6 464 729480331
150 247 591781314
495 409 360280192
139 73 505875565
166 48 116070740
11 90 13328864
436 218 100236448
133 389 286624141
424 470 335910154
473 264 840977645
238 339 138248428
242 191 603652673
112 91 469027737
197 240 911312926
290 359 838341145
273 317 932471944
288 41 374789129
472 170 553726594
