200 498
521837465 214076724 326041943 11353508 575483949 779415933 574169803 27882079 146915178 779796453 293005782 695257754 33840052 67246671 702308688 768372945 832889044 368742131 36842422 917884323 481840453 692302400 61718070 82794393 823889467 761161147 532070921 280787519 836305990 391005103 814621574 204171837 889174654 383973224 35754926 650567074 269235257 201838424 837644239 691223399 427521827 140164744 315785436 234110216 42386217 291255501 124810319 815876949 285112782 704110180 975914497 918868599 756779081 43951635 632927946 767513792 641328892 415636156 954865893 379118653 153824875 777460900 714043017 318547020 225662820 745904037 561103767 767036531 804982185 133869148 606839788 608242748 202255778 416959244 894649196 583989279 309934519 715541632 467074324 318139572 631266847 270544900 231999341 220464896 967494635 523169550 990208937 79119948 484935491 127249887 225060986 308219535 555821041 511157174 606255782 532592123 254240963 945294040 617553083 67270858 357644844 170386487 570148001 284012067 534577351 861718024 607687903 27118843 28187024 433829973 30215352 1303142 391690747 844385102 22971032 816439230 1246900 433636027 184295672 64379890 579232186 87462351 353306367 212482876 769699018 763939236 196147140 17572464 682451508 435902728 125638217 678800670 830892023 521034490 15892381 719939450 825851136 171700237 998688187 563393903 801443145 403304714 547262900 510046470 24173038 723642118 865386285 41630430 183340719 229589472 367276578 255200167 932727938 121132266 79873080 573519127 75050001 141838630 164572845 137859360 762353406 764303605 728245063 57577949 604101406 880144004 78627948 220627727 547222250 591074649 252775901 752657960 94161600 292637736 911978028 70732836 372031081 811294525 327992457 189388311 102795420 38279631 838953289 504255780 18645120 733939745 801227111 959243521 136009136 17391544 581356733 504227238 105853842 888984788 623307996 539600584 621971738 28008246 660288416 303631423
156 169 769192499
177 64 964860430
7 172 269997197
161 188 779013525
100 3 939046152
140 113 570387997
18 116 193464996
67 24 948694225
18 176 881063254
12 108 342274775
140 179 324121253
188 155 498183457
130 102 814030056
24 58 87252695
145 32 796881609
183 59 287237668
51 56 629880246
61 86 150546809
78 121 534123157
115 111 455502342
92 8 135349245
17 69 609318274
108 199 404028623
160 138 282899247
40 95 759149005
170 91 849583253
80 136 959350823
3 93 542104937
173 110 117657456
130 153 395701386
33 100 770546799
10 197 605065082
14 132 179479761
36 122 526480918
96 119 636269174
26 11 697675843
111 116 2855197
97 114 803485550
186 39 36365735
119 10 615486945
33 146 466150748
184 3 460223978
39 15 463411596
178 192 172966876
52 145 579795956
50 145 344050555
101 123 205424220
83 102 418880223
171 60 969417172
34 189 860981601
139 5 664454412
187 58 480661063
22 172 896722005
123 148 205998375
82 192 320827820
194 46 241412882
191 158 508171646
78 195 754188501
97 86 285783809
106 22 143254488
9 194 587848839
68 124 900768115
80 74 804476522
14 56 180876025
111 39 423838309
71 104 244021265
111 99 26156096
8 77 27191456
80 65 745308542
99 158 930410024
48 121 414522443
106 53 765057706
132 37 467309014
112 66 241594463
51 55 905009627
121 157 481265025
190 82 243386952
16 14 346861383
176 139 552212186
110 84 221084467
71 160 253758618
44 25 170814208
3 96 958519646
40 162 686502843
82 152 168302173
99 57 676040281
100 183 676459732
65 181 626222741
6 7 407739700
38 27 434956174
95 198 157143753
20 62 711208742
128 165 170222086
152 107 304867409
126 73 800757896
106 13 708699989
80 178 904693463
95 19 350742953
149 78 261630526
19 91 60701139
17 175 611122825
185 78 931683657
74 172 482591086
2 168 291406807
11 3 129760259
101 181 623359734
119 70 64660012
154 103 992367388
151 197 825873066
61 92 700150185
16 200 615917567
138 196 14996645
69 34 998646759
34 165 149457559
197 45 570625469
135 100 500642179
91 97 928850015
61 2 327104250
130 170 90819499
189 1 377234434
37 139 629326648
158 43 169651179
188 76 977378408
4 133 284885181
14 55 42836646
4 16 358662665
104 85 8161271
180 143 353894534
47 105 251011059
159 78 312480490
104 114 418762306
91 38 527632318
148 36 204918722
145 100 824279717
109 139 897926900
162 106 863608044
125 34 865304162
21 157 1953447
94 167 678141525
183 132 600340153
143 39 774209717
145 102 394420602
37 162 338160056
105 181 832482553
116 10 545132580
3 103 473177535
171 133 848336332
13 159 64886199
66 191 574916400
196 148 524656749
169 125 512107670
112 161 326839346
161 22 761319951
138 94 766130693
58 47 690869151
189 73 44898828
90 6 262529039
35 45 76129061
141 105 420801589
187 27 75397208
98 117 206641667
15 41 703558869
185 58 206186175
33 156 29661674
94 112 217068121
143 44 450485131
14 178 836366371
149 150 317004604
95 87 321771592
49 71 893599369
134 132 525664353
200 49 42582475
74 19 445003551
80 24 904455465
15 93 846299515
183 119 968490545
177 164 747045998
58 42 818243756
158 10 64577618
14 22 619447907
165 53 551686621
70 80 700049654
142 175 347523594
103 88 49915278
147 58 738988267
43 114 778739331
130 111 770183997
199 91 90114886
6 169 467655410
61 28 406257734
121 56 945742320
59 187 980109544
67 167 774081843
13 186 513415235
179 172 226245587
57 76 335050091
10 121 264393182
64 73 14635904
9 192 424649187
165 135 401374192
62 172 69700119
129 21 152459421
116 150 249289995
150 137 164170415
44 58 755189014
117 86 53552675
57 193 862207319
106 84 629910897
70 145 589751338
184 146 714235213
9 73 436946903
171 127 637241369
143 21 20913478
140 83 69636922
44 32 25787433
107 101 729080963
102 107 485739317
82 13 57924197
82 163 835302179
195 67 463642131
166 127 365038445
126 144 137255241
98 130 861948935
177 183 222239386
176 123 733771706
139 136 733938381
11 170 252060135
67 100 583629678
87 85 25872338
125 188 946731707
198 67 554291177
134 68 936642995
38 113 712820716
66 44 746689709
172 147 406001624
146 180 200378244
128 124 227019855
142 31 706212009
153 121 887996806
80 163 661632715
15 75 358786057
18 161 94035825
136 95 997572096
38 183 734776764
17 151 830912703
181 8 92484505
165 14 368814906
106 150 702708343
30 116 850156150
185 97 676271085
135 13 689368270
155 38 7113900
173 35 934161695
71 8 563671357
18 142 787706766
35 104 901752396
144 20 243608717
6 127 24469896
89 42 896301815
170 97 727069371
104 171 453069502
170 199 913211844
67 9 171001762
187 61 876250932
128 171 366895435
160 79 726261984
51 197 886504225
135 182 309789417
65 10 940751308
36 50 118968337
73 192 368570800
128 188 980712538
13 68 492266633
187 35 908142786
144 98 264995089
147 14 768982966
138 16 341497081
57 159 150727347
122 132 910691619
12 126 659781214
167 197 79269281
120 108 765362577
61 141 951487415
96 35 25872651
117 88 348720
77 31 375577384
1 8 216064082
59 100 173901400
94 70 475883198
67 11 978272012
20 2 204704403
78 15 327403954
170 57 70943562
8 157 173123216
107 71 216455990
112 194 631922669
97 39 71137796
61 55 271578309
82 197 373714513
165 75 561595620
127 3 111378964
168 117 49512373
33 73 601759708
27 81 221178492
154 73 658593182
82 9 57054095
80 137 230047182
155 159 788024179
45 119 133276842
87 135 546809915
36 118 357950531
133 2 674114095
36 120 991823599
156 177 394685660
75 10 416796168
89 16 140591777
138 72 991825756
71 180 810811336
156 61 993685305
19 94 78352151
40 11 767172193
17 41 591059712
34 88 518512299
185 158 762532249
69 75 22255552
44 108 752428113
193 117 434138448
41 198 601666534
124 16 95870788
2 195 452509153
175 185 37519378
51 36 144040175
193 55 187116361
83 6 647154820
4 149 851153130
83 8 24446363
156 96 309106221
80 86 416222654
66 43 207637179
75 8 133015149
64 197 204147374
193 192 197129172
78 125 40719348
116 82 919570142
165 26 462251100
122 77 517285399
20 21 655581901
63 35 649157237
11 122 113517329
82 98 403865548
67 151 823689710
20 122 50475984
34 170 248153124
178 36 48599738
11 16 638279338
103 195 896301598
122 138 198418776
39 125 672112863
128 72 484900475
38 39 83312669
29 63 792918587
34 56 254628171
192 173 828654652
87 83 535709397
26 27 730791849
138 53 12932194
127 17 734193932
180 177 363469894
115 163 136856817
32 197 763733321
53 178 391095454
14 48 552814925
137 87 932131411
154 50 836917888
152 81 581413402
75 48 482564837
191 172 154457466
193 150 578766516
70 121 653039526
194 24 341728156
58 124 737259702
131 49 698422109
106 51 670004582
64 169 580103091
30 135 982232390
188 136 255770947
198 47 427650348
84 7 856436059
104 39 501464626
30 177 942195002
176 167 11951763
71 45 35174617
90 182 618162937
192 163 562954529
156 133 475958203
74 82 627145346
140 120 331354246
49 193 752536091
46 173 363007152
31 57 727266103
19 120 538771585
81 9 193690683
115 103 179783380
131 133 253940822
179 52 522624597
101 26 918757429
133 59 441427040
182 9 720512931
49 34 855622392
46 143 759394190
152 170 588148731
196 67 909503493
105 54 117453631
112 109 422867262
13 49 552327045
52 120 554482864
125 59 529454591
46 35 402564787
39 66 400857170
187 170 877633353
194 30 569635208
17 101 54505940
186 32 869045313
32 179 6186199
87 163 944874949
77 140 610810527
55 85 460398154
91 187 581984936
163 61 398902843
142 80 155456453
83 198 813436569
51 108 648172694
61 132 210401087
52 126 959785225
128 99 739275059
107 22 93692895
158 24 2734764
198 189 752489887
42 187 950112008
117 138 444866776
148 159 887303294
17 20 512741151
155 29 523510928
95 18 611618379
79 17 867367437
188 2 155842887
49 107 777404634
44 94 532574229
128 181 812244440
144 28 725082621
76 11 701773724
17 196 566589449
169 17 565706971
121 183 667128374
163 31 954681938
174 56 535862686
158 117 327119750
28 136 328747101
96 106 502212733
136 87 757607780
4 140 199799292
129 85 217419054
191 14 584978381
83 117 116319304
57 179 965705826
157 90 543953375
30 136 38420172
89 63 797872996
56 154 493407471
108 16 226920311
59 37 697218020
166 183 565139205
134 47 15215839
9 162 168080478
31 103 351400309
109 151 386450901
150 175 361276959
66 163 595487189
132 152 618088717
137 51 524197049
58 156 792844234
108 39 302783120
75 32 485817544
103 37 360533494
55 188 444181229
53 59 757658717
28 173 758655931
196 96 461962579
97 32 602989112
137 123 692768977
169 51 852813278
123 167 56806155
70 150 747161763
14 45 955804610
195 180 875754623
120 15 346715015
169 117 995168578
25 20 752888662
