300 500
707082 667495 57654 471036 112375 27545 948797 909587 468886 422172 544202 644936 942714 155872 697790 811567 802771 848951 951127 503839 710234 664999 471088 152903 11507 583030 250283 574185 940229 618850 775737 927375 537710 666385 994007 21308 87591 417515 383641 307373 346267 924318 238667 987736 38175 582289 236764 685197 332242 482638 278594 753436 133929 111162 327282 336110 141407 108489 363629 97023 904710 14575 477488 136385 657904 340234 935634 961719 91484 202120 551218 722434 688255 243985 148980 410874 306258 286479 409531 788964 237379 710202 990865 935413 521137 45360 772947 521898 187116 869630 884697 78534 96395 460046 232352 587058 976508 258243 990341 185768 27110 177190 786222 497854 545014 981996 44139 529161 708264 138729 954984 615892 244640 642821 15443 91071 91913 722937 151659 624059 113880 851701 677787 909602 288150 3081 211936 421017 272760 381901 305944 559169 887509 905597 804617 158169 539134 659851 701270 415395 713736 910690 873019 868708 910454 198675 995107 606814 948276 965813 413378 218470 745094 673931 997765 703513 636185 749070 603965 650711 949040 746529 760520 477948 652875 941544 208571 418990 937817 26103 100660 846783 484932 926840 451721 625255 232828 236202 233254 865158 460772 637847 11370 991113 743250 167588 172780 568409 286327 329402 558338 811230 932287 966908 598162 562351 723197 280351 788656 569851 684401 845727 378418 730329 505262 360614 125758 745982 461966 579689 280648 768471 139117 855253 953380 24066 82626 175401 238302 918516 182434 896447 349674 604828 988051 277395 392542 220512 250016 478511 678765 700388 748004 346394 123479 368051 582155 437102 646839 644723 464535 51757 301482 592769 84170 633473 702690 540344 484452 655839 587626 6093 405402 738256 118619 332430 403350 407796 226371 800792 615442 630858 990262 150826 704624 464466 863030 885923 339395 88699 989974 300377 471699 341409 892676 444557 485388 83295 118083 702291 574732 575688 642693 5384 244471 206669 515547 664024 767914 666418 890413 348967 914634 820248 95940 354760 590685 724873 647555 548121
179 68 431178785
258 77 467940579
218 6 266890032
189 145 222191849
286 289 625557773
218 179 945728356
149 204 306585941
295 73 456992548
78 154 720120364
167 278 225139002
160 177 297426677
176 154 916910587
61 55 911389093
94 187 581861944
165 213 357940326
29 62 396372409
99 223 382245430
219 80 527849299
274 223 548100339
68 148 609120026
190 67 610194721
270 279 681800275
35 203 226375355
201 241 941201136
87 73 564179095
48 275 922465692
161 110 721123245
55 182 188949873
73 138 970400038
128 172 967986449
285 142 656338255
22 23 318923699
63 110 306645619
44 169 584358013
85 91 462674157
271 92 621773459
294 207 17707550
11 202 35940439
201 228 198370977
204 26 204978922
210 55 531483846
108 215 129004173
136 244 691894082
145 24 445003362
11 178 913464294
299 298 433945898
11 56 913464048
13 243 781736299
138 238 439685284
104 43 653940465
74 6 458839674
133 7 579344900
252 100 417264505
292 69 657069448
138 294 731355671
218 262 392148401
185 19 470534594
162 55 271711978
243 195 161056579
118 128 757571917
118 43 535082718
218 73 568693778
50 134 760219578
71 3 430234613
156 100 801363204
244 276 674810082
118 121 141614323
124 74 565792154
190 83 630395797
234 90 876367257
176 186 577288914
286 230 735175098
109 176 724303020
74 10 927515621
67 51 9508456
222 71 74527549
134 38 148712359
217 25 532034548
278 96 382021721
250 223 317215611
115 57 771500396
211 182 37287934
276 42 129832147
179 244 8777732
47 180 784126343
239 133 128622376
209 34 543012309
201 160 420940484
158 14 164691318
133 135 317186602
282 281 947883066
19 221 25021496
176 146 937417936
62 91 449321990
239 266 312542787
97 53 426380941
26 146 872956873
109 32 331471008
263 199 312624434
176 253 729547630
153 248 757295603
36 80 982665822
185 1 715480598
290 40 568482823
208 292 569053051
208 168 709605004
45 61 659869722
242 239 92993948
156 262 657713490
188 73 37062221
294 66 161606708
113 290 842490911
250 175 905372326
300 186 94443171
111 116 596673999
274 138 48761025
24 5 948848757
32 268 74726682
11 105 348761745
250 208 358344670
273 68 720166179
285 60 308610400
246 149 756497036
164 191 349655871
277 29 788648253
282 161 434314016
157 44 481500011
192 246 556304123
160 118 454679005
9 58 368616064
188 222 725167944
200 26 451564546
61 239 786368571
254 183 566882700
2 195 369783187
115 235 949414628
163 260 559943663
31 25 248438388
275 99 553316417
92 209 448185303
254 142 618574110
207 95 148059199
25 134 465929031
29 263 834005698
150 116 962892343
93 113 709246309
168 55 400326730
252 266 603321725
267 66 316609992
183 52 855165864
182 205 790962027
247 20 819927700
109 210 204655154
66 277 870520135
137 224 7494604
276 246 263520587
96 87 592845549
81 247 716847501
125 249 803239477
105 56 10397580
46 275 122645966
92 208 295503449
118 21 686295896
68 101 160071452
40 137 681879780
298 27 191429814
248 23 917347728
151 49 219128696
204 75 447541075
156 251 457918950
235 174 417441665
79 162 986553258
10 76 232060837
121 190 907368816
202 229 398779012
35 152 667511538
52 291 545689035
23 143 588495849
53 69 701398916
31 155 919895512
114 300 602534533
128 224 901047484
209 200 956401796
35 44 728853778
117 113 59556764
34 193 408703079
249 226 768516576
220 188 699748719
227 21 179656232
178 284 775599316
39 174 130617083
79 248 827681073
98 300 790770446
10 77 392512451
292 112 876899707
47 100 229640953
83 147 968079160
261 6 687958177
36 24 430863566
11 246 722028589
33 149 180574111
205 206 42227177
250 46 602353800
213 29 273088236
46 206 576717194
140 24 634164181
204 138 188607837
10 248 61126018
291 158 860998282
234 181 315431004
89 141 926772115
223 210 187514359
156 78 391972792
193 156 75877995
93 14 471770947
80 82 635967253
89 163 336682475
210 284 558022746
260 160 121325332
85 184 391338814
18 148 982820476
101 224 770225998
219 99 711906755
117 269 418778664
131 4 85454576
210 82 736636010
63 292 352787026
199 6 248622548
279 64 411451932
209 245 752404315
100 142 634666221
100 28 2236711
268 239 667902165
225 208 802913389
292 224 538280632
140 18 451477669
117 84 91279989
23 142 741332592
60 294 845927665
228 290 979932056
175 221 595985320
26 172 533303994
30 193 288274273
34 137 397399765
257 159 691335628
291 73 906035140
141 43 961758733
191 74 5525423
196 148 399510689
273 242 716592397
91 203 408411771
276 159 175109243
225 176 396368504
164 155 119818175
48 72 822862240
195 104 256679246
97 250 95314011
25 154 467846437
194 219 507747397
244 235 292005826
38 206 679972366
277 222 455089667
16 49 606365423
39 114 28601326
216 85 541969220
185 142 425336358
223 142 149599111
64 109 969154188
20 49 99895017
83 231 150118105
232 31 338038557
60 193 97313149
179 190 315025293
146 277 476007719
10 293 611198539
25 37 751307914
125 164 917442342
139 278 339946609
261 63 84633699
111 71 124998840
148 108 158328354
27 252 619556496
247 277 33181029
241 123 595532151
286 27 651104447
252 213 313426033
64 197 962517223
233 180 257423964
23 208 43496699
54 13 499644624
175 198 916049063
224 129 62808475
38 48 34653225
293 60 349858597
65 166 470521811
100 30 982339154
187 99 638140836
169 261 24491970
95 136 702854305
234 250 744567957
107 20 724301815
100 109 204072236
123 219 259709613
55 3 913877747
86 63 651985704
227 242 58395125
225 169 861995731
112 80 125009954
198 271 793024508
156 113 599092039
241 275 933154248
260 147 995235289
161 256 839852044
139 195 658429634
27 3 910413283
213 149 749124691
44 277 105246968
274 300 207993324
12 274 105734181
156 63 903337130
21 51 902502866
296 283 692360921
260 75 939764458
224 201 239146421
18 164 262913351
262 289 148277767
129 281 426053720
27 276 779678036
204 210 574250359
241 220 126126087
266 217 619122164
73 129 344493124
274 145 368772015
98 54 913567227
222 177 517370926
172 116 282288046
128 295 306714310
92 23 604348638
276 36 553756971
11 52 668278600
212 93 947487982
201 73 976784474
176 21 56846551
142 288 169236583
86 260 249391928
289 202 246461558
258 251 284838687
29 93 81322269
3 163 877852266
14 106 556557716
189 139 130089224
216 200 829468775
53 250 602557777
80 123 557170036
193 207 120360857
85 107 988009040
93 53 155400040
76 148 871284712
82 107 326949349
21 179 757875499
4 96 223778304
31 243 39898619
146 220 363872931
241 91 605068923
187 31 242184641
10 79 889551400
74 158 250076370
71 213 966161920
138 201 13541082
205 105 68714829
253 272 944551973
186 196 515603921
8 42 908448764
210 240 879369922
250 204 337249670
26 250 596811144
78 130 207002606
117 212 51714423
210 123 467718820
188 18 743356366
98 169 174358184
220 184 890735348
161 289 583867165
45 282 178571637
90 195 576170221
34 154 53845448
95 14 73704932
179 14 891861914
103 175 149678899
143 283 831100972
66 34 382826537
136 260 563273863
43 236 454933433
287 239 288202737
244 257 490067773
293 53 706378954
45 17 892471152
165 116 380536677
165 72 158462846
107 173 949991684
56 131 397603220
70 202 945741345
267 183 14359028
264 99 222482809
89 172 491072213
80 59 792083604
25 223 924698825
154 102 706695478
189 204 40519088
44 152 42985227
5 189 622974945
107 112 299809431
46 247 377851764
278 40 216577304
132 2 927669205
48 137 557986334
12 144 534907124
271 82 553623661
284 279 156949729
53 86 212721038
183 107 847811176
260 255 372139544
38 102 461945295
144 126 91797832
145 183 842937238
295 100 268605171
37 265 449844859
159 35 684332839
66 70 620889871
108 91 582817116
265 78 823406439
295 47 626007318
181 71 463408816
103 24 238203993
99 177 229660668
10 141 605189922
11 250 426112217
167 48 315600838
65 79 417942334
237 153 924406262
106 115 493875515
64 244 482665329
154 153 318346813
283 14 948471476
278 274 814187626
286 134 655110947
259 1 155509713
126 104 275382836
193 84 968105127
230 245 236892707
68 160 329880049
133 33 372946524
233 244 384922513
136 20 599764270
182 76 501002523
279 180 278624079
165 219 387895981
71 145 120721136
12 277 763667006
274 104 841046569
59 291 85666231
281 81 995744165
102 187 500026941
82 187 393772916
24 115 499472257
236 254 954794889
92 141 805603908
39 129 123972747
20 59 873344549
126 163 244228664
43 13 824063803
280 249 239041972
286 64 612974401
19 296 53238974
12 271 203887272
240 88 660678144
134 226 995447275
249 42 331657644
166 242 332424392
137 225 48889663
255 186 800798747
272 83 534717376
127 85 575698030
290 134 638505886
14 297 568636594
271 150 88753414
154 178 180324898
69 226 995907713
130 188 350814972
169 233 899445902
203 186 50325323
6 106 672188073
220 296 189150137
85 103 452956004
36 185 911999633
231 278 265172468
216 271 764473958
199 120 786891095
2 236 652155392
200 281 298791843
