300 500
492073506 520975837 354097128 511837559 390484081 157070181 81586529 593050433 929527553 261242707 729049575 206605867 308284499 437742191 315216866 331341696 561458662 993461033 397328555 424832546 880105697 77889517 625653154 86182234 23278340 925875407 869501263 281887702 574090665 76896017 100375751 372209006 59828607 362851761 945847417 373912080 250835246 831875621 568953001 865295033 568050136 383542005 943807750 534673823 371350650 979945424 500765509 545827578 758259964 622843827 373102085 904989873 216592036 42542764 602925142 253332988 66825032 442381924 108553355 572877903 919294765 919275728 378407749 365236342 626269639 73250791 768873997 299993676 861398857 659139846 119775204 724031009 251171600 719685766 988682941 915272573 736185825 636304126 405659881 713229878 759194692 71127050 60068309 617835788 325343034 299540522 978161274 373146254 707096685 93159543 599383339 286836124 172242313 896005335 336899028 968666490 475594682 20665087 67063669 203842753 501681780 351565151 61930372 69525054 108416369 870268848 805896171 619934605 620796618 398437045 404869297 208106207 564356813 126425619 382818464 95134424 594466894 926244760 248585502 809443387 985424807 26315821 512091151 733003086 904275721 563876363 975849919 184259973 757992945 240342936 378431801 408515501 574227222 11670359 711547722 171081400 977601053 30865700 611434477 9309331 743919277 270892529 536564845 752155187 358680420 739851056 846247742 479948997 930948377 422917252 656709531 335589417 56058392 351809211 923927612 117726344 374040505 434073060 542994694 218012447 538513684 806967424 139882651 827611890 336505678 247479403 719271070 486398387 760469244 898190822 413974217 868173721 354784535 42259139 483772035 343838474 159477681 932949558 537369027 12151944 206526430 738540399 800001357 61819763 105634529 814094949 423436768 411552148 785808735 147614126 687296505 160154755 335709799 761306511 89622859 545500357 802786143 308040071 935822933 788705951 358489618 574326147 846433084 182926111 114685338 78970826 990919221 347039198 209738695 477693609 224249947 739442688 640299803 273634093 760547944 732274000 626635098 920180058 58645928 318564299 469791573 129316783 935853818 211754247 509646918 323238321 164375646 863449144 537208413 218916382 282812145 393076615 724858497 715623340 865189695 780957607 552581448 884217977 917584048 153840967 576362524 762570246 268542537 98585653 739426650 925382031 382868896 560014339 373240732 864451907 950598139 299238242 679198334 361989888 904999480 798530559 749930369 405577585 616530800 975852219 302515709 807160442 685716944 650232229 320288556 711271544 165354717 296779810 421713067 974408745 401161126 492998831 44151545 851488961 123290883 339823594 880762453 855448610 827378978 193342373 753734427 307375085 374106726 612805704 230878856 854049803 920894043 2947823 606715997 305781145 758913489 655590771 936970252 631609826 354112930 374949237 446798722 349575969 702686747 163647995
220 107 793896
145 109 898278
23 191 203783
5 100 649241
113 288 663445
35 212 574674
297 130 610824
192 43 18702
153 133 17061
158 262 25789
74 180 657673
9 285 156343
162 35 2770
173 45 82094
153 216 808701
111 55 619688
283 245 271695
242 269 912876
293 197 260089
118 193 865183
24 271 898246
163 213 873206
56 198 868228
137 67 125916
285 225 13211
53 230 123766
100 257 431059
104 62 584405
160 188 586321
30 219 533662
36 4 519554
58 76 166912
151 203 718280
6 189 980922
108 150 794818
194 67 928575
24 74 676549
135 85 586484
110 94 911786
192 294 63530
200 140 673845
260 190 342645
278 221 170153
40 39 129976
134 179 29223
134 45 890486
189 96 843490
21 33 769365
47 74 721109
207 294 158097
238 219 972886
25 70 445882
193 86 80378
46 25 205608
245 69 624169
59 163 146978
197 143 199687
149 72 402473
165 105 290291
22 263 188558
48 54 135078
76 74 902107
44 66 871563
106 15 388695
134 89 603427
40 62 484453
178 298 670824
275 152 99354
189 288 954113
99 7 140974
195 252 712154
162 67 832230
20 276 441712
204 8 668816
192 32 597558
43 66 381274
98 48 452735
120 244 575951
228 51 628561
113 250 268257
200 121 800912
43 282 118000
138 169 502957
159 77 823396
295 52 211713
95 208 736726
67 208 872443
103 59 504452
193 124 295351
143 96 128276
33 272 67997
102 6 470876
8 66 686767
131 248 385629
264 262 131333
144 265 556487
173 113 376059
36 183 694776
122 296 933675
215 74 1442
113 280 193870
177 128 699297
30 128 620354
243 207 789545
280 207 929131
157 218 672882
88 68 767372
80 153 611840
135 236 503470
29 2 121667
209 175 984879
247 192 340521
212 197 63116
117 3 655316
98 158 941259
223 292 252370
234 78 600577
266 234 499064
218 50 500726
286 278 234973
57 194 332530
131 5 281377
18 269 709445
116 207 82052
121 2 393816
55 276 223472
6 88 439645
113 40 64796
216 176 954772
77 82 250762
27 274 258253
66 86 518494
161 27 306310
197 49 927220
50 237 951554
135 81 269800
39 54 764499
138 70 632403
234 97 673709
146 212 634973
105 129 753973
61 119 30344
80 104 611097
161 159 279372
266 176 207183
222 147 260682
117 249 110188
264 203 552520
287 289 121852
222 66 67690
289 18 570730
66 61 908820
226 62 102496
105 87 385527
275 286 295280
96 233 25256
112 179 641900
16 208 426250
247 194 788626
130 229 793286
193 218 975626
43 68 586631
35 232 879179
82 134 534710
46 198 144409
178 191 53852
75 69 124247
269 145 465491
183 153 272971
184 127 89246
194 140 249593
12 118 682192
2 169 999004
222 259 954767
89 268 494496
146 254 24143
209 81 186041
37 146 377726
277 153 51739
222 223 169967
189 283 215762
21 248 804451
277 114 449032
39 130 228736
73 35 303086
258 166 23920
287 33 873225
211 245 227399
98 75 824195
109 65 609409
263 233 237882
214 40 474881
199 245 325688
188 148 829332
107 231 755126
95 188 997513
276 115 116668
79 120 974610
281 104 588245
57 152 211176
224 200 892732
261 61 717081
293 292 785629
120 1 213988
41 126 125037
88 3 69608
166 23 965450
204 86 166110
84 148 612837
86 52 648584
49 176 483034
15 83 25015
144 84 953831
68 85 713453
11 195 343014
107 102 279903
245 135 696727
192 169 492361
239 66 580686
293 227 222572
61 33 893777
207 261 287517
214 154 325122
193 212 250545
256 201 601948
48 291 981376
231 81 623276
176 134 696515
207 192 412377
1 177 300308
195 153 787752
243 290 215163
274 125 692044
48 124 327971
22 240 633409
92 258 694023
3 221 132869
206 31 781041
154 224 991680
154 221 724033
63 15 342955
144 61 284089
133 255 762549
97 237 498308
171 156 563368
256 55 189853
170 213 398787
88 200 519817
14 265 131069
56 174 97952
39 300 272395
280 160 539619
51 140 419654
187 36 414296
174 166 714751
195 247 23416
199 58 534055
182 299 427928
21 131 184122
57 201 484323
226 70 993299
271 152 12902
98 195 62933
300 297 53108
139 253 114742
40 150 252611
155 208 971809
115 284 458790
135 148 512878
184 287 310514
264 58 921449
220 91 528348
105 32 89512
116 226 766381
282 65 267660
283 96 835610
242 284 233954
186 66 679842
246 211 377367
82 83 35398
129 153 111314
15 48 878088
29 13 226779
215 24 408137
1 215 497648
217 61 26207
198 54 888032
15 71 124956
259 164 538100
259 79 173809
209 78 212795
142 250 445488
242 103 228561
296 274 672929
76 96 634742
262 266 285271
288 258 726814
182 123 311328
198 275 708929
272 252 604155
21 299 370234
271 56 568087
158 52 900094
80 290 252572
198 9 890075
66 227 93424
278 290 887426
297 187 647056
68 39 699914
214 173 631896
84 299 942751
139 148 113546
121 128 951689
192 237 773465
109 57 322165
154 143 129419
174 123 537093
175 141 765994
34 40 515290
249 66 822322
155 144 475152
235 8 37823
58 271 287526
141 26 186344
203 71 809700
279 61 455953
183 186 867379
89 5 469466
140 99 214375
72 83 754181
272 207 838031
59 292 734501
133 192 970971
139 209 563467
84 156 699695
254 44 18350
150 110 665433
157 275 396785
78 218 795031
80 141 489339
92 36 153881
165 112 265924
213 223 990904
207 289 108978
202 40 639708
55 260 779089
139 236 319595
158 219 506910
24 15 372503
250 242 673868
98 6 437782
192 7 28597
290 193 936723
36 165 741041
11 223 177264
260 233 588415
43 12 482656
212 245 541632
260 96 391012
20 149 374863
77 274 485676
27 139 902103
82 72 392384
169 63 191243
11 21 239945
268 57 810980
132 150 975981
147 88 268914
163 75 473924
190 14 874921
176 54 574963
112 47 313460
87 19 444208
183 70 641808
136 289 867028
196 246 692249
88 228 522738
145 69 281864
210 281 22108
25 66 22533
285 293 866187
253 254 89220
223 244 898216
296 177 190764
242 131 157195
254 293 736583
289 251 614268
218 225 957902
204 243 292325
183 42 857984
63 256 395815
21 71 225510
111 189 815893
62 14 15139
85 163 677303
43 249 15588
117 15 241757
208 58 136872
87 206 71380
53 231 83027
139 272 402532
276 187 786770
217 151 654996
229 28 277550
270 211 593895
166 269 803634
192 203 681281
262 162 726224
124 99 449879
193 268 352892
92 95 188425
131 139 464707
218 173 589370
137 277 565172
45 168 565593
257 138 933681
94 32 209185
17 6 531807
113 240 857864
187 240 479871
66 195 168312
75 250 362868
190 213 827610
151 214 858759
38 200 467650
175 152 327561
267 104 67440
89 208 491298
231 233 521299
151 138 226552
290 6 838033
6 209 253562
162 78 732663
46 121 940026
79 124 134601
165 282 89087
13 223 693066
173 108 127428
273 271 673027
87 112 630345
171 279 825228
135 143 244434
15 93 60779
277 218 981323
233 23 441539
267 136 338848
172 42 890741
252 161 729803
15 264 363226
179 229 383028
120 117 948807
45 110 838755
267 138 185969
23 236 77804
99 17 911324
294 82 332096
132 171 491640
198 158 755608
69 179 192699
221 8 247346
206 71 912041
282 23 710957
71 2 404150
252 250 404810
62 1 684143
104 45 245281
126 132 302773
169 194 618953
245 46 318311
48 203 364236
217 122 522413
154 245 59757
32 14 177240
222 101 572600
258 165 210839
59 164 32391
161 67 682053
218 273 794002
56 4 954368
162 90 278829
189 145 252971
14 163 439632
169 45 214073
33 190 899333
53 275 107244
281 100 761994
87 62 241907
100 46 720167
241 72 747131
77 17 387364
7 217 984654
27 52 165627
268 187 477559
237 4 852885
28 268 156905
157 66 812236
74 181 250995
119 175 65697
51 233 229990
36 41 87468
