1000 999 8
34395629 257483826 495144613 319023678 377069125 316294344 849056769 94021701
91 395 8941653 2
689 918 576356568 1
824 826 510749460 6
18 931 867255328 2
753 752 880983152 6
73 304 70879918 6
45 766 637356380 1
846 388 898426565 6
439 986 509299376 4
320 902 827447961 2
746 843 736873821 4
15 21 549278896 6
954 544 117182725 1
270 331 998764718 6
16 55 508380419 2
710 604 535534343 6
418 640 502519032 6
237 655 710134595 4
615 656 925703615 4
844 525 923185774 1
589 584 871204738 2
261 222 302716856 1
865 371 363689060 1
815 375 378917678 4
180 963 568624093 4
203 624 319003424 1
590 200 202588789 4
268 480 613141880 1
205 632 743452973 4
505 441 91861131 4
162 622 828397730 6
579 676 998476406 1
967 594 796411946 1
907 912 817259505 6
834 41 303999520 6
421 356 141755233 2
301 476 768954917 4
347 390 932902116 4
248 294 620521200 1
780 923 454871534 2
785 616 628822839 4
508 491 744798516 6
232 362 971174822 2
140 596 334994991 1
19 339 279355603 4
587 2 512327442 6
689 932 601536375 4
970 522 833113204 1
216 677 962042778 4
633 583 572267979 4
451 30 556722512 6
706 50 68749727 1
801 771 346431625 2
384 372 509852184 2
640 121 823682820 2
568 925 258185948 2
597 615 158518163 2
263 116 58674787 1
315 84 11616813 4
609 869 576684768 6
772 695 666294182 2
81 878 573085911 1
719 581 892611545 4
273 280 609429356 6
686 690 785963566 4
243 211 441344777 4
417 806 784567011 4
67 416 820790348 4
539 735 521490641 6
643 123 24720161 2
336 778 24200874 2
733 202 464372243 1
809 911 948618031 1
444 131 231548236 2
49 488 527313586 6
330 608 793633949 4
785 181 770646132 1
876 607 64175299 6
832 992 469485012 4
363 129 659566064 4
907 821 958088742 6
887 130 123378947 4
993 685 747642171 6
997 440 399384320 4
13 519 21308767 6
445 385 132575999 4
252 5 117659426 2
428 405 817846808 4
540 720 505722916 6
923 657 555168205 1
322 597 175993351 2
42 881 542744456 1
949 302 7038597 6
732 993 192374246 6
559 88 679073324 2
350 396 820550592 6
921 463 820618308 2
460 305 521293739 6
518 910 144640869 1
107 574 697337559 4
563 639 370163655 2
954 115 530077104 1
567 335 205637649 1
667 550 50188440 2
175 606 297260759 1
153 919 933739636 6
765 238 662061843 2
54 521 257266914 2
597 660 842026129 2
652 156 611210436 2
418 461 988009050 6
493 975 878408068 4
740 242 393208339 6
196 142 607925406 2
857 923 691897792 1
937 327 259451098 6
141 440 599562537 1
585 528 857917853 2
529 97 971910164 6
950 695 177612724 4
906 31 616839480 6
915 300 478051412 1
113 188 700962648 6
731 702 795167599 4
939 355 669085344 4
413 174 897739515 1
369 475 964515848 1
395 376 77761268 4
134 629 427627317 4
178 985 665729295 2
190 903 907292076 6
800 156 310440824 2
608 666 38746083 6
989 458 394670557 6
668 109 302262016 6
915 435 90496669 1
729 750 416534513 4
116 31 182211 4
299 601 282463256 4
119 786 914463511 1
673 607 898315578 6
565 329 623912468 2
527 565 752800765 4
51 409 565762955 4
639 682 14182127 4
675 786 439236971 1
372 375 831519948 4
894 427 808710559 2
214 193 165253494 2
110 11 808250400 2
613 647 126149412 2
815 116 279147782 1
403 767 405794880 1
644 746 710270162 1
988 341 373351528 1
539 220 432221255 6
969 974 549437128 2
822 631 316224908 2
269 239 378424625 1
867 971 157196990 1
77 760 97476511 6
12 700 536156666 6
883 332 64184423 4
654 715 566473581 2
290 807 324261109 2
211 117 222450569 4
717 225 630911418 6
419 346 525856319 2
389 318 218300487 1
436 705 254663827 4
576 515 560176545 2
8 338 258499475 2
450 214 892891346 6
354 457 531672417 2
646 716 275000323 4
334 649 954048872 4
170 969 342851118 6
938 579 942207685 1
464 807 207442942 6
348 552 788613772 4
552 701 149066624 2
50 429 437999600 4
139 489 586615403 2
818 154 679406155 2
70 245 207114652 1
674 400 625304223 4
627 528 226777096 6
43 351 889168159 4
405 30 942754691 1
312 573 265615896 6
736 270 827194456 2
983 493 534065871 1
841 982 423393164 6
112 928 93695788 2
233 556 991383611 4
605 517 479800975 1
573 650 715589821 4
774 85 635597098 1
187 621 334897937 1
121 598 576194910 1
421 963 234388203 6
498 757 157875014 1
927 254 815375824 4
561 107 966752703 4
337 14 251622426 2
760 972 516631717 2
584 481 40264268 2
144 196 415642543 6
725 234 658468072 4
847 756 34214771 4
566 797 335457473 6
17 147 294934495 6
698 385 156179465 6
842 712 697872872 2
122 863 727410768 2
507 869 138004987 1
33 776 588748550 2
145 564 948472877 2
952 576 710957181 1
488 850 7693118 6
860 77 199429401 4
742 259 16084672 6
570 548 380802419 1
16 145 61423737 6
909 377 845971019 6
379 908 534022346 2
2 297 314533854 4
738 896 979336810 1
30 404 795206703 4
320 473 899196464 1
460 278 415979558 2
100 679 50188639 4
419 204 223268903 2
191 790 164509024 4
977 201 199338120 4
8 789 446964546 2
267 522 754247748 2
421 257 97346354 4
279 891 883975400 4
833 179 16501416 1
891 999 55310128 1
231 778 464483041 1
96 432 438914451 6
680 408 524371947 1
455 81 244049827 4
703 485 733614976 1
716 215 152670184 2
312 899 3844547 6
60 17 564537251 4
388 241 745628566 2
27 892 198805295 1
383 84 555868994 6
48 731 442517936 1
14 587 992003163 1
812 770 880026249 1
836 117 933091040 1
952 763 76436029 4
875 531 627619233 1
106 848 87193036 1
83 102 129813511 2
157 879 197538030 1
531 142 815821123 4
805 920 516348446 4
659 140 794353597 6
851 788 499166922 2
251 98 710861523 4
2 890 751803734 6
294 159 96840929 1
737 348 234978796 4
276 40 372343321 6
776 255 501313129 4
456 811 673715236 2
980 20 29206679 1
402 940 2141277 2
70 82 946052435 6
916 358 495307810 6
892 186 801745380 2
562 311 778226501 2
283 304 386838117 2
851 703 405856581 2
878 109 512187831 2
524 317 232529292 1
209 167 137412345 6
440 90 373300853 4
648 136 253889384 6
555 580 529928565 4
447 275 538725394 1
968 967 918080811 6
392 915 211891098 6
566 909 160489442 1
971 352 477754304 1
250 184 279550504 1
973 343 991821197 2
684 177 785843089 4
533 388 740115479 4
578 924 793969478 6
553 846 13392900 6
664 583 63422243 6
787 864 869343205 4
368 851 42496909 6
466 477 588844574 6
843 800 535720027 2
163 510 153083984 6
177 862 850875550 6
20 767 794982923 2
316 188 506650973 6
729 681 242999338 4
803 471 705508739 1
931 143 229892927 1
145 625 177753499 4
203 325 498319458 2
645 202 606702265 4
895 658 964029832 6
210 994 452309494 4
784 713 176243588 6
865 309 183635562 4
785 226 817032454 6
205 992 786099491 6
138 979 52756604 4
140 244 71152389 2
187 911 484080264 4
755 881 757103497 6
688 298 835035187 1
172 174 679338850 2
817 424 993622741 2
446 463 707796330 6
825 917 110178630 6
349 1 298222049 1
38 741 900244536 1
664 928 546211673 6
618 827 618221215 1
401 281 616549141 4
941 617 376557815 1
688 961 491239676 1
160 105 745352812 1
811 721 50792315 4
985 201 417993907 6
997 612 214663724 1
603 793 580452214 6
591 880 138432713 4
258 984 894448126 1
730 166 682813481 1
944 254 170008050 4
223 62 568862865 6
425 668 876208194 1
787 773 995287540 6
94 641 340087898 2
268 979 308133556 1
242 308 610964526 6
829 523 673971319 6
150 762 507984695 4
313 695 244451474 1
415 462 499274046 2
663 374 328598199 2
927 397 519831996 2
468 67 176124547 2
123 67 90058627 4
690 306 908189544 6
945 435 871763767 4
78 56 40015339 4
507 141 460737824 6
474 629 711619231 4
872 249 704999497 2
403 844 964811792 1
60 200 80177779 1
134 895 244728055 4
323 345 465274744 1
614 471 344395699 6
279 779 760613389 1
35 70 737461899 6
478 338 740935723 6
411 986 192754956 6
167 230 731804990 1
846 880 623085185 4
110 295 360085642 4
847 926 634958340 6
815 976 471650985 4
596 966 400395068 6
481 88 542257573 4
225 177 793179610 1
520 463 765873386 6
161 837 335865396 6
970 554 241304057 6
150 915 178388917 2
132 697 690386673 6
182 395 306857605 6
394 63 366361262 1
789 874 165602573 4
414 926 410854457 6
270 280 579202516 1
409 408 432300915 4
27 502 37001309 2
707 335 823184577 1
245 289 395008437 1
979 502 703783783 6
998 504 337532458 2
713 492 489618687 1
743 64 302190891 4
175 881 392171714 1
277 285 702073011 6
817 761 961841484 4
339 208 362332620 6
923 940 721818499 2
833 284 367070483 4
169 211 446006540 4
321 605 571240657 2
793 9 407348403 4
977 220 435742363 6
530 523 65691948 1
24 443 14796659 1
314 958 172750737 4
746 42 215986570 4
995 487 721339291 2
29 103 47707900 2
576 288 333864270 6
79 271 224182264 2
445 664 630011864 6
619 684 933090149 2
415 8 751598478 2
687 548 373802965 6
998 345 466256334 2
897 666 318445048 1
511 895 418265855 6
185 581 950558829 1
420 862 143860663 1
344 600 961199005 2
344 243 701934720 2
187 225 183055267 1
570 282 634952004 1
697 247 613376997 4
256 135 100980794 4
548 390 676354596 1
801 295 990662109 6
982 433 638768104 2
514 286 781351899 6
939 233 997538154 2
782 398 282972556 2
68 877 891274130 1
379 50 576116703 1
183 325 501099722 1
919 197 36649952 2
677 186 53482255 2
724 219 471525773 1
240 703 933652365 2
421 100 204573225 2
254 661 477008208 2
404 471 982372087 6
171 580 771033640 2
465 985 370818528 4
905 399 748302316 4
455 123 342510746 2
157 790 861427324 2
331 863 119350610 2
54 649 612582003 4
494 149 320135685 2
427 669 154122106 6
145 892 10478058 1
748 939 160559616 4
114 131 550338511 4
490 331 639600405 2
859 470 747592438 1
842 218 210773246 6
496 153 309844496 6
866 361 385968380 4
219 903 470467879 2
205 853 410657599 2
54 286 788843814 2
1000 201 182042686 1
212 513 54005700 4
930 27 880135801 2
831 544 870897846 1
479 53 94527742 2
219 622 348543210 1
460 797 170571214 1
432 21 76515396 4
705 257 800039407 4
367 227 786561495 1
593 769 457835135 2
697 307 943089131 2
856 158 868643730 6
817 807 745578544 4
802 865 918108693 1
583 80 202846233 6
395 747 62179064 2
501 52 92169340 1
425 87 760990055 2
815 535 201796428 1
786 592 258660071 1
76 865 156223079 2
466 480 278808512 2
76 699 224618730 2
551 699 637065466 2
81 204 92716484 1
968 287 563307963 1
296 955 472455802 1
723 509 776692253 6
183 651 539806149 6
86 565 285456026 2
527 872 643913868 4
322 751 722101968 4
691 796 766249464 4
787 228 734231484 6
25 924 662868293 2
546 819 231492931 4
152 257 588409205 1
264 323 347794883 4
171 230 2111862 6
996 407 53558658 2
724 142 898116540 2
390 884 106528255 4
713 324 989947854 2
538 281 157584071 6
503 941 269560621 2
378 822 603296484 2
315 154 875620653 6
28 717 971243161 2
146 672 211717047 2
128 5 238655541 4
406 431 346309924 4
140 752 568426828 4
691 249 186041777 1
634 459 298659487 2
437 174 38904644 4
469 547 242373089 4
125 768 912964777 6
143 788 266611782 1
193 899 938243892 4
271 643 872243782 2
106 496 582886626 6
131 372 544183626 6
360 931 180115745 6
804 191 946506922 4
900 113 801083225 2
471 981 441985701 1
358 801 23147615 1
587 678 183633781 4
128 340 340709411 4
798 681 60645654 4
691 186 544596646 6
933 843 189054966 4
456 780 761442403 2
734 431 109657432 2
212 381 158789800 6
742 620 946629850 6
226 914 512063293 6
792 671 241409078 1
714 198 71915055 1
445 302 108612047 4
861 10 726518363 4
206 771 914130644 1
577 527 532392143 4
873 739 371453556 2
636 379 312509087 1
937 676 715084478 4
776 965 968314043 2
870 315 280833186 1
18 944 971595068 6
628 959 116269570 4
153 549 961007976 1
365 940 889077258 2
357 569 442177466 4
470 779 458418073 1
991 936 523533032 4
59 447 402110643 4
26 126 56139862 2
946 491 190299516 2
911 359 679378491 1
916 262 390156170 2
304 764 236863405 2
128 449 705014256 2
323 413 439184266 4
993 52 516889964 1
369 266 980744484 1
987 366 547953857 1
133 520 521492355 1
630 61 54382520 2
830 127 636456425 4
696 113 887192826 1
945 852 250004782 6
667 813 232188127 4
772 821 2449015 6
585 291 531308959 4
733 220 686652155 2
661 248 564797297 6
16 538 737420603 4
545 24 841353133 6
165 689 723825691 2
897 953 122880640 4
381 543 294830410 4
329 251 484525380 6
363 436 870891177 1
567 939 332639815 6
622 849 965254061 2
457 489 690152746 6
389 253 729894538 1
910 781 831943312 1
749 146 340690912 6
259 65 905885128 6
404 759 232593481 4
744 625 303399373 4
12 37 173382789 4
573 363 676297219 2
238 194 66639848 1
172 378 531303631 4
703 235 488579886 1
552 95 634702380 4
375 32 882666868 1
274 744 466439413 2
556 716 351753814 1
834 753 115461214 2
164 208 614745649 6
853 57 783313005 6
148 426 144914660 6
859 617 36025487 4
685 339 472595247 1
828 890 690523381 1
191 326 461603903 4
810 117 96147255 1
85 430 11777169 1
585 58 252779687 6
448 845 150538105 6
775 696 671669043 2
848 644 126250636 4
30 904 677184823 1
532 624 699112214 1
587 285 147724589 1
176 792 813481228 1
642 957 956800434 4
495 526 530414641 2
868 967 130628124 1
380 948 629007571 4
816 823 738802046 1
553 261 496932108 4
817 352 316499564 4
410 456 341261543 4
858 334 590861403 6
618 382 207671093 4
149 962 857009276 6
484 24 63743440 1
140 99 902849537 2
34 610 840824701 1
799 623 16886003 2
623 123 742978838 1
989 960 317813167 2
341 291 442381032 4
756 657 849234796 6
260 758 854664738 4
310 514 423788939 4
702 943 457177344 2
407 932 7117666 4
606 693 277006171 1
21 62 839945047 4
133 370 645014420 1
830 411 804542083 1
642 218 239451096 1
216 72 14536835 2
990 824 633601184 2
447 42 449038573 6
233 482 783102199 6
62 472 608004593 6
271 695 625920246 2
453 456 125085105 1
535 653 109148127 6
643 990 553579282 1
488 389 137860037 6
874 854 896907650 2
943 362 992469734 1
172 310 747589656 4
490 654 269455701 2
219 414 554002486 2
978 475 199247779 1
73 39 235820116 1
246 506 563111813 2
232 158 772388997 2
381 13 353862389 6
830 151 12736579 1
335 125 415504779 4
700 484 38837720 4
21 873 249942082 6
667 825 814391384 6
868 158 415300467 1
599 235 679711138 1
797 387 326621019 6
70 536 168900319 1
950 777 140902126 6
394 781 626449430 4
491 367 222853290 4
885 31 860404910 4
781 506 828956973 1
964 550 568091984 4
526 446 122911824 6
269 556 877508853 2
440 905 208257663 4
242 295 302374677 1
17 601 94056779 4
296 151 234593298 2
994 754 25136107 2
456 45 581320377 6
332 251 963637574 4
471 663 580219682 1
229 352 528370394 2
376 500 190359946 6
956 934 411878082 4
424 506 789402816 1
607 967 116122553 4
397 889 251482451 1
108 223 632785713 6
331 924 204657756 4
897 637 806291236 4
839 303 352937513 4
914 516 189651420 4
487 158 416564260 2
623 166 291368366 2
969 98 808226066 6
89 534 785803361 2
945 342 308740879 4
413 694 826554087 2
515 399 436524952 6
827 197 112701537 2
837 410 34503637 1
678 898 924113146 2
742 138 643748168 2
396 34 298299296 2
886 517 407999074 4
628 997 182410290 6
716 89 148668981 4
139 4 323671477 2
535 778 405421477 4
124 35 41808904 6
980 711 97917595 1
31 364 508103548 6
794 730 137928274 4
317 744 466067195 1
597 748 986918108 1
572 559 691131944 6
760 326 937966809 6
257 820 625174258 2
255 509 751031524 2
555 697 673717788 2
947 597 656513105 6
874 896 163433090 1
602 19 629594458 2
432 373 673336664 6
806 357 303960182 1
847 659 144703695 2
408 795 393115486 4
427 181 843217365 1
647 773 116666331 2
170 727 586334719 1
128 499 915075678 1
38 393 47936689 6
922 884 612245362 4
74 739 112253919 4
294 611 763748399 6
671 101 548100203 6
938 146 868501343 1
533 592 495013428 1
137 503 242020724 1
551 17 206076159 6
725 213 15033326 4
707 575 995495126 6
7 746 439466479 2
193 604 554897224 2
765 663 258780401 1
42 714 989349372 6
330 829 549563416 2
405 728 909984195 4
839 111 616669968 6
487 6 256524049 4
191 93 139182280 2
606 408 355614469 6
554 426 844894894 6
83 98 292230216 4
135 746 781117931 2
116 887 846470836 6
662 661 809362895 2
407 928 458924657 4
430 840 683088903 2
488 708 84616090 6
61 790 794182845 4
587 888 253000331 6
983 720 588465883 6
459 50 786201047 1
370 789 405929595 6
798 36 718471180 2
557 261 747321507 2
643 737 813974436 6
319 82 855142758 4
499 69 735739671 6
978 264 811558089 6
251 1 2603740 4
502 839 466334762 6
333 126 991324729 1
983 626 969809329 1
909 43 810689860 2
285 713 870591078 2
839 438 255345071 2
567 720 43364760 2
714 528 229251598 1
751 53 518038996 1
560 596 622840804 4
854 545 17812436 1
579 479 4315285 1
207 716 361578031 4
808 268 283800272 2
446 704 320083839 6
644 96 93921117 4
257 3 609082752 4
195 434 885009260 2
882 465 488801033 2
199 280 15288163 2
582 312 515368068 1
855 467 340500146 1
345 209 746447180 4
173 812 139615828 2
726 320 664967485 1
834 418 965521930 1
230 833 885577242 4
27 10 909775194 6
956 942 127565009 6
35 211 371255838 1
118 187 830650521 2
452 384 625342675 6
692 343 63434453 1
380 174 648496181 2
601 115 233305069 6
59 476 454830788 4
804 257 39448036 4
710 877 197499296 2
150 485 554805466 1
375 512 946735565 6
651 935 655921681 4
487 28 28859077 4
634 732 994615391 2
49 186 379086353 2
907 497 878705220 4
465 483 433356543 4
745 46 425727162 2
624 277 517705379 6
974 44 8781858 4
956 176 626046699 2
264 26 109256661 2
771 192 368441534 1
838 178 341929459 1
28 581 371897493 1
262 641 765621665 1
559 164 399864078 2
237 214 349562767 2
398 198 483435871 2
486 976 467131665 2
311 292 29270872 6
873 558 843209757 4
532 232 121357251 2
84 349 338837490 6
56 855 961941923 1
994 344 649637925 1
386 691 294490560 6
745 454 387787250 1
511 435 267484830 2
979 968 413300522 6
978 838 127556928 2
280 217 334762795 1
15 522 852018548 1
36 163 13566696 2
79 603 21803906 4
510 352 896820794 6
675 960 583585764 6
606 757 718777129 6
215 417 271259675 4
351 35 22729967 2
132 951 452291275 2
624 354 136052824 6
841 712 830750651 4
254 396 374563815 2
312 20 317425974 2
504 155 560396706 1
874 549 496532804 2
408 47 278245868 6
308 366 813308789 1
554 506 268508710 1
515 276 79345066 2
605 839 500768412 6
349 586 804428318 6
922 80 181600056 2
883 571 522113722 4
777 115 40181317 1
936 532 885082453 6
891 188 251657909 4
58 537 83530900 1
151 523 551753988 2
558 835 256124425 6
282 173 869561653 1
47 25 694028362 1
66 648 34392828 6
638 380 277856369 6
304 236 850341102 2
718 109 131692716 2
670 366 817795235 4
71 183 668951033 2
557 576 826591829 4
120 754 890337855 2
946 177 239402583 2
894 35 430136798 2
30 83 447157542 6
807 726 972433146 4
311 386 772347630 4
371 541 617296416 4
783 890 515848545 1
926 23 660921257 4
527 103 73008104 6
542 165 790204882 2
601 873 157291404 6
328 934 9379337 4
523 66 520340426 4
142 469 775738343 1
390 505 698016437 1
364 588 969901360 4
189 619 103340164 2
519 45 174293189 2
814 837 930038665 6
422 250 161629084 1
829 56 117916381 2
145 741 896984283 1
631 221 75270540 4
558 168 442549510 1
728 391 617722371 2
160 571 490842513 6
974 920 534743814 2
810 185 933413344 6
104 677 518641888 6
736 635 760928611 2
871 39 202717659 1
58 434 905650985 6
723 157 511122839 1
194 595 759362622 2
341 18 468833534 4
69 322 972783269 2
835 745 484166947 1
75 448 688374693 1
698 28 475062937 6
655 97 329445593 4
442 242 523457591 2
898 952 300100619 6
360 530 400829016 2
748 561 425690914 2
423 602 904447250 6
289 265 484803826 1
686 45 146650980 4
816 348 239170692 6
92 77 841387287 2
224 964 673094633 1
973 452 964677188 2
984 584 589978662 4
688 999 189624653 1
685 132 226394826 1
57 13 763380777 4
513 886 866315561 4
167 722 702206105 6
708 75 259272705 1
731 639 985855571 1
425 184 590196721 2
866 1000 821331029 6
613 904 846745093 4
413 314 773304107 1
163 525 577042820 2
789 784 649177255 2
176 494 741241501 4
620 929 780614640 6
22 679 958686169 4
806 709 849256101 2
224 769 22270843 4
293 374 491520935 2
405 758 673931595 2
683 560 505411217 2
942 258 563241070 6
406 79 337432023 6
722 725 615046038 1
40 774 776871551 1
982 435 3291460 6
819 33 669740081 6
666 653 277387066 6
187 262 585303941 4
568 307 636348005 4
849 412 949094341 2
91 357 543970715 4
207 400 947577067 1
893 185 633261730 1
365 353 347691031 6
550 58 314253009 4
815 913 164698963 2
961 479 442105488 4
73 163 894480132 4
438 247 686819806 2
132 272 612702184 6
731 146 246106527 6
791 630 222893796 4
665 880 151957624 4
465 901 858534960 1
743 686 676801268 6
