2940
4109
5712
672
8240
6025
4968
8348
1576
8050
8980
8410
4802
4090
7036
4890
1812
2490
9912
8808
3566
2334
4080
9796
2680
9950
4130
8091
3120
8765
4176
5247
2900
3212
7768
5672
9057
7550
7398
7150
6176
2514
8672
2409
8224
5780
627
4405
3612
3702
2420
6264
5052
1888
3825
1416
5714
2374
1290
6572
8000
7648
3633
3516
4532
3180
5636
8380
3630
868
1470
9040
8022
3213
3256
6344
7820
6265
4776
6300
152
8658
3530
4456
3386
6201
9930
6048
1050
5874
440
2730
9688
1818
2972
2335
8449
5922
4600
1939
1104
3747
1956
8786
48
245
5960
8575
952
6172
9534
5734
639
8499
5063
8512
2845
2014
9560
3475
9196
7240
7920
4581
4710
6068
2512
5920
1134
2210
4005
7372
6672
6480
1266
5904
854
8334
9010
5826
3856
165
8955
7055
6502
1362
5652
8323
3772
1869
9370
2175
3662
9814
7270
4964
3612
6738
5608
7005
4032
7092
3857
2296
8622
1946
7313
3768
8472
387
7294
3750
2352
6455
8095
8954
9872
1345
2330
9550
4364
5989
7137
5796
9396
5668
6251
420
9400
4889
8616
3192
6
6500
1288
9159
56
2960
1778
5363
4074
772
8620
5873
805
7920
2478
6296
655
3990
5544
120
8100
3142
5404
9865
364
8736
4340
6705
9266
7689
2065
920
4632
6504
1395
8559
9192
8876
4075
5440
2599
9716
2388
462
1716
5940
5098
6669
7405
2784
4104
8096
2016
2590
6920
2647
1026
1161
8600
6723
1330
1059
3840
2605
3590
4125
9662
9837
1332
1675
9544
2871
96
7056
3385
8600
4032
2823
5070
8200
8590
6259
4110
4512
3711
5940
216
6920
999
8154
8032
5831
1552
15
532
5616
9926
4200
3064
5268
6066
5870
4837
9256
4988
7624
8000
6555
3444
6095
3848
4623
832
2402
571
7140
4294
3168
460
9762
4630
1439
5792
8154
260
2796
7496
2954
114
3227
6963
6381
2715
4042
3152
6522
3221
846
3343
4036
2696
3411
6566
6410
7126
5752
7675
2240
4199
3668
8058
5300
8848
448
1634
8915
8334
9866
7508
5868
81
310
8218
3975
1008
1617
6408
9970
2982
7930
8433
796
5088
7506
2282
6995
7515
5734
7847
1944
4575
1370
5226
9275
2703
1414
8992
8934
9524
1270
1830
8248
8685
7635
3797
5424
2492
8170
2522
7083
897
3035
5792
6576
9651
6060
480
7359
7996
6777
6532
9898
9590
884
4870
4400
4660
7721
5642
1596
6276
9135
9422
1484
8330
1896
5076
2268
5442
1806
3285
5490
8508
7406
7416
8890
5320
4092
6759
7370
3560
4440
6981
3333
77
1614
5064
854
4188
7684
1263
7432
4104
2226
5075
5799
5229
1620
7476
3130
6536
2199
9132
9217
7501
3577
1905
2589
772
268
4908
9240
5615
1088
520
6072
5028
2472
9824
2212
5321
4928
2456
7488
886
4490
5523
7720
1485
4219
1523
6741
4032
9852
5380
3464
7894
2202
4038
3951
9406
9948
8260
8205
5296
1740
9882
189
7584
6147
5142
6192
2566
9390
2944
6860
5685
5167
6670
1544
576
6690
2153
7771
5718
6963
5884
9205
2640
3336
6990
8968
2886
7504
5716
6728
4443
646
8674
5510
9597
3099
4288
8892
6946
788
1594
6537
3186
8847
9142
405
3616
366
1561
3732
5070
9166
6456
1137
6860
860
7090
6918
765
8187
1414
6300
7480
6447
2250
3717
5280
219
7362
8091
4720
1752
1176
1672
392
9414
2214
9252
3078
1220
6780
3655
3452
1960
6298
7288
6313
1971
5853
9723
8445
4040
1575
378
217
250
1415
2254
1850
2085
1530
5373
5061
8590
2463
6222
2263
4360
8465
1571
6579
9400
7491
2587
4446
48
4764
1022
8190
5064
8255
7960
952
1589
6845
7490
7760
8982
7128
5811
3976
2036
26
4720
2528
5340
6488
6850
4010
7770
3591
2490
4156
3960
3076
4420
7007
3138
9856
9414
9345
2266
4355
9737
9510
1192
2104
2756
5450
7408
134
4410
3468
8137
9924
6070
5997
7996
4288
3422
3459
5853
5535
3810
3714
8315
3992
4016
7278
4389
6522
414
3112
5490
1809
6632
6672
2109
1996
8449
7371
9657
8274
628
7425
1020
792
4565
8784
8088
8760
8228
2424
6790
6830
9990
942
4320
5036
2268
8905
2886
2990
6894
2436
7072
966
4168
3543
2864
5202
2205
9904
9352
5895
2259
6500
6902
4448
8142
5920
5024
566
9114
5411
2350
1176
4338
2060
1965
7000
4350
9072
1098
8044
8573
9275
5397
9288
2082
2346
1200
9918
5415
4496
2636
9976
843
4930
5031
8800
4413
8776
826
5620
1610
5724
8228
3240
2406
7898
600
2462
2430
2973
7932
1440
406
3834
6573
210
1568
9255
8596
940
5481
4820
8396
5364
2937
8270
9860
2407
8674
2403
693
3004
6446
8884
9070
7038
7349
6268
5535
6766
1488
7801
5548
4419
4444
886
1901
6908
4480
4178
3050
3892
9220
2987
3676
6228
4602
6290
6616
4819
1054
378
2946
5742
5495
1414
9446
6432
5560
5660
7707
3145
4311
1051
7528
6036
7014
5936
3192
6226
2811
100
9611
9504
1023
3887
9093
994
1096
7815
7098
6780
6820
1500
1892
4071
2090
6860
2046
9736
4422
4430
5240
9426
8660
2940
5790
7011
9297
9121
7720
3801
5952
5127
4340
4704
1830
9424
1550
8240
5762
6958
6412
5346
9555
1000
9485
7824
1836
536
6556
2085
902
2718
7712
985
3249
6797
8784
4534
1332
8250
2100
8476
2092
6225
6813
5736
5702
1038
6741
6395
1845
6440
6180
477
9180
7848
8288
4068
2968
7216
1588
9345
6342
9760
3768
220
608
4850
2344
470
192
1386
3504
4840
2135
9299
8122
3520
207
3560
2715
4812
810
6883
906
6265
338
7
8045
2616
8754
2946
4463
1036
932
6588
2830
2844
2545
3842
5604
5750
5176
3780
140
2598
8445
5555
9673
2610
7592
4752
9128
6450
7195
7895
8065
5120
7673
4752
1584
8658
2406
441
8293
9059
846
3101
7988
460
5990
3462
8622
1878
2010
