858
8550
8155
3478
4104
7936
1045
1350
1430
3264
3294
9300
6792
4026
7178
7872
7520
4585
1508
780
5382
5877
1035
3737
6885
6120
9972
1176
9920
2774
6125
9288
2325
8428
5920
3774
4212
9383
2256
363
4712
8208
3354
5022
9640
4368
6750
3626
5124
4416
7839
3444
6486
935
4800
3888
9802
6642
8086
8640
4080
5850
3610
900
1845
2967
7740
7105
3519
603
8058
668
6887
1584
6149
4935
660
8415
5066
4992
6468
5270
1950
8789
5628
792
7050
92
2064
1364
5100
6786
4410
8476
7416
5390
7524
3264
6192
4158
8040
5800
7125
2296
8682
7896
3674
3696
4026
6499
3465
6561
4526
6192
6160
3200
3192
6400
1372
2620
2556
9522
3432
7236
9856
6962
4316
1406
6510
7056
4315
2813
1078
7900
1344
3204
5304
9963
2295
7530
2937
1870
7035
6822
4464
3388
2088
8800
6424
7317
5236
9065
3696
2340
1065
7568
3285
7728
3072
8016
9120
3294
328
9000
1071
7332
5400
3300
1440
5910
3154
4960
2619
528
8904
1610
8658
8154
1764
9408
7120
2901
8874
2576
6474
178
9984
2664
6324
6930
1098
7160
416
7426
4104
2738
4050
5184
6402
7812
5289
9198
1884
8091
735
2700
7396
4074
5700
9765
575
5616
8328
5892
990
3325
7056
7644
5049
3596
95
1078
5348
6468
4662
8300
9944
6693
9990
7440
4848
7700
6744
8720
9792
1763
9100
4779
3266
1716
3072
3132
7488
1596
8100
5548
5082
4160
3640
4770
7260
9822
5235
9259
5856
2788
4277
1780
6952
1680
4750
5244
6440
9975
8966
1332
1316
5600
9150
7620
9254
6965
7742
1708
1824
3496
6120
7791
4092
416
459
5259
3540
6580
4556
7857
5028
297
4819
5673
5056
7340
276
768
1022
9744
4900
6882
2410
3599
4108
182
9854
3404
2291
8561
1868
7140
1900
6314
2436
4800
7110
9472
5550
7140
8330
4788
9560
1106
5790
7203
5400
2768
2880
3591
1041
3069
8280
3400
8626
1800
7800
1392
3388
6804
5680
9230
7490
8294
8300
6820
1788
2714
7695
5895
8030
966
448
4400
308
836
734
7215
6138
2490
1586
5134
7942
3384
9520
252
4144
9212
7381
5395
6255
7436
2904
7344
9457
7956
5600
2869
4717
9078
980
5120
7382
2867
9222
3600
6987
1257
4002
5385
374
2871
2976
720
4732
8455
4128
6570
6604
7350
6300
3196
9847
8820
6292
5000
1728
1330
3825
7119
4290
7718
3124
9798
9933
4228
4521
7350
5162
1040
6724
3526
8084
8928
1044
5082
9894
1066
2754
450
7560
4200
4862
9400
8600
3160
4608
9846
6188
6816
210
2090
2040
9215
8368
3060
9051
1157
5768
2232
4758
715
240
1664
779
2432
7600
3208
6615
6392
8532
9280
1884
4180
3835
7056
7630
2160
5104
7524
4392
2314
8217
2676
3724
9438
6792
1078
618
6848
8151
7215
9380
10000
6023
7110
9768
8176
114
9720
4085
3542
3182
9768
1947
4002
9288
9700
1044
3726
337
5364
4544
8094
9520
81
8925
7488
4368
7220
5586
1963
9010
3876
8084
7700
8750
3078
7850
8236
4278
4324
910
2050
6882
4169
3510
7584
2745
4512
5872
2100
6450
1472
612
2880
7848
9063
3780
7602
6020
1191
9118
2262
164
4662
3570
6400
8128
132
5346
8695
7567
6324
6816
1008
7656
4656
1408
2541
5161
3128
4011
6049
171
1794
2700
8736
5070
765
4402
6132
6832
8544
4348
7818
2630
8194
2600
7980
3572
6552
4640
224
6511
8910
3354
5472
5768
6642
3904
4692
1260
9750
6138
8643
9460
6077
1220
2350
7232
1924
4464
8091
1352
7139
4026
6954
9600
9248
7738
2336
8700
9464
8606
7569
6525
3302
7542
3380
3885
6460
9954
1925
1886
8343
9589
7450
456
6325
3783
1977
7813
2622
6175
6720
2112
9861
760
1335
6366
1806
4988
235
1830
6096
3894
7512
5106
1342
450
9100
3596
150
380
5082
8680
1674
2257
8835
3760
986
6732
4320
8700
1760
6896
2780
7590
645
4017
6790
1710
126
4214
6164
4360
1112
1054
2178
9462
7544
5162
1702
6468
568
1995
1558
6390
6660
999
6734
413
1008
8160
3116
6196
6720
6100
4656
4320
4608
400
315
4686
6308
3542
6365
882
4047
42
8426
6885
9999
3960
480
8246
7408
3219
5325
6674
3360
8303
8024
5168
1316
7095
2184
4087
8760
3078
7264
1302
1920
6223
4833
5056
624
6384
961
2048
4941
144
5696
8120
5796
9999
6828
540
747
7340
6912
840
2852
5910
6304
3726
6068
7696
4284
5424
3840
1763
6205
4140
2826
6552
2808
6450
2207
9424
6510
9456
9295
4245
7711
8976
510
3648
6903
1768
5699
3240
810
9964
442
8001
1990
465
660
2262
3190
5970
3900
6562
7524
5460
7912
7064
3495
3916
8160
1904
9790
7791
8520
5239
1964
3136
1786
1400
986
8370
9585
2144
1512
9126
3268
8400
9990
3528
5512
9576
1248
1325
7524
5688
3186
2850
8610
1534
6500
3481
7878
6104
7000
5268
8239
8820
918
1230
3822
9553
715
9900
4360
5481
5335
4800
5664
3381
5840
6386
9350
2046
6992
9300
8251
1830
8692
1716
1404
918
3605
5548
3740
9500
4144
7704
3640
8775
680
4275
3654
1400
5372
2870
4944
6992
592
2210
8316
5824
540
7124
3658
4488
8550
420
6412
8080
4579
93
5063
4128
6846
1496
1848
4477
5590
1368
7500
9072
7917
700
672
7566
8792
8492
6200
8436
9984
9681
9390
6916
1680
7784
1925
5355
1836
3717
8775
5070
9945
256
7550
9599
6944
8990
9472
3234
3672
4760
7740
2352
4240
3182
5844
852
2639
7160
2429
3525
3440
6688
9848
6460
8241
8712
3249
750
1872
2178
4600
660
8785
6726
2760
9152
162
1704
1560
3009
9347
9084
8172
8944
2688
7638
7293
5588
5817
9648
1296
9306
8910
2997
4453
1209
6099
2392
6688
8400
9200
1485
3380
8730
1088
2656
6056
9976
5520
4590
3375
3872
9906
6624
1200
5025
4653
9600
2752
6408
7140
