8925
2690
4794
736
5220
6365
8130
270
2110
91
2002
3825
7935
3345
7290
7328
6566
6358
9894
4184
6985
5550
3927
6839
7810
4700
2464
7248
7140
2367
7792
8940
5346
7020
2850
400
8700
7920
4515
3910
7667
2755
7138
1812
1746
7656
9789
695
6900
7605
7514
3196
6156
1968
9595
5058
3382
8604
5992
9492
6650
999
7155
8448
5896
4130
1572
1998
8037
8496
3904
3268
3848
4592
4692
9022
8855
3000
6758
1380
6440
8814
3672
4105
3339
8122
3952
5940
2782
1966
1270
2600
8595
867
3258
4895
7514
1578
3745
4320
3795
9980
4446
2010
1692
9146
3417
6945
6708
8580
5760
8670
6716
6820
5988
4912
2952
6965
2000
8775
4347
8671
422
8154
8800
9520
8680
5782
8043
2385
9380
6585
3005
7630
1278
7850
7429
5089
128
2108
7533
2412
5280
9045
6559
1764
4494
4972
7360
3225
9193
7500
2856
3303
4873
5320
3565
6734
6816
1606
4776
8568
8338
9300
7952
1984
1782
8512
8600
1260
985
4686
9516
5005
5432
9594
2755
3317
2889
4526
7376
6760
7076
4845
4400
4907
8000
8481
1550
5128
4578
6992
9054
6888
1545
8388
2670
831
5157
8325
7840
9930
1758
4140
2574
2101
4745
8820
8060
6230
3850
3402
7552
9972
6360
3423
9656
5499
6748
2820
4082
8610
7240
6220
5229
5049
9370
8
207
9536
4736
1292
3680
6716
4600
8976
7830
780
6615
4740
4012
8946
5760
6902
8470
8400
5037
862
7731
8517
8280
1274
5491
9112
5472
8140
4758
2556
2834
105
783
8004
1182
9447
1859
7475
6580
7380
1186
1544
3792
3516
247
4875
3580
7790
1852
6167
2150
4464
8459
2675
2310
4572
3700
7076
3312
7872
1818
8307
6000
4018
8822
8100
7500
5648
3810
9750
8792
1934
4368
8964
6643
7416
8697
714
762
5952
9560
2256
8742
7210
8472
4230
9614
828
1000
3528
6902
950
8020
3424
5120
7560
7840
3405
4080
4080
1968
9632
4884
8280
1044
6344
7848
5993
748
3312
623
1980
6615
5530
3036
2259
9718
8643
6975
980
9174
6433
2240
2350
186
6342
9576
8979
4257
4536
8379
1032
9780
6468
3780
6567
6363
3021
9315
9639
4434
6600
5870
8930
7920
8140
2952
344
1500
3322
79
8007
9310
6120
6968
275
3928
741
7136
486
7100
2668
2967
1245
956
9600
7700
1348
8635
1684
5150
5340
3108
8470
5140
2934
5184
6308
2664
7175
8180
8008
9600
9065
1306
2400
1672
6760
6588
8096
4930
3234
9174
972
222
5112
2808
5054
3834
5620
7460
789
9975
7812
8292
684
5256
2550
5145
1839
1708
1530
3316
796
6480
6816
3740
7452
4590
3752
2040
453
3750
208
972
4275
4048
892
3760
6754
2685
1776
8224
4950
5390
1125
7020
6383
1582
4905
942
5796
5644
9488
730
4599
7574
4620
9126
3484
9462
3591
1452
345
2364
6356
7761
9248
9729
9715
7695
7488
3949
4046
4368
6156
7906
5194
1360
1265
5418
4473
4851
3852
9735
4728
5740
6160
5420
2718
8778
9690
908
2600
2416
1770
5290
9893
3520
3555
8064
8523
4278
3140
3432
7312
1192
4992
8668
2556
3272
3680
2412
7314
1803
2856
7500
1406
9600
6160
1816
1028
1398
6996
9834
6952
7749
5698
4662
9126
4680
218
7596
3092
3660
1642
7106
9552
8660
936
8257
2211
8802
2520
9620
6956
2720
1529
5000
7254
3444
3360
5920
5394
1056
2272
7567
2324
7020
6885
9430
1038
4780
3008
6336
4564
4606
1210
7098
8679
1836
3910
1744
6699
6496
5481
7884
6377
8636
6460
6015
904
2673
1078
4487
8456
593
114
4704
3267
3496
9728
4048
1729
7787
4044
6342
5600
8988
3520
6288
780
130
4070
5808
2497
6780
6176
4661
4683
6057
9844
1452
3960
9264
81
8910
4110
1518
7344
5142
2620
1767
3228
7410
8676
4939
9570
7140
4256
5200
8364
3456
6776
9594
340
4536
3340
7644
3116
5544
7161
6345
910
762
3816
3872
3882
5384
3537
9288
5548
2093
5010
8280
8334
6498
1356
5712
6090
4927
6462
2792
7803
8064
4824
5022
9900
3948
8370
3420
3965
6035
5700
3060
7595
9537
8952
1263
5820
5610
7140
5632
8874
4380
3096
9254
8928
8379
972
8275
6699
9420
1672
5152
6876
913
1623
1575
1014
360
1368
5874
3490
811
8296
4140
3192
3244
1624
5504
4752
462
9558
1850
4400
8240
4320
1014
9000
6656
8115
3411
1884
2916
4400
6272
8316
1682
7692
6633
9828
6530
9120
4158
8775
5510
5859
1542
603
6160
5844
5704
3120
3872
1012
7371
6864
6266
3784
7680
9380
9603
1905
5986
826
8568
7326
4371
4298
884
408
469
5172
7440
9599
3668
8756
3900
1144
5880
4438
4110
9352
2915
2896
7680
2625
8436
658
8740
4095
5390
3264
6120
6336
7242
3000
9174
5760
3144
3648
5766
1672
4550
7718
7096
8496
6670
480
1646
7711
6210
3752
7238
5073
7238
4956
4473
8652
9636
7353
9042
732
5198
840
5830
8625
6678
3432
4245
7209
3138
8865
6744
5096
7553
1782
7345
8732
2015
2109
1092
6066
5270
8756
7227
6562
3423
3055
9129
5125
8536
1617
2424
3850
4212
6656
7424
9348
2475
2136
9890
281
8128
6723
1764
9860
5334
5168
8775
8756
4088
9369
4675
816
6016
9177
4554
4752
9020
9686
1846
6624
7592
2640
1660
4329
2448
2800
4600
4680
9720
2397
6050
6230
3296
5082
3830
2568
6018
9802
6770
4872
2820
1716
7623
2816
888
6027
2486
4760
9380
7832
9379
6624
8580
3310
272
5392
2334
6120
1020
544
4959
3832
2160
9108
8740
6176
8670
8346
8055
754
1840
7880
672
7050
5352
7205
9729
1320
3705
6512
6402
8910
7068
6336
9805
3960
4900
3800
6430
1380
5840
1092
9594
2139
2325
3423
5346
2352
3452
9132
2354
8138
7758
1593
7820
4424
7344
5715
3519
6171
848
7208
3500
2794
7497
6832
3936
1904
7076
8442
9911
5304
4102
2893
9731
4896
9490
8430
