8400
2657
7701
1596
940
9046
3367
9870
9040
6188
1419
4316
9983
9440
5427
7035
6137
6633
1469
8373
6566
5835
8994
3077
5970
9900
6660
7188
2984
8079
7777
6127
5097
8480
6740
8818
5900
9304
8548
6963
5234
9754
4602
8508
3885
9400
9252
7314
2859
9144
6036
2549
4306
1297
8812
7336
6924
8082
8875
2705
7755
3844
5368
5142
6561
9143
8422
5179
2194
5488
7008
7098
9875
9054
6370
8079
4256
9499
1400
8577
9253
4204
1088
7160
8673
5825
9729
9648
9500
1064
8556
5600
3723
7095
9300
7879
9852
7802
5723
5157
9819
7278
2368
4144
5416
1090
5494
3081
7605
3178
7788
3708
3636
8852
3494
4854
6114
8167
2284
3782
6970
6102
8598
4154
7131
4600
6632
7752
4368
8328
7380
9601
7926
8482
9466
9464
7663
6427
5939
9890
9546
6076
4804
5950
6408
7925
8730
9370
1458
2071
7575
6790
9253
9768
1449
7848
5877
6274
6520
6273
4804
5715
4767
9758
9359
7398
4355
7438
7209
9375
8310
4929
7245
3274
6063
4190
4226
3774
9966
4407
9763
6942
1320
7419
8366
8074
8048
9096
9467
1982
7600
3143
6867
1971
1430
4567
5027
3301
9618
7599
645
9621
7810
1571
4995
7358
9100
3628
7714
8886
4229
6970
3888
4340
5538
4351
3609
6025
9426
9220
2972
4411
8765
6921
8789
5720
6246
8025
3777
5907
9465
3556
9176
6756
7855
3266
6680
9140
5582
9738
5994
8670
5519
8070
9204
5090
8093
8327
5600
2637
5532
7317
7917
5273
759
6120
8437
9450
2244
6989
4430
5616
8110
548
3478
5016
5562
7813
1716
6904
5220
4521
1239
8824
7644
7152
8539
8554
8648
418
5706
5289
8785
6674
7971
4083
9030
8270
5303
9484
9270
8090
8130
8926
7653
6174
9128
4085
3935
8264
6322
6780
9830
9552
3399
9669
4324
7689
969
8327
8250
6511
4263
8114
8890
7102
9123
5439
3864
5729
8178
4471
4674
9748
9681
6112
9644
6321
5674
3481
5823
2941
8435
7408
7792
7312
1506
6112
9320
6443
8978
5034
9192
5898
9439
7150
7209
7700
6004
6096
1984
5399
8442
9947
9073
5943
7752
3277
4948
5214
4804
9528
8204
6195
4326
5238
9172
4078
4631
7504
7862
4147
3310
6575
3590
3982
5807
5829
4052
4351
4796
5618
5358
9330
8705
6477
8397
8550
8468
3350
5384
2064
1491
8472
8652
5917
9300
8426
9278
9418
2640
3065
9172
4986
6346
7812
3455
6406
5430
5177
7741
831
5761
8670
8344
8737
1068
7284
8084
4642
6297
9342
9697
4752
5358
1719
6398
7859
5525
9999
5848
6858
4683
7880
9806
1295
9668
3579
9858
1849
8313
7120
7591
9939
3810
7848
4582
4179
8226
2757
8240
2596
3770
8245
9079
2116
8808
9175
7808
9654
3261
6783
3012
8929
9962
2973
8451
5912
8996
3929
9435
5168
5287
9880
7870
8361
6956
5342
8003
9690
8526
7405
5850
6287
8236
8762
4535
8522
6741
9306
9087
9616
6726
7805
6744
4943
6612
8709
5725
9629
4443
4589
942
4122
8354
5343
1135
7614
4054
4855
3463
6757
6431
9754
4450
9656
8244
3828
7962
5053
3828
5909
1786
9285
8760
9930
9686
3078
8808
5197
4812
7862
5688
8138
5637
8319
7964
8568
5803
5066
7662
6704
2597
4316
1973
9844
7089
1569
7072
9289
9368
8359
3405
5228
8992
8985
5994
8408
4559
5899
3969
7815
5265
7421
7348
9718
7359
9378
4947
8696
8808
6894
1938
9915
2505
9138
7968
6764
8324
5346
8156
1320
8272
8574
9516
9581
6553
6458
8988
3463
5304
6142
5392
2454
9340
3586
4875
3996
9270
2961
5095
8334
2628
3267
6630
6583
4192
8823
6225
8114
8384
6172
5287
6440
9637
4692
2162
5879
4998
1796
3966
8592
8820
2687
8614
2776
3814
4971
5122
5308
2827
2588
5859
7376
9598
2950
2769
4116
8262
2044
5178
3934
8953
235
6026
9765
2902
7741
3469
5638
6626
8609
8259
8917
8138
2100
3689
2518
8604
5602
4060
6704
2657
9208
5470
8165
3636
9109
3487
8065
4040
5680
8577
8409
8102
9472
8172
3291
9327
9170
5867
6718
9750
1804
4182
1596
9156
2559
9465
8716
7308
5766
8867
9636
6333
7973
9224
2072
9061
2957
8844
6962
8707
9750
6002
2628
2253
4860
4434
8572
4818
7623
9387
9179
7794
3288
8277
7400
7569
7744
6079
7934
8227
7602
9168
9656
3041
5571
8472
9764
7376
4642
236
9695
2728
4881
3795
9967
3825
1724
6000
8976
8376
3894
4994
2598
6091
4752
7812
2540
9703
3188
159
4123
6167
3042
7602
7668
8408
8216
6378
4542
5114
9064
6592
5887
7278
6474
3682
7845
2657
8235
7972
5261
5964
3951
4044
2846
8787
993
6266
9737
3570
9336
3650
5194
6219
6212
6756
6145
6767
1896
6372
4473
9161
7710
9744
6521
4876
5462
4505
5023
4836
8046
6175
8820
9678
3058
8741
4948
8098
3398
5220
7425
8652
5046
9872
4677
9146
322
5095
7568
5982
2475
3951
1842
3611
4223
7567
6652
5014
4911
5225
5884
4790
9294
9422
7184
7476
4358
4965
3342
7572
6036
7087
6576
8514
9765
606
9992
6556
3799
9042
5360
9926
7764
1464
6840
5396
3302
5002
6022
5896
8256
2764
3736
6244
8760
8463
2256
2695
6170
6094
9414
7534
3069
5227
6025
7185
6271
926
8256
8256
9412
7988
4807
5298
9000
9657
7800
4018
4423
1916
7754
8442
4500
4110
8700
7430
6416
4017
8086
8665
6901
7938
4124
6794
1701
8850
9720
9344
7635
8287
7240
8272
9774
9604
4000
2466
337
9994
1020
1351
9957
6640
7250
6546
5920
4400
3474
6414
6795
7117
1358
6610
3171
6405
4284
8680
6728
5472
6948
6984
3916
8211
8121
6237
5648
6000
9592
9652
7176
3816
8079
516
7653
8472
3005
6526
9984
8721
7616
1893
5414
5925
8648
7465
5554
3368
3754
7792
9640
5698
6275
7634
4478
5502
7070
8270
9396
6486
6288
8228
4948
9083
6789
6867
6916
1713
6764
7876
5500
8676
4224
9025
2649
9622
6657
3703
8146
