1000
1 10 652218106436796214
2 3 254981032612340089
9 10 43257805290005169
3 4 485092553633853259
5 9 9155240810506166
1 4 736936359415564574
5 6 294583958857954339
7 10 214069775082761883
4 7 53968982216648504
3 5 462566011739388613
4 9 65309763327573676
1 6 285257266849780640
8 9 118690057899917005
2 9 99827227007608246
2 9 46295763274396381
9 10 158098579101068312
3 5 219000108667199699
3 8 348511708780178058
2 5 525065298962408872
1 8 861797418945745557
7 10 74283955349081503
8 9 140724774908090713
5 6 112424224690482543
7 8 73142615590456948
8 9 92966334046477040
5 9 239363394697761659
1 9 493220966513783254
7 10 111477209513577402
2 5 304190640909228705
9 10 10066867884187098
3 4 7756781553177164
4 5 313710486143973746
1 6 40350704335065130
2 5 445617456421042277
3 4 236334770480454163
2 9 500323323229870647
1 9 304588362148200121
9 10 87130483507669869
1 5 134420220204531719
1 9 229538645034716834
1 6 468671314029617725
4 7 327881367870323079
2 7 247926404382735250
1 10 714943407022893957
5 8 224167210898963781
6 7 70630846978305764
5 8 163640302414755856
5 7 119817493712452911
1 3 393055589425137276
9 10 9459600146775622
1 10 144769590255252461
7 10 154380955624080963
1 6 124608026104362633
5 6 40815912459751240
4 7 342775300925348951
7 9 121107902354720090
5 7 241268132640243900
7 9 95697696342670498
1 3 591576611130805532
5 8 47290279789206476
3 10 223225471118348909
4 5 160992221138292967
3 10 349035421051540202
4 9 41659548255154437
3 10 114757823475228437
4 5 158941288367779836
1 8 612667396584072887
1 10 415417935228526339
2 3 619152530473554518
8 9 209007008873515921
1 8 243547172767834787
6 7 21905352277215252
2 3 54540261656156295
3 8 175811417285578734
5 8 27641419076113183
4 9 232544319592908293
4 5 297488500010628583
2 5 470343273510309846
3 7 175991085325274730
1 8 913335159544162725
1 9 779173860822872939
1 10 248687051948050311
2 3 430335110938269870
3 7 219673751759818518
3 10 282945171751527554
7 9 218382269290298505
2 7 97175750235085917
5 7 265098484474151247
5 9 33780935056651309
5 8 272484908205438816
2 7 374516542990382892
7 9 92153402808932770
1 2 60115042428456750
3 10 2650057782416521
2 5 377341206130484500
5 8 62363771906219157
8 9 156598076807393480
8 9 190835947027285942
1 5 78265875581183057
7 10 65040239250036536
8 9 192236765857938142
4 7 336022621985264306
3 5 435802229973116064
9 10 165961896306340782
5 9 133227014002114736
3 8 80291032267912698
1 9 844445368681474107
2 3 660427231827758286
2 5 536969809524876429
6 7 100315931578480081
1 7 388542258283281240
2 9 402553370146772518
7 9 128786656768851000
5 9 257199888496214236
5 7 12042320688383347
8 9 117808977843000322
4 5 280871443351624429
6 7 59041168073633203
7 10 197190948080050635
9 10 89373660904839705
4 9 14909041303205363
6 7 116827974074587727
4 9 165773982303377322
3 8 278743278243792479
9 10 50098070048127706
6 7 120394312509940448
7 8 140642376953267825
1 10 477674841430571840
2 9 446680173229731631
2 5 4289881434836946
5 8 95537504272188165
4 7 347737935850397691
5 8 223869331287407508
5 9 95848589023033991
3 7 4502746111425374
1 10 491646278808708531
2 9 505170669117049486
1 7 519070633513625605
5 6 301272425063566071
1 6 844144697786755546
2 7 183586959325201677
8 9 130808892892317439
3 7 106593633779658682
5 8 72184978037467979
2 3 514917377314654900
7 8 172133893411786139
3 10 347355457746407114
3 5 103753164967996148
2 7 203916831904273912
4 5 123333363384503177
1 8 256347017724663335
1 4 185052420199999131
9 10 139936962622641679
1 2 729845604430568223
3 8 145138708862017063
1 8 692383207017068751
1 6 301961190286849096
4 9 229484247340069239
9 10 137820046935460400
2 3 532376732841463249
1 7 120237855406941312
4 5 316795208969516521
5 6 165800825988858969
4 7 111778514946180809
2 9 444747874774228351
4 7 343404121457952140
1 9 310336639944304853
3 8 242463518582296013
3 10 229249946580922138
4 5 355128455489124753
5 7 27758431620750075
1 8 885466333075765604
7 9 5710174457838328
1 9 691696763170945494
3 8 236348017424899634
4 9 221633790107036325
1 2 766003246608022124
2 5 502297234664399492
3 10 207221538791212423
5 8 186509899515853148
3 10 51846111905564854
1 7 359013254021661791
2 9 267259627327310671
4 9 215198116142037927
7 8 183604362817044855
1 4 704001612842696432
2 7 440509352422707998
3 10 191261129033165654
6 7 12405980427703859
8 9 196306819958058176
9 10 41571109786338036
3 8 365944231432732581
2 3 20571658486935902
3 10 384426443853878053
5 9 259386146082921252
1 8 875796878380363625
3 5 40078338833237873
3 7 104069821231234011
2 7 550069994288072085
7 8 4462920426672622
1 4 812767658867651586
1 2 201658334556339134
7 8 83909485132693269
8 9 149425225024574593
7 10 186592796988324938
7 10 21166501668088297
3 5 287790371537416510
3 7 427072344344857882
1 9 208440223364153755
9 10 136186675093488907
1 5 502020608630746963
1 7 100467267904312963
3 4 314293268872038405
1 8 589585169803477946
5 6 53959904321910014
9 10 192852191768231490
7 10 108231119936188210
8 9 221790107992243720
3 7 124399648819909642
1 6 254311712331184267
3 8 128424696786852701
8 9 152148682812342186
7 10 207435836400748465
2 9 14976135406556405
3 8 4231641363880211
6 7 3522783675730249
4 7 199270756119486267
6 7 186645252899550549
7 10 75970365113035479
3 4 2620615219826864
5 7 211148485609646817
2 9 308624202586524850
4 9 46872055102443312
9 10 133527393116953954
4 7 123714803187255125
8 9 135072824161700871
1 6 441480264950114685
1 7 27614638381892636
3 7 312376670307057399
3 8 48956995373244039
2 3 529809924521387311
3 4 142865290076279152
2 7 42865707018007177
1 10 811984659321064852
5 6 185334905416542025
3 5 116623627001906449
2 5 360288641728542374
4 5 51757785816592157
3 7 92604667252464847
1 10 217923516968661037
5 7 108698298660545309
2 9 287912218414318685
1 9 908751114656815839
1 8 561611534539412231
4 7 44895140193642426
8 9 103678135799510542
4 9 38415185146744132
1 4 918027566987785861
1 9 72706000819155147
3 5 128492503364291367
1 3 355571151630994775
3 8 104188962943630296
5 6 125339917040440288
7 8 31378712459923117
1 2 994384749289102061
1 8 294895534429467071
1 7 483288717370796184
5 6 286647966115947345
2 5 223897042242912845
1 6 291606378301783349
8 9 149880928685197282
1 9 897318200455831698
1 5 500476062375500202
3 10 272153963016537620
3 4 481503539233978421
1 6 755701083111075713
1 2 191077945133195571
4 7 50548211701386472
2 9 89707138189500623
3 10 193599150713262641
4 7 26407637670606205
1 8 889775547266648367
3 5 250219430006953488
7 8 111946121530454177
3 10 341199672889070012
1 5 798557362717262894
5 6 192435602129077255
3 8 83675433998042854
3 7 415010534315797876
2 7 203020156469228544
2 9 214508449382077647
1 8 955541877280801943
5 8 196658659259422332
1 9 559270796837994310
2 3 529112351488305832
1 9 614343790447745469
4 7 303359453510042043
5 6 178527361652181604
4 7 49388536089790157
4 7 145725816011226208
1 5 284285241555398055
1 8 833561653008278460
1 9 119338481962993630
7 8 102631380828073805
3 4 178398098632972498
4 7 86460408525878201
1 5 918066467121425178
2 5 345656249012421776
5 6 221565450475062647
1 9 937603637479030116
3 5 221888759898187476
1 7 390089201948561953
4 9 119831080908097403
6 7 114059428751621724
1 6 823794043014275968
2 7 524687447532144367
1 5 306478134765469612
1 2 225920498574274437
8 9 69737388082879705
3 7 5975311295386475
8 9 102748412716248636
2 5 87381970500836378
6 7 125830138812268969
3 7 251161928305914586
3 8 267447668431433775
3 5 338246855348422587
3 10 198210098072476417
9 10 145845425055548347
1 9 896620515386265469
1 2 326388947005085964
3 10 226089142160433520
7 8 221754634364928001
5 7 183941108324141576
7 9 60278267209720339
1 10 267844324147542021
7 8 226319272806837429
5 9 55406979258622008
7 9 53990059080539900
7 10 78263892164139758
1 3 1293214726940277
3 10 280374942127838746
5 6 329061651517134479
1 4 347939580973073795
7 8 85623039035290570
1 3 800419631686881459
7 9 110647471776967364
1 5 505213714610479034
1 3 717926389107144882
6 7 40121882751320498
1 3 355342989592404221
1 5 626575989226933024
1 6 539874674719374215
2 5 486250290108414090
1 4 648645368512324519
4 9 14142167972730496
1 2 55714232253006371
2 9 317769535954275262
5 7 97312410797270651
1 6 333274879538071498
4 9 259793483220820242
2 5 132934545641999420
1 6 137378576807972189
4 9 114804394208912737
3 10 244896243124776894
1 6 563355559836451758
1 10 145319636209129409
6 7 154909366732106976
1 2 498355336897213948
8 9 178910249845212631
5 9 288816141616872235
5 7 57930941889757624
3 10 154856410752487962
3 5 463764496748528604
1 9 505435285956434069
8 9 197216376040294504
1 5 617922088494042910
7 10 135126827692344316
9 10 22431830109403654
1 6 463529331720031344
1 10 782826169517081756
5 6 313738163305868245
5 6 283731242168698103
1 4 615102828300179876
4 5 292959733849989829
2 3 45545081446545101
3 7 188396014189512220
1 5 55590768798549142
4 5 12956234065166675
5 7 271959128023221830
3 4 32608805885408422
9 10 58986754733569930
7 9 145660312615290936
1 8 609362393186685017
7 9 210453904564180319
4 5 332232050531378367
3 4 177193448819645095
1 7 181208654755810483
4 9 184959283501462578
1 9 386201173919858797
1 5 748584783008594067
4 9 158030436924998077
2 9 241248658541906389
3 10 87037794340126422
4 7 155301231886202734
1 2 371123104846157406
4 9 192092539989431875
1 7 303700483900072797
7 10 167931507797344432
5 7 5808979475146688
8 9 81413421040614321
1 7 264033568873324527
1 3 756218247438761852
8 9 115152997052590620
3 10 329894581451418320
3 10 182301343193579491
3 4 455826290052386265
2 5 297366409803093531
7 10 211035922660895721
1 6 474504585027333846
4 5 330330227155080529
3 8 5172614049662450
1 9 980889117730600561
5 9 210988617922759143
3 8 231428540046060041
3 10 260514217286246012
1 3 431289255001199447
1 2 776957070574000142
7 9 117776832378715764
2 7 71262126205727995
2 5 537693359794516638
3 4 402162945201645923
1 10 313248973824831989
3 8 314782446559548942
2 3 427629562233946291
1 2 419653667412720705
4 5 7819127731377264
4 9 192871210039554954
5 7 103857327679313045
3 4 420539873081300984
2 5 371493321702012866
2 3 129757444560892856
3 10 360376331944421731
3 8 9246477396072834
6 7 70142278584035699
1 4 135762571041021516
3 8 232760305351150629
3 4 245779790050347409
1 7 839589096229872438
2 9 438812042286495505
9 10 127496449430695226
1 8 210652705773207717
1 8 366578214024775506
3 4 478075548767281439
1 2 966211647341911388
1 4 302053320940602167
1 8 437184591819929649
3 5 228460902961780214
1 4 616940467142531477
2 9 172204969475924359
3 8 304192907637968995
5 9 8484798117349260
5 7 232885523021998187
3 8 166142480107362443
5 8 177744754757224115
1 2 472377584556786270
1 10 490377788479156449
1 3 398992473145279575
3 10 27797626660558390
3 7 69436745036198582
2 3 660636096705711475
4 5 50535574433465265
7 10 192836379433256525
1 3 321105271774534929
2 7 324187561649278364
4 5 264612623239220590
1 8 977516962160881991
4 9 214940065973486829
7 8 19772674036094091
7 8 27472081414966596
1 2 288114572698366914
3 7 172968948507252016
7 10 109759477374271659
3 4 123635235882335754
7 10 59078072543767703
2 5 478535197546284204
2 7 459693206624148758
7 10 202326658533518924
9 10 146137725207623019
3 8 267944978094166029
7 10 45666692150039940
8 9 194410759128678717
6 7 247963066652884160
4 9 46098532100406500
3 7 302683039087575081
1 6 382850386265336157
7 9 236839765986929844
2 7 300148783579070775
2 5 397430249177202029
1 10 375583891844508126
1 6 321545043527872352
1 6 451578949180649285
6 7 151260447136676295
3 4 248385233226638804
3 10 74402175698746831
2 5 93995845239407523
3 10 322979151562464686
1 4 517483949287013694
3 7 210547945380822347
7 9 7244918660987594
3 8 358954180535941175
1 3 996077910264328558
5 8 47669107735339940
2 3 498190775870641079
2 3 195821384519394560
7 10 33476608714095410
4 5 43881069238352329
3 4 460741536128856561
1 2 111549800409207394
7 9 101492607499130281
2 3 248993106370000259
7 10 178420754097524039
9 10 143175807216307546
1 3 519824203573626451
4 9 106077721401656563
1 6 369158137469666956
4 9 158450530222402582
3 10 317289504329144547
5 6 29921729229313801
5 6 70929379541513757
5 7 226090182817204142
2 9 351381873139334854
2 9 247566479732414812
2 3 60661089619376794
9 10 39811208082437968
1 5 949040929972540157
2 9 384088587447240588
5 6 230956738294785586
5 7 107494158562118421
1 4 871864089316107445
8 9 67203192307677804
2 7 273066402648886460
1 8 990883319735530604
5 8 195769719988969086
5 7 107229831716212888
7 8 124681894754528939
1 6 598575295101079338
7 10 37868861560043873
2 3 56816400313019517
5 7 55330991615311543
1 4 934427038592658488
1 6 903281326210044457
7 10 113970149992601837
1 2 398510485878974936
2 5 171378465918901864
4 5 353958869607430443
5 7 267660627425311534
3 8 78698964963899444
4 9 40365980225044526
1 6 864469950392710559
1 5 210680278422373947
7 10 75566980121841343
5 6 285510682336057219
3 5 112363123396272043
5 9 246571934163536041
5 6 119359332996028109
1 2 690477389409123141
3 5 92165059568524926
1 2 413012665503742008
6 7 134199890362022422
1 8 357111556365698121
3 7 91351927162833204
2 9 497785359234422667
4 7 46055622173617869
3 5 406614137950589493
3 5 78484772050066028
8 9 85617738473024403
2 5 26231704329193485
2 3 441527710235118329
6 7 29985511987876452
2 7 187598892711873675
1 5 882147368462296792
1 4 826215339446796715
2 7 431523225055146367
1 5 432850214539819336
3 10 22837287094264716
3 8 292747531842667791
6 7 175716846233595555
2 9 493083385901749570
9 10 183988761438943480
7 10 88377011713110724
1 6 232640096727793239
2 5 113007031729755464
2 7 106791407042410706
5 7 218888250665121216
7 8 126716806400913102
4 9 79304030956344120
5 6 3659734013528666
1 3 284053753603559454
2 5 70680285206885335
7 10 126959374741776228
6 7 138051838016461901
5 9 105524046330115769
1 6 868563747434306270
1 9 302206162930129513
2 5 335677999189987238
1 2 686395557067056693
3 4 270746502356244634
4 7 211942473102582008
4 7 348176696518845833
5 6 52940864268153894
1 8 32344754865808561
4 5 169081639431692647
1 4 440449947880594535
5 6 203776911306431802
2 3 187071330154938119
4 9 126316711344687677
2 3 599361573277289137
4 9 171032095767943943
1 4 727772184949878909
1 6 316291015955149702
3 8 120584277227421631
1 6 764766530110439727
1 9 221423429034265398
3 4 267495547712242293
9 10 59102332796520349
2 9 356710936674204158
1 7 802352706004851143
2 5 313060192012118563
1 2 727072773046578188
3 10 117190072333349163
1 2 372273269138910828
3 7 297074694331154576
2 7 273867658156323085
5 9 144067912089493851
2 9 463066489912513475
7 8 158253604304619921
3 8 211716548756181418
1 9 585312490249805962
3 5 431605329917722944
3 10 374681683874478845
2 7 337424392319229105
2 9 113877697583673046
2 3 210315885497140226
3 7 407170079812027668
3 4 154529276137853794
5 6 193838602798202951
8 9 59143500607153011
1 10 49681152447094580
1 5 621718265332130623
8 9 212754568315515785
4 7 152801408945994598
5 7 91820594740086532
1 3 13914674903093818
2 9 313848874265218311
6 7 209808477162282370
3 5 45276325392559451
1 6 744993478082454196
2 3 228792407497324648
5 6 322674363407471391
9 10 191792900032893698
2 3 424494620127929454
3 7 120522686214655044
1 3 134033257936806960
3 7 407850975921112655
3 7 243216644098561150
1 10 751228090618981903
2 7 476145876688231355
1 4 755533126644409241
4 9 219927474966018135
4 9 304007779391987959
3 8 361333830770623682
5 9 18834806627781693
1 6 905239061618430469
1 3 791423868954807816
2 9 155551800682680006
6 7 46817027396537655
3 4 154394725349107506
1 5 605559369915143360
1 9 225013104189384286
8 9 96546310784039967
1 3 30928995702212889
2 7 164635167665303466
5 9 97432423484238524
6 7 86450029604833483
4 9 190990099816726397
1 9 590165814427459949
3 4 367341751137252560
1 4 65590278288220767
3 10 247159401838064288
5 6 44895372042123979
1 8 973397094870616040
1 5 764735484013641784
6 7 41782368985352668
8 9 206695757494877759
3 4 392266467681934072
3 8 325313150617595837
1 4 719065858435411041
7 8 17879926816410668
5 9 67019136535483361
3 10 85176358105802579
1 5 472433595113895331
1 9 1519266281280317
7 9 55871734637224854
4 7 299438958892788585
1 7 576386516499088693
5 8 73254335597162105
3 7 170005881209250038
2 9 36182103635531462
3 10 20016739734025427
2 9 32139891585189813
1 7 102205684510758196
3 5 414335178982415266
5 7 8914290932136204
1 3 35568728766828449
2 7 534890309877360279
2 7 481012739670477268
5 9 34836780257153044
7 8 169120853526688734
7 9 11169412794839177
1 8 595591065507248780
2 9 68592769779633215
8 9 52127524571781836
1 6 644591424969836067
5 9 74606368884619564
1 10 125770770420363240
8 9 141428647542651695
5 7 306000621945932455
2 7 176876534937580267
4 7 81960687692897241
1 10 269801737107804269
3 8 99157942070254505
4 7 300858871798799786
3 8 26510672987664753
2 5 526194408895807980
3 7 324340027604776864
3 5 191495228661111471
1 7 276786756808266672
3 10 102581959431926532
1 2 3897069676034305
7 8 183213803565735192
1 10 60199611062224223
1 10 192419287230760313
6 7 25156751466082596
7 10 155289836508554107
2 9 380351475582243467
3 10 270201152263474292
9 10 58530815985267531
1 2 166832908673740791
1 10 464924335060011142
1 9 46550916726174154
1 9 468385862887935058
3 5 268523990105425979
1 4 580135660359942836
1 8 396594176393373408
4 5 263184842200573733
4 9 80595882450848656
7 10 223112466947005304
3 8 260910731326689984
4 7 196067827736901968
2 9 106576655419172303
9 10 9155103035915450
2 3 164907416759246664
7 9 11141396538064360
1 9 328113641104613764
1 10 857968484692121982
4 5 309458824930378081
3 4 410048463824218257
1 9 325362090078097589
5 6 135388733406317178
3 7 402774020616465750
3 5 40809224602612535
4 7 11466475080819817
7 8 132179517620102379
1 2 801390363160207970
5 9 116585050025658577
3 8 395600616368615395
1 3 489274633487409958
2 9 403226310976567221
5 7 86473284304544182
7 9 216524482827141128
3 8 152476744081506635
2 7 461968116597988542
3 10 51057201411042015
3 4 104231729606907966
8 9 16965794591192789
2 7 476495125424847298
3 7 46625430061303293
2 7 416799573992819945
5 9 7408142539863873
2 3 87670915146442202
7 9 184415653011026864
1 10 455169239940037482
4 9 157133808750483693
1 2 526221362256347689
1 2 387059583952978269
5 7 295439215854345791
8 9 52002110075633098
2 3 380575406323975832
7 8 3514306891099971
2 5 167337610386524865
3 8 89097081505905354
1 8 84120973100570811
1 8 718350137139100127
7 9 68880111709537968
4 9 112442291569545143
4 5 134233522828024848
1 8 761371744487419423
5 8 255253584372435620
6 7 73126461100961203
5 7 268538493065330282
4 5 368188295796515346
1 6 405968418691346179
2 3 297165467430904714
5 7 122089164343030894
1 7 660714538814658199
1 10 83232689020110289
2 7 109612251770346946
7 10 167918739033820660
5 8 94156315790586589
7 10 31101004485312821
3 7 64325501598435507
5 9 85123313655488236
1 8 398444180502532417
3 4 156628125686927363
4 5 290820180201370929
3 10 348944360426576579
5 8 156746917446118001
3 7 242029183374397213
2 5 505308056691943324
9 10 83644303505916619
3 8 388009907758123574
5 8 24402078826043618
1 3 266756345709292250
1 8 796096850670249494
2 3 32687586923097844
3 10 249135066757693824
3 10 120035112373317359
1 9 625489744592283632
3 8 155980795132458955
7 10 139285633373879199
4 5 106677794993678411
4 7 130695620728027205
1 2 467241858704443569
5 9 45814061068720762
5 7 70624846591517566
7 8 181287259608115433
5 9 216241083938836094
2 9 208715977915297516
3 4 4759907212378151
1 7 985352740718264466
3 8 57941592881375445
5 8 217358816460679032
1 10 822198609295496634
1 10 928473958709491045
7 9 225105059724927527
1 10 620179701157189882
7 8 193733089573728368
9 10 136501575470049407
3 7 424374950659244534
3 8 31722204126542309
1 10 180122464778825100
7 9 167412999194347244
3 4 464502569395962769
1 3 675776345418104361
1 10 810046495940363819
1 7 676434287643118579
1 2 648110264023006735
2 3 301776992768909903
7 10 223545207868304433
2 5 238333094006738082
3 4 417336606590096397
7 10 23246604705826070
1 9 271175881080888626
1 6 882653056564910441
1 10 322422647393801057
2 9 207320661320243845
1 8 903117104793202300
7 10 89200265897576590
5 7 52811819601078456
7 8 23507123543283193
3 5 454114930381636932
6 7 43316553486378028
4 7 81376230964451236
2 7 121773530090366031
5 9 127280963724738252
1 3 827149575311838240
1 10 320107655306013190
5 7 23235451283342194
5 8 208135772116967404
1 9 194465853233373425
5 6 306296020987988954
2 7 202202464572422240
3 5 255826263150262020
3 5 84301336724036628
5 9 48347454267706010
5 7 158419478463154262
2 5 202891283263267501
3 7 272445374472545975
2 9 317571932524844846
6 7 195949049807963545
3 7 45920357776904335
1 8 193287205828897559
3 10 118067312943100238
2 9 521706633421692587
4 7 356358665598073440
5 8 55003888816657216
4 9 296653972546289161
2 7 484403076594716952
2 3 401107677587100192
2 9 223206625318533611
5 6 249240376971290384
2 3 655623721792774919
7 8 211634042179948448
8 9 181096309317486575
3 8 348887838510014951
1 4 216939510063806301
5 9 257716465283959433
4 7 275791640990146826
1 4 175518732380352984
2 3 564394165343792766
9 10 51833727676746292
1 8 94971701481548373
1 3 67324892122224268
3 8 27098702041057228
1 2 489477870993747186
2 9 105561950285687597
3 4 201281335367125311
1 9 390181988879341317
3 4 272976851215944093
1 6 193760888795599715
3 10 264557456433170633
4 5 13163659865282366
7 10 29759512365174328
4 5 277389799962225913
7 8 38215760284568039
3 8 21230864945114372
3 8 313756311005019105
8 9 153833433477438032
5 6 292302104161354663
7 9 39056787977472313
1 3 659208803741067316
1 9 493358962852883570
4 9 67601276259286467
5 9 244354501511039364
5 6 283044221027694904
3 5 427897916840702217
3 8 110736921116705448
7 9 89233214254407961
1 3 133100142418910923
3 7 71005508459732023
4 5 327004288525947066
2 3 551402104304668261
3 8 164860935876736440
7 8 156577808138334114
5 8 132931422553661532
6 7 120644158509216764
2 3 322620444473717893
2 7 224147092705050013
4 5 278892324952353508
5 9 239189360175830257
1 4 440408605611412195
4 9 234466148353272982
7 9 156464449265720550
5 7 174225299767008795
4 5 82686517539365097
1 9 808241883469368310
1 3 941256362446033521
1 2 330694445805407275
5 6 107306309043510025
5 6 187891565288546452
5 8 3210036836617064
5 9 81268638924971983
5 6 256499138891917541
3 5 224228298302855035
4 9 255013737682949877
1 9 15894919213316247
1 8 966405198556091763
7 8 55924938579827995
4 5 196917793774412914
1 5 550937195682815010
2 9 7820886634859175
4 9 124030671101794039
4 9 370170908615578
7 9 48206718001820722
5 9 244353950559335757
4 9 68847741402587740
1 10 732514740389532120
1 7 834385637218335598
1 10 386537457316633383
6 7 224628624163194596
2 5 3066726106232518
2 9 293380392643313103
7 10 214489937987505514
3 5 104534300320079713
2 9 70632914484151689
3 8 96344805014487326
9 10 115389196462759185
2 5 312920882333816333
1 9 107041303393310039
5 8 51068733135439494
