652218106436796214
382471548918510134
216289026450025848
970185107267706519
31691218190213650
736936359415564574
883751876573863015
936555265987083239
151113150206615812
991212882298689885
195929289982721028
285257266849780640
534105260549626520
179689008613694842
83332373893913486
790492895505341560
469285947143999355
836428101072427338
875108831604014786
861797418945745557
324992304652231573
633261487086408208
337272674071447630
292570462361827792
418348503209146680
828565597030713435
493220966513783254
487712791621901132
506984401515381175
50334339420935490
15513563106354328
784276215359934365
40350704335065130
742695760701737128
472669540960908327
900581981813767164
304588362148200121
435652417538349345
134420220204531719
229538645034716834
468671314029617725
918067830036904620
433871207669786688
714943407022893957
747224036329879270
247207964424070174
545467674715852855
381237479994168355
393055589425137276
47298000733878110
144769590255252461
675416680855354214
124608026104362633
122447737379253720
959770842590977064
508653189889824378
767671331128048774
401930324639216091
591576611130805532
157634265964021585
558063677795872272
402480552845732416
872588552628850506
124978644765463311
286894558688071092
397353220919449590
612667396584072887
415417935228526339
928728795710331777
940531539930821648
243547172767834787
76668732970253382
81810392484234442
421947401485388961
92138063587043944
697632958778724880
743721250026571456
783905455850516410
410645865758974370
913335159544162725
779173860822872939
248687051948050311
645502666407404805
512572087439576542
707362929378818886
917205531019253721
170057562911400354
843495177872299421
116934005965331455
908283027351462720
655403950233170061
387044291797517634
60115042428456750
6625144456041303
628902010217474166
207879239687397190
704691345633270660
858761761622786739
78265875581183057
284551046718909845
865065446360721639
940863341558740056
933861921370962995
829809481531703910
461170433084243319
192698477442990474
844445368681474107
990640847741637429
894949682541460715
351105760524680286
388542258283281240
724596066264190532
540903958429174200
890307306333049280
38316474917583375
530140400293501449
702178608379061072
206644088257716210
862710397850221529
446868304524198522
44727123909616088
408897909261057042
497321946910131966
668983867785101949
250490350240638530
421380093784791568
562569507813071297
477674841430571840
804024311813516936
7149802391394910
318458347573960550
973666220381113536
746231104291358360
331783577387425355
10506407593325874
491646278808708531
909307204410689074
519070633513625605
903817275190698215
844144697786755546
321277178819102934
588640018015428472
248718478819203591
240616593458226595
772376065971982350
688535573647144559
868388644366017786
222328210645706031
356854455832479346
308333408461257944
256347017724663335
185052420199999131
699684813113208399
729845604430568223
348332901268840952
692383207017068751
301961190286849096
688452742020207717
689100234677302000
798565099262194874
120237855406941312
791988022423791304
497402477966576905
312979841849306264
800546174593611032
961531540082265992
310336639944304853
581912444597510432
573124866452305344
887821138722811884
88322282429659330
885466333075765604
23982732722920977
691696763170945494
567235241819759121
664901370321108975
766003246608022124
837162057773999154
518053846978031058
621699665052843825
129615279763912134
359013254021661791
481067329189159208
645594348426113781
734417451268179420
704001612842696432
770891366739738996
478152822582914136
43420931496963504
883380689811261792
207855548931690180
878266155438558195
30857487730403853
961066109634695133
897875121056265873
875796878380363625
85882154642652585
242829582872879359
962622490004126148
17851681706690488
812767658867651586
201658334556339134
335637940530773076
672413512610585672
816343486823921602
92603444797886300
616693653294463950
996502136804668392
208440223364153755
680933375467444539
502020608630746963
100467267904312963
628586537744076810
589585169803477946
161879712965730042
964260958841157450
473511149720823420
998055485965096740
290265847246455831
254311712331184267
308219272288446483
684669072655539837
907531784253274537
26957043731801529
10155939273312507
12329742865055874
557958117134561548
653258385148426920
332370347369530220
5241230439653728
671836090576148965
555523564655744730
140616165307329936
667636965584769770
346401448924314350
607827708727653920
441480264950114685
27614638381892636
728878897383133931
117496788895785693
794714886782080966
285730580152558304
75014987281512560
811984659321064852
556004716249626075
249907772146942390
600481069547570624
129394464541480392
216077556922417977
217923516968661037
345858223010825985
518241993145773633
908751114656815839
561611534539412231
125706392542198792
466551611097797439
115245555440232396
918027566987785861
72706000819155147
275341078637767215
355571151630994775
250053511064712711
376019751121320864
125514849839692467
994384749289102061
294895534429467071
483288717370796184
859943898347842035
373161737071521408
291606378301783349
674464179083387769
897318200455831698
500476062375500202
680384907541344050
963007078467956841
755701083111075713
191077945133195571
141534992763882123
161472848741101122
483997876783156602
73941385477697374
889775547266648367
536184492872043189
447784486121816711
852999182222675030
798557362717262894
577306806387231765
200821041595302849
968357913403528377
355285273821149952
386115208887739764
955541877280801943
655528864198074440
559270796837994310
793668527232458748
614343790447745469
849406469828117720
535582084956544812
138287901051412440
408032284831433381
284285241555398055
833561653008278460
119338481962993630
410525523312295223
356796197265944996
242089143872458964
918066467121425178
576093748354036294
664696351425187940
937603637479030116
475475914067544591
390089201948561953
359493242724292208
399208000630676034
823794043014275968
918203033181252642
306478134765469612
225920498574274437
313818246372958672
13942393022568441
462367857223118862
145636617501393964
440405485842941394
586044499380467367
641874404235441060
724814690032334115
495525245181191043
729227125277741736
896620515386265469
326388947005085964
565222855401083800
887018537459712007
585267162849541380
253168722280825425
267844324147542021
905277091227349715
191793389741383875
226758248138267580
342404528218111440
1293214726940277
700937355319596864
987184954551403435
347939580973073795
342492156141162280
800419631686881459
464719381463262926
505213714610479034
717926389107144882
140426589629621743
355342989592404221
626575989226933024
539874674719374215
810417150180690150
648645368512324519
42426503918191488
55714232253006371
571985164717695472
309630397991315709
333274879538071498
779380449662460726
221557576069999034
137378576807972189
344413182626738212
612240607811942235
563355559836451758
145319636209129409
542182783562374416
498355336897213948
805096124303456840
999748182519942354
184325724194683350
387141026881219905
993781064461132722
505435285956434069
887473692181325268
617922088494042910
591179871154006380
112159150547018270
463529331720031344
782826169517081756
941214489917604735
851193726506094310
615102828300179876
732399334624974572
68317622169817652
439590699775528512
55590768798549142
32390585162916688
865324498255705824
65217611770816844
294933773667849650
611773312984221933
609362393186685017
883906399169557337
830580126328445916
354386897639290191
181208654755810483
554877850504387734
386201173919858797
748584783008594067
474091310774994232
434247585375431500
217594485850316055
434843449281367656
371123104846157406
576277619968295624
303700483900072797
734700346613381890
18483116511830370
366360394682764448
264033568873324527
756218247438761852
518188486736657790
824736453628545800
455753357983948728
911652580104772530
495610683005155885
923282161641418780
474504585027333846
825825567887701324
12414273719189880
980889117730600561
730345215886473955
555428496110544099
651285543215615030
431289255001199447
776957070574000142
494662695990606207
124708720860023992
896155599657527730
804325890403291845
313248973824831989
755477871742917462
641444343350919436
419653667412720705
19547819328443160
578613630118664862
330455133525086962
841079746162601968
619155536170021444
194636166841339284
900940829861054328
22191545750574801
245497975044124944
135762571041021516
558624732842761509
491559580100694819
839589096229872438
789861676115691909
637482247153476130
210652705773207717
366578214024775506
956151097534562877
966211647341911388
302053320940602167
437184591819929649
489559077775243315
616940467142531477
309968945056663846
730062978331125588
29370455021593593
740999391433630595
398741952257669864
592482515857413715
472377584556786270
490377788479156449
398992473145279575
69494066651395974
162019071751130025
990954145058567212
126338936083663164
843659160020497296
321105271774534929
567328232886237137
661531558098051475
977516962160881991
644820197920460487
79090696144376364
109888325659866384
288114572698366914
403594213183588038
480197713512438509
247270471764671508
258466567378983700
797558662577140340
804463111592260326
885179131084145290
730688626038115098
643067947425998469
199791778156424740
874848416079054224
867870733285094560
138295596301219500
706260424537675189
382850386265336157
994727017145105343
525260371263373856
662383748628670048
375583891844508126
321545043527872352
451578949180649285
529411564978367034
496770466453277608
186005439246867078
156659742065679205
807447878906161716
517483949287013694
491278539221918811
30428658376147892
861490033286258820
996077910264328558
158897025784466465
747286163805961618
293732076779091840
146460163124167420
109702673095880824
921483072257713122
111549800409207394
426268951496347183
373489659555000388
780590799176667670
715879036081537730
519824203573626451
318233164204969688
369158137469666956
475351590667207744
793223760822861369
89765187687941405
212788138624541270
719377854418376815
632487371650802738
445619663518346662
90991634429065191
199056040412189840
949040929972540157
691359457405033058
692870214884356758
342026868152194975
871864089316107445
302414365384550118
477866204635551305
990883319735530604
652565733296563620
341185828187950100
498727579018115755
598575295101079338
165676269325191947
85224600469529276
176053155139627635
934427038592658488
903281326210044457
498619406217633036
398510485878974936
285630776531503106
884897174018576108
851647450898718516
188877515913358665
121097940675133580
864469950392710559
210680278422373947
330605538033055873
856532047008171655
240778121563440093
853518233643009372
358077998988084325
690477389409123141
197496556218267699
413012665503742008
469699616267078477
357111556365698121
213154496713277476
896013646621960800
128955742086130032
871316009894120343
168181654392998631
385279823128609816
43719507215322475
662291565352677494
104949291957567582
328298062245778932
882147368462296792
826215339446796715
755165643846506142
432850214539819336
57093217735661790
702594076422402699
615008961817584444
887550094623149226
919943807194717400
386649426244859420
232640096727793239
188345052882925774
186884962324218736
696462615752658415
506867225603652408
237912092869032360
10979202040585998
284053753603559454
117800475344808892
555447264495271000
483181433057616654
365275544988862278
868563747434306270
302206162930129513
559463331983312064
686395557067056693
541493004712489268
593438924687229621
974894750252768332
158822592804461682
32344754865808561
422704098579231616
440449947880594535
611330733919295406
280606995232407178
378950134034063032
899042359915933706
513096287303831828
727772184949878909
316291015955149702
289402265345811915
764766530110439727
221423429034265398
534991095424484586
295511663982601746
642079686013567484
802352706004851143
521766986686864272
727072773046578188
292975180833372909
372273269138910828
693174286772694012
479268401773565398
498696618771324870
833519681842524255
633014417218479681
508119717014835402
585312490249805962
924868564109406309
936704209686197112
590492686558650934
204979855650611482
315473828245710339
950063519561397892
309058552275707588
581515808394608855
266145752732188552
49681152447094580
621718265332130623
957395557419821032
427843945048784873
292156437809366240
13914674903093818
564927973677392960
734329670067988295
97020697269770253
744993478082454196
343188611245986972
968023090222414175
958964500164468490
636741930191894181
281219601167528436
134033257936806960
951652277149262862
567505502896642683
751228090618981903
833255284204404872
755533126644409241
659782424898054405
912023338175963876
867201193849496838
65197407557705860
905239061618430469
791423868954807816
279993241228824010
163859595887881794
308789450698215012
605559369915143360
225013104189384286
434458398528179848
30928995702212889
288111543414281066
337266081291594890
302575103616917190
572970299450179192
590165814427459949
734683502274505120
65590278288220767
617898504595160720
134686116126371935
973397094870616040
764735484013641784
146238291448734338
930130908726949912
784532935363868144
780751561482230008
719065858435411041
71519707265642672
231989318776673172
212940895264506447
472433595113895331
1519266281280317
234661285476344385
838429084899808038
576386516499088693
244181118657207016
396680389488250089
65127786543956632
50041849335063567
57851804853341664
102205684510758196
887861097819461285
28363652965887920
35568728766828449
936058042285380488
841772294423335219
120588854736299000
676483414106754936
46911533738324544
595591065507248780
123466985603339787
234573860573018262
644591424969836067
258252815369836953
125770770420363240
636428913941932624
973638342555239630
309533936140765468
229489925540112276
269801737107804269
237979060968610812
842404841036639400
63625615170395408
876990681493013300
756793397744479350
410346918559524580
276786756808266672
256454898579816330
3897069676034305
732855214262940768
60199611062224223
192419287230760313
88048630131289086
679393034724924219
684632656048038240
675502880658685730
292654079926337655
166832908673740791
464924335060011142
46550916726174154
468385862887935058
575408550225912813
580135660359942836
396594176393373408
657962105501434332
241787647352545968
976117042893148205
626185755184055961
548989917663325509
191837979754510146
45775515179577250
247361125138869996
46793865459870312
328113641104613764
857968484692121982
773647062325945204
820096927648436514
325362090078097589
406166200218951534
939806048105086750
87448338434169717
32106130226295488
528718070480409516
801390363160207970
403563634704202765
949441479284676948
489274633487409958
725807359757820998
275142268241731490
909402827873992739
365944185795615924
808444204046479948
127643003527605039
208463459213815932
76346075660367552
833866469493482772
108792670143041017
729399254487434904
25643570330298024
131506372719663303
774545742646312826
455169239940037482
471401426251451079
526221362256347689
387059583952978269
940033868627463880
234009495340348941
570863109485963748
14057227564399887
278896017310874775
213832995614172849
84120973100570811
718350137139100127
289296469180059467
337326874708635428
335583807070062120
761371744487419423
850845281241452065
255942613853364210
854440659753323625
920470739491288365
405968418691346179
445748201146357071
388465522909643753
660714538814658199
83232689020110289
191821440598107156
734644483272965390
313854385968621965
136066894623243591
150092837063016183
294657624192074661
398444180502532417
313256251373854725
727050450503427324
872360901066441447
522489724820393336
564734761206926829
842180094486572206
418221517529583099
931223778619496577
81340262753478728
266756345709292250
796096850670249494
49031380384646766
622837666894234560
300087780933293397
625489744592283632
374353908317901492
609374646010721493
266694487484196028
365947738038476174
467241858704443569
158587134468648790
224715420973010436
725149038432461734
748526829019048017
375688760247535528
9519814424756301
985352740718264466
139059822915301068
724529388202263440
822198609295496634
928473958709491045
945441250844695614
620179701157189882
774932358294913472
682507877350247037
990208218204903912
76133289903701541
180122464778825100
703134596616258422
929005138791925539
675776345418104361
810046495940363819
676434287643118579
648110264023006735
452665489153364854
978010284423831897
397221823344563470
834673213180192794
101703895587989058
271175881080888626
882653056564910441
322422647393801057
373177190376438921
903117104793202300
390251163301897580
168037607821613270
94028494173132771
973103422246364855
151607937202323098
227853446700463460
213103677658140554
440587951354863180
827149575311838240
320107655306013190
73930981356088800
693785907056558015
194465853233373425
918888062963966862
353854313001738920
548199135321990042
180645721551507060
167356572465136190
504061976928218107
338152138772112502
635705873769273942
571629478544720722
685821674327872410
107147501479443447
193287205828897559
295168282357750596
939071940159046656
997804263674605632
183346296055524055
889961917638867484
847705384040754666
601661516380650288
401771925573360500
747721130913871152
983435582689162378
846536168719793792
814933391928689584
837330812424035883
216939510063806301
892095456752167266
772216594772411112
175518732380352984
846591248015689149
259168638383731460
94971701481548373
67324892122224268
65036884898537346
489477870993747186
190011510514237674
402562670734250622
390181988879341317
545953702431888186
193760888795599715
661393641082926582
32909149663205915
130197866597637685
693474499905564784
152863041138272157
50954075868274494
753015146412045852
692250450648471144
876906312484063990
164038509505383714
659208803741067316
493358962852883570
202803828777859401
845842505230520875
849132663083084712
916924107515790465
265768610680093074
374779499868513439
133100142418910923
165679519739374719
817510721314867665
827103156457002392
395666246104167456
626311232553336456
443104741845538440
422254554782258674
483930666710576840
392257412233837522
697230812380883770
827963169839412426
440408605611412195
703398445059818944
657150686916026310
554353226531391620
206716293848412744
808241883469368310
941256362446033521
330694445805407275
321918927130530075
563674695865639356
10700122788723545
281314519355672250
769497416675752625
480489210648975075
765041213048849631
15894919213316247
966405198556091763
223699754319311977
492294484436032285
550937195682815010
14077595942746515
372092013305382116
1110512725846732
202468215607647031
845840598090008390
206543224207763220
732514740389532120
834385637218335598
386537457316633383
786200184571181086
5111210177054196
528084706757963586
938393478695336622
224002072114456527
127139246071473040
231227532034769583
576945982313795925
521534803889693888
107041303393310039
170229110451464980
