1000
1779 2365 399480232114772
4179 7748 268567891524505
1702 6225 625922717453037
167 4655 3958484236971825
562 2625 501879225859404
2305 5587 561062265559776
1982 5219 433305309321119
5069 7582 50701562530716
3766 3849 256827243830530
4613 5078 385698693022373
4956 5263 326544238421249
1129 9354 69707141690538
3974 5623 36420388782910
3035 3459 530924794914676
7924 9775 26316782405940
6704 9483 153874548936501
6125 9557 255996078533123
6606 6923 29980839398453
5288 7353 281950825969257
391 4477 2737264114000790
3152 6385 252081506303187
2028 9095 577812561909879
3259 7489 391862102218761
5345 7056 125877498657964
4903 6686 112311554581484
377 6855 1495859754945129
1357 3492 755735884843984
1871 8514 572287475041499
3079 6033 445376208581557
5914 9393 244815304215321
3851 4506 152675258808275
7894 9381 213966860259512
6953 8667 39209779237919
1847 6012 577372703726648
823 6301 559137596637046
5077 5892 168877501428888
2249 9733 338926828111764
3105 9436 34692790237103
2557 4188 398116857384516
1033 3439 966648140275104
1885 7666 296065122920838
3181 5935 437756761572418
6527 8089 135661804430172
1123 7854 671166678842874
9411 9460 87160926446355
1179 4637 542247457146629
8498 9585 172021745772279
3290 7971 236377683768762
6016 6883 281970624636152
1025 3009 564889306223634
855 6439 822480057758675
3647 7964 340145281180314
6600 7657 229811288353639
5245 9858 51929595286963
1675 8952 10487174239828
5883 9475 91606527247516
1520 4867 142730355293023
886 9057 389659656481370
2579 7868 165741560976589
2207 9062 241892163739720
4465 8328 47795723868388
3856 5433 187262027533431
3506 3577 146347452801634
6596 9543 22350698920481
158 3475 4628692693440309
1631 5149 679522673938070
5771 7046 26240894265462
586 3441 1196390259493956
791 1914 1740967530247950
5425 8203 104162657119641
6607 6942 48515979175360
1685 7588 644989748577234
4779 8003 112440716522081
3019 5001 245608429644303
587 2023 761101007066544
2733 6526 49830519050302
1129 4792 377488340214863
6134 6941 279750630080881
799 6029 1259923998662286
2254 3879 20283805633164
1157 1388 623339854716966
5699 6483 94238040990302
226 4285 24940348033733
347 7618 1858203012344633
2341 4854 511716847003935
1129 7329 599784601161988
7753 9087 131256527578659
4182 4427 208134523866512
2578 4765 261213012286124
9153 9865 57555720893653
360 5203 2885710537204111
3984 6839 204172731520682
6056 8525 96252582321723
489 2803 614534995183739
5476 8471 273347189635631
3743 8040 163809092844380
1286 5861 841408280136160
193 5796 183324607912908
2883 7010 448263004857983
6283 7805 78170663706282
4013 8616 14984497145394
874 4909 993005996884674
394 2487 393525207129841
1059 8339 953893543003641
964 6877 399059326827758
337 2044 1566901699014159
5287 8606 71399508128400
1384 2499 935536950050432
3918 7529 243829589873227
2176 9723 133041078206874
537 1184 2056875416769773
2567 7630 267755202929126
850 6127 183208910534225
3501 3991 270355623671430
1370 2089 366423407531347
1608 3179 219175737486648
2107 8499 533223025030329
678 5879 375153878103121
5366 5695 238851712454396
212 6299 2791314018349374
3979 5834 157506237374885
203 4678 2599521329699134
3877 7176 271686617674055
39 8050 18766730332519272
1268 3269 792453174016587
1131 3565 1139414004232089
8510 8873 33473921491997
4910 9447 256704190404225
4041 9133 207965893472658
5809 7017 290833950357036
5423 8617 134605545514740
3769 8111 213913404003350
7481 9812 131022403762789
811 2279 1012056419658395
867 8141 365134145258299
4325 7086 263336088565988
4586 9995 141456559793770
4561 8328 270599461808425
1267 5914 856510200452528
3648 6389 418943267772168
8513 8816 54475817345625
2642 7057 358050617354069
1247 5561 981450740568309
7217 9095 60479304429484
2607 2647 24166366432086
1823 8433 47594007979216
4416 9365 106645377401934
1785 9167 369709605902191
3905 4138 429775306976268
388 9111 2195992724395640
2767 5864 420661715731196
4801 7637 221588471791400
2871 4328 497498140949478
6531 7228 74225376621926
5789 7528 48024412199483
2649 4309 95179200426310
1020 9593 991303370148583
5303 5566 182727085635995
3553 8599 311079267057227
3335 7916 401423028214289
4205 6789 61297198379217
6199 6324 45412796142159
3702 5131 224425333684462
3135 5519 288008900983594
4555 9318 169477343295252
5712 8605 66545075160663
6335 9348 212827443524836
3285 7387 286959557600838
6041 7090 243357781136790
2710 6581 202461632580382
6839 7416 232274595781646
6629 8269 126534195053147
994 8783 534843361936551
1529 8037 682238585539171
540 9907 68624739928941
8034 8219 228835507645989
3169 9475 260423249208831
3228 7775 61372530928783
2605 7964 286860070214778
4341 6998 311233248153335
8281 9325 118571730614723
5941 6941 174720523718283
2459 6076 76480541056743
5809 7158 23812188788418
6627 9959 229085273833662
2277 3944 484594853983234
5119 7119 121188919850044
3827 5024 361853138703496
3823 4714 91313589494866
8676 9299 92281719533879
1262 3881 395738074234672
4891 6890 167879051838138
1009 7467 1004453390744069
3805 9358 51397851075305
2510 2633 40418240769652
5343 9310 101813020152637
5499 6700 173664217041282
1107 1628 557466632066567
2868 8153 259579036097347
5591 7136 116827368364133
1103 2892 26254309736987
7967 9524 74918140540946
4353 7604 296042086825111
3587 3597 26339717431138
5899 8633 279411619204959
3627 6406 427396365957669
839 3773 157109569075992
359 2678 576113645187523
4177 7540 296495693090534
2811 6727 27689799656639
1099 3288 432495833423202
6859 8935 249475060380194
2829 5365 184033661020020
2331 4955 566391839845239
2069 8240 48575622839011
6058 7947 66416142703617
8213 8234 82820188316289
3197 3477 308409191475147
2768 4933 543129183147188
4922 9381 167779974330201
1725 5414 332789162055643
2096 6271 500265505113853
1768 6015 286880833528869
6555 7784 80397639851415
3280 6783 401732737803290
2749 7119 448531387132914
464 3665 61355077715689
4109 5423 427201696737942
1657 6499 603748897098140
393 2651 2575578581097015
809 8385 436611611971084
1204 1429 706488108163180
3068 9179 405907367628959
3493 5669 192759864332109
7333 7911 190779346561287
2367 9227 403429963647684
5322 5485 204952509755528
6350 8419 76825143314819
2791 9421 88420008638203
4751 7480 89368377442738
7769 9984 145250593366053
5241 6034 104603279778604
341 1039 3108018082125054
3401 8744 59506831846250
5447 8919 15100259550014
6130 7071 20458932919880
3683 6515 170890015135740
6758 9689 44829222209508
3083 8635 412927851936667
7648 9091 145403268608102
6223 7445 183060722755544
2740 5729 208387519984536
1135 3002 1076600799636867
3473 7829 361901235977685
2 3653 8649638969547477
8259 8446 154331097472656
2621 8598 485460828139720
2324 5111 460459971422408
7447 8727 44981781497034
141 4060 5421994473818931
779 1926 917299861679459
2859 6758 471793603613474
3817 4440 200755520481750
5054 6493 200569519474714
5879 5896 295853652152278
352 7199 2124284816320141
3029 6979 378139711777796
499 3687 308743487366064
2947 6957 291183341973475
2099 4596 214405401799700
1381 5556 319185515208800
4220 8837 80087941086651
2858 6539 493485285785147
2131 8973 276634954751252
426 1277 1051582339580840
3874 4243 406175809124361
4579 7527 89767404114627
862 8427 425637477538819
1345 3877 592578148348865
3925 8899 9125494850419
3473 5454 369721677308602
3166 8373 349770060389024
7412 8571 41923622018690
1577 4018 616787588597794
5206 9255 145227974217023
512 667 2818618700248713
6081 6325 301079950472139
2568 9449 406305001450615
820 9731 1260484047537290
2371 8771 118867073788614
4055 5822 401435147648670
1239 2201 650834482649144
6236 8855 49312319100174
2057 8757 212079588907572
1007 2661 50294585983082
6812 9291 60682819306321
235 5376 2244747377256252
1536 4999 584135470640872
3295 8289 312741972959482
5513 7033 181765613893124
699 3926 1075441166438844
617 5644 470786514470913
3172 9343 358276322383302
839 1267 833070957438749
3140 9211 335415108675803
4771 6976 76052617833003
7367 8517 177489814524118
355 7067 132249065568746
254 3991 8452567501148
477 6868 1281702290972085
73 9642 12545028297861466
416 2201 1684407481092087
4641 7013 193203559620102
2645 7302 441840976771014
5987 8745 147632660975663
4501 5188 367780513224937
5527 7929 96327937348943
1570 8203 36277060982672
3889 9762 210207091659206
1447 6425 37977081131606
4427 8659 86879023991246
2087 5509 532022721488621
3452 7375 278215143414289
3179 7688 171077622319914
5887 8817 58555589267382
9182 9359 91693996868720
389 3045 1632370707298520
3676 5497 306330546775589
3599 9910 59215932468848
4133 7732 360550141818965
3361 3679 177014987161224
3935 9953 303600648315555
5267 6015 336086228886262
3921 5050 385193581875802
893 1705 278197812804268
2002 9201 146563438612496
6252 7361 71339418582056
851 5951 495580107524967
7 6261 98742017907891736
3287 4891 366919896938813
1725 6158 119362809452626
736 4637 620153578394958
9136 9211 95658767213998
977 8903 1100900959640953
1264 7321 84668979984273
8452 9071 96153177247872
276 3737 302644526133187
3733 4977 161699694340485
837 3238 756476541599174
4232 6025 90107778055664
3271 5954 113284016245350
2449 2949 135159324534960
7770 8137 247893758413214
2197 2347 653290930569892
989 9198 494731435013962
2803 8960 156828328961712
1615 9648 362164269397768
7042 9209 162776980002859
4140 5743 295645356252209
6115 7681 171432727015549
1783 6491 690451509277390
1847 3524 612882960256616
979 7767 867114109515086
1438 3953 461879536761927
4331 8055 353562620786413
1208 2761 769129395595028
5745 8753 223868361387172
206 1681 1244381882514191
5278 8829 188409869675186
3061 8354 440789431320097
2363 7776 137071585793835
1981 9246 434215885310623
215 9904 1242029699574541
1885 9144 16202712948222
5959 6764 269173174788366
908 8801 207171470200281
3676 7751 306251664686525
4681 5625 3076418035873
795 4504 593287165726840
5031 5467 377539632161980
7051 8799 8006058798834
4683 9683 206275835744936
9219 9512 870294802375
422 6671 95074368783492
2649 6005 312036453219282
9614 9877 158476944531851
1879 5496 519935798673386
5174 6603 63031982469043
3487 4157 105901472091733
260 6139 3001559718964610
613 7448 1616789540399152
103 7230 2249071857004762
9355 9754 156364576222289
1673 7192 344595930312423
5997 8807 236093898958997
671 6511 1562084184962101
1507 8737 376264208883099
5917 6174 79364158576765
7324 9501 180186317265042
1468 2933 783090788141770
4015 8728 153828104423525
2791 9729 439579803520053
8321 8558 215149001005409
3911 4012 331712389890298
7857 9583 96092284489711
8711 9911 23318739302989
1497 8392 644861771196330
2306 8787 476392213119352
3679 4455 2821358840518
2985 7762 157711302237824
2888 7337 3771236514878
5130 9977 259433286650462
5266 8399 158399898479111
936 2491 783589665347270
2933 9006 245237455975178
3103 8624 140563800820864
489 851 462970396048816
2987 4362 209208984579138
1223 9328 743645031033054
5189 9389 53370774886846
6107 7057 152017466450672
424 4337 2032311229339723
2201 3460 687564161843555
5601 9667 256124185601848
6145 6647 37640296421645
3877 6328 99204025152202
4550 5631 217132545521136
732 3025 1412125481167667
3413 7853 128070778746604
2737 3180 461243250172848
6247 7340 282865109366816
4888 9731 99878486386150
7425 9272 166473038333376
265 3554 448716461972646
3463 6186 58504042013246
5009 8611 3051567259581
9079 9263 117378123613209
4789 6962 7801341390384
2881 5039 197001276940025
1291 7347 180310188122975
278 3427 339607615055896
5902 7807 55371311236979
3530 8399 174046319230779
6519 8669 229254147265029
1981 7774 218166944177170
4451 6004 269263113786002
7565 7689 244333143500395
207 2723 370962274064273
4095 6413 64558930256266
4524 7849 195386121820971
6140 7923 73809085089865
6498 6547 217078992545871
3233 9284 156053438768528
7200 7801 85004751646767
5387 8168 15968375816110
71 5484 13918053392626926
3443 6509 289396069913616
4707 4841 384947820627851
559 5609 32545865780506
1864 4169 373237797985689
3149 6654 379921720217724
1841 6960 172902307751860
2183 4196 426369823666605
2344 9337 135077975849255
7992 8027 15996212055664
2747 3810 623898250404650
5301 9028 147034076385069
1229 1613 227892410859489
2046 3395 566129041503255
66 9467 2169921893603216
831 2282 1126244572170313
3498 8705 338107249001273
1039 8745 936081929885159
4875 8531 248601169227056
1309 7453 388482580048633
9854 9913 57967024873372
689 9045 1234369196021761
2842 4531 545759172394241
1088 3241 294222954436993
2351 5624 412246290759492
2370 6203 200078282010145
2223 5344 221519405469216
1101 8236 605685779323701
1510 6289 797660253395265
3817 7341 183042800102610
641 9140 1300623906476266
5704 6615 172805545548523
1283 2064 582595446977170
3425 9808 228850951394344
2682 5747 389734876334124
7624 7781 169888545164607
7152 7717 162989021399839
1744 7789 498563134364062
9566 9655 187882362251348
5033 9657 247907281323938
584 4293 925961223306877
4437 8117 100839702789584
7334 9781 66728837007815
521 2439 1983186423336982
2954 6855 180826330171068
4538 9355 155693035572513
4889 6744 259153958251547
7664 9727 179409205109455
7210 9057 192022789217581
1660 9927 248533797736586
5755 8724 146964518178966
505 7757 1742179820955318
2779 5541 396205553478400
2976 8345 314798602595315
1888 3031 89219257820606
6231 8440 40070683479857
471 5735 1267583121742123
4372 6115 375923909772134
5257 5974 48731904141712
2621 4755 543829333006547
6708 9019 164683981388413
5447 9797 280361423447857
2362 2947 716570700060740
6043 7593 283738751809148
375 9112 2690048002020156
719 8759 1441682221399947
1844 5975 416650396448399
2701 7246 401134946115521
3977 4962 139799393364786
4101 6824 23264693495891
2940 3317 406540005103529
4475 7866 190849515608559
647 7624 1001018917946094
326 9027 1304664601828722
1355 2064 128818013117630
1997 3468 241410402575439
6904 9915 76262987033722
2370 6679 270159893158372
1367 8609 778208851606909
4431 9224 212448438126801
469 5706 1340703793895090
3203 7099 232331722291984
1866 9263 255818014914824
3575 4009 27389995629515
1939 3023 133631522650371
2377 6955 330097130150782
4759 4805 166746005898751
409 3058 2458425255820928
7121 9524 102563535749210
1731 9461 110659769051637
2987 8799 349411058991198
4807 8480 170214355959612
3037 4463 397325692578240
2303 7090 83964849267045
1544 4437 350933191455057
5759 9824 79935670386067
4561 9010 191042930818106
1890 9817 233323788499932
1007 9241 784958432218357
113 6700 5448244196306422
1423 2806 853170688571977
3460 3917 92564814560084
296 9543 3157967043247106
2495 8396 257037579979535
2878 9113 66456182323676
5813 6269 157629357735496
2495 3656 347624341112277
8815 8892 213391820422143
5375 7237 310320431365691
6889 8605 147880626301490
4559 5168 72509763229482
2918 4573 34379265432972
3117 6961 277076396266697
5717 8593 103401092825646
924 3001 164728978274175
2346 5227 463089470554186
1132 2863 1024037701721614
1154 6301 476798270990730
2777 8078 251879930765702
3099 8279 47978685452108
2259 5887 285482378624829
4386 8443 134982601239346
7447 9602 2732792088676
832 9745 480549458756645
4319 9626 227527658371101
425 5784 1533957602435425
426 6859 1790341986162287
5483 7804 222752413713477
3574 6741 361935638127340
5025 5117 273509022818287
482 6885 867285777062556
5709 7655 200673217190475
7289 7913 245624243041277
6057 6953 264837919931401
697 6903 1175515887814795
4037 6808 320102050626551
7869 8264 109203508409468
2521 4621 568387283761895
1182 7489 451471951884663
4569 6752 63530343457049
3348 5197 19981140120422
2020 9947 328624757208626
1547 4057 65196664962684
2701 2815 620922612734051
2907 4457 103284801513458
3575 7737 289427680758896
1536 3923 149368550682601
93 9127 1191572719682801
3854 9393 154673514952060
3123 9748 408933279591083
5653 6854 165802409306971
700 2811 1357943631916335
3368 6955 206925994868998
2875 4553 333311100054182
992 6579 278526993989464
8097 8408 213605853757159
401 2977 1948053728704157
2159 2707 322672390269958
3147 8500 104798084621828
3845 5069 332007121284232
1414 3657 829491753617221
3200 8293 427015054338545
5226 9379 295351056964638
71 6251 72478880691784
975 8864 612987356007524
4597 5437 258412460292151
2126 5345 298396568896058
5811 8326 199596227044464
3539 4898 211960447720287
840 9467 263973951617820
434 3151 1442462546519882
4454 6403 51300798325254
4519 5460 244849500808189
2743 7561 262421959020175
8189 9217 144886416180028
8629 9696 173348464096901
2625 7802 76666487825419
1991 5140 65690965706705
5677 7389 96577776508619
5963 9071 247462075376741
6104 6897 208248791437354
4577 9512 152228646365161
343 4867 1326562310071138
3225 9692 176022161738746
1375 5429 155426913944308
7535 9952 112646980147363
3538 9613 213050403165908
1506 7429 22402859460527
4637 9241 43011146206330
4279 7269 113068099665002
7514 9363 159020053863159
8146 8861 218526533925255
3044 7683 40463423079223
5207 5909 140533684310624
3962 7107 276987644435771
5345 9139 113428832605580
1582 3639 143602818071970
830 7147 381375339321410
1889 3230 587121927244336
4868 6565 121088460489765
3003 9362 29896457711799
1350 3577 402064185209750
7883 9765 158363506514213
3908 4571 253177344045221
6535 9283 177829536807818
5063 7023 111881220021954
5323 5959 189038371275056
347 8439 1252130668462223
863 5138 923490505012014
8623 9667 197422178115506
876 7027 311657121168279
1428 1517 351784869763591
730 2093 618907100092622
223 9317 726248725439484
3779 7707 279866543355584
3083 6285 14047856834112
3241 3753 83551360028151
6660 8543 20268898791981
6 3067 164107879621991703
57 592 6510957933384921
41 3508 17945089491290428
1849 6997 380042466433643
1763 6934 540593717150560
5489 9040 139179332711167
4161 5327 49145568918934
6103 9617 23251355194532
2029 5537 672000145819400
305 1196 2315989103246721
3093 4114 484075889113243
2343 8392 436540566998681
1067 9122 357658503299011
2220 9407 396937844940248
611 8516 615806604478923
5844 8137 208806606316421
1787 1790 590048089998385
2479 6557 428696407108336
2929 8802 289272239810543
3172 4247 472740090510790
1511 6066 172974329798751
2539 6472 516940678991841
1599 3865 31147700077404
2416 4163 457438765318507
2426 5961 430474751271004
1652 9143 382615596950381
7559 9552 205152719736200
4286 5659 103784212056048
1816 6509 269143359071298
5751 7097 10883782364851
3604 9553 201837777747804
2645 9634 410957117950571
2990 6501 193993058338040
3462 7211 355455603007537
8283 8333 99979728469556
5043 5810 287264852484759
4552 6855 94256599708056
5587 6755 94329854041572
379 3805 2785560527220961
5926 7663 282216729651927
3207 5828 263365439692442
2583 7865 235510600516173
6761 8470 175129600742523
2976 8615 430165949594547
1547 2143 1017605279146911
6073 6347 292442413119836
6982 8131 252687921025620
1209 8524 45816885905253
7826 8927 111023185508594
3625 6682 329096062736383
4269 9124 256130862314044
1802 7509 531411987614977
237 1334 1427127563713425
6944 8559 221506016506703
8312 9671 1940632250962
878 9857 1202443200008202
81 2893 7329913582981204
880 4693 474521985946929
901 8340 57703612354141
6863 8336 106804716943901
7329 9682 138782781009542
2039 4553 703731903395080
6803 9490 129719960281242
2880 9469 55984432310070
6279 8041 243601985359820
3271 4093 134881139696783
5031 5542 128615107501634
4158 6599 153105343797065
9406 9681 203022759102168
3681 6764 189148655650537
3362 7177 433856598395381
9148 9671 182203130480171
1693 4711 752173594009916
2583 8413 167280036087810
73 8128 3486333645007931
5521 8504 6211241934914
1634 3175 793101306034660
7657 8859 30533894085216
887 7394 925392634298980
5663 9861 264165408876681
7338 9085 80230307382074
1887 9340 458130818858355
5702 7899 140211105433346
6319 6351 46778704177230
6385 9277 201805522427358
3556 7293 47319532760117
1110 8021 307435516757935
6205 8479 268275050233103
4881 6473 286616665284849
1830 5183 540009397668865
5607 6805 7880271622394
3288 3919 511251194998611
1314 3547 557034614564393
2147 7655 170219523717487
839 9723 543330416364589
6125 6422 32417002413396
173 9276 5261342153455584
3178 5855 82750133035261
1037 3559 699075274099154
2892 5479 36140094684302
4466 6723 34422910248871
4398 9853 183186296929837
1962 5093 100203166341745
5705 9172 225672359382674
5552 6973 189352488434812
2105 8034 412709127644570
1556 1811 199653102163061
7143 8446 118762100637651
6399 9673 237645884774149
7319 8438 150158541608019
5473 9036 49227593799637
4907 7438 21696617791890
1251 7232 899202525727619
1117 8888 919297437946068
3701 7671 302396148185409
1658 4993 285382152657182
5953 7545 44229720441495
717 4475 1334608416760988
7651 8861 94808366168855
2263 8983 331320619503412
3276 7435 124985532851900
1043 8863 833560435075955
5594 6603 42266050498713
2756 6573 186673112562846
3421 6906 306591293591590
8747 8941 92410913390795
1567 3951 145615376043892
1589 2708 441091664022457
3081 5998 319934743676787
8191 8738 169345385533517
1570 7653 211768155448595
2977 7729 240371550039172
3910 7151 142010288999109
3019 9386 187848147646595
3247 4427 58848116595871
525 4057 273657465781052
881 6108 961199653942282
2939 8252 133929817075273
1948 4911 662910797543185
257 7190 1032179219261657
2897 3718 561908494587492
3445 5034 484962746534273
6805 9414 58617648545745
3593 9211 339751764167527
1907 6255 653719181003063
5393 6381 288784733358617
5601 9443 280399215615403
1641 7375 78363904850789
6499 6816 160614933553407
69 6802 5525872036146968
1117 2488 1010243691305347
871 9557 638251015995737
2389 6536 10503903120767
670 2761 1114358612036599
4268 9967 329487552904506
6721 9012 130800144683475
2680 7703 466897507329195
4482 7475 244795063771892
6649 9486 21902917306840
1737 3470 366385294660713
964 2703 796485525087619
6887 8405 101759978051489
8381 9413 2144207969624
1423 8458 693953908172196
5066 6967 137703626283051
4633 8014 17651202758394
9364 9481 32906768625066
251 9475 2739519039488557
2137 9997 143087102409758
701 4601 413042940557995
7955 9906 154151796424784
8174 9029 67932487910629
799 9730 768742234201389
1382 3567 49798378491916
2675 5044 62304723932230
6037 8453 10469911306982
426 779 1243958271124283
6057 7682 201222178652675
745 1263 237063625275925
6910 9377 100905856158903
157 1454 7045252810724774
3283 8863 27044589585731
919 9058 345248208058641
2521 9995 470189426037571
581 5769 1006583563754194
1028 3629 589373055765508
1557 2542 235329975496268
1739 5863 107769507790036
5776 9799 139084300112531
1161 6472 187800032495873
7326 8975 239021237889423
2709 9539 256058786385378
529 4134 1280701039826564
335 5392 1038404092301089
2845 8374 148751742771457
572 8653 71853013010173
1717 5030 607402811192682
5331 7742 36148224774514
921 2117 188059285568262
5547 7636 70492148767317
151 9247 2833141423620863
3129 6724 129899122698107
5407 7531 175012227959389
1039 3623 706910763479930
3875 7642 44861575483633
5474 7827 67645589923792
1657 7590 144161742787953
7441 8142 3364165247436
607 3333 1450817969513285
4589 7445 64393070833537
6806 9397 88400444197906
3189 7010 339436729626011
3726 9349 309542326677858
3921 4820 17754182043218
1453 5712 736016151858003
7091 7963 168061621338901
2351 7035 508458039209387
2749 7822 298749190569743
2969 9222 444586067280160
4475 7228 87713720679618
4297 9319 161187586859228
4542 6715 35308991271947
1436 2881 401620197751045
1279 4292 276060759958808
2118 8515 507331703363541
8680 8891 217665667762117
3743 9264 287525841485194
5081 8586 27184905434777
1445 5481 163272170823421
47 7039 15901041893832291
3343 9770 109386441907192
4345 6638 42725627327223
6082 7523 296239467434276
5822 7283 282605430791962
7123 9872 142745104294200
2098 4811 428428673329171
2173 8027 219621180497063
4167 7892 322347508128276
7094 9845 129338880277323
3859 6071 148731679174724
3439 3577 227427486376751
3467 5028 418022098744576
443 3914 606634342499232
7029 8966 95601557215623
2373 2582 444823618358942
4175 5444 188567460643575
5035 7871 151433231475343
2419 9407 446664836270074
3447 3653 537969202612409
43 6497 20878947834484375
2869 9237 152903529810738
3693 5339 231363953765914
4184 8011 162693712451689
4229 7181 282855742701776
4103 5765 92800753125591
2460 5933 521847539797501
5669 8459 61065694011106
1600 7473 280777909316526
629 8368 661165127953607
4652 5591 237740662168979
3223 8685 31735327809315
1577 4545 184847997167236
2957 4915 313227781802065
1486 3625 462580455293939
2191 8770 340073629977724
3319 8898 332473503292280
193 6360 3683352095180963
1717 5871 281871389997819
1379 1825 755969330885053
5885 7179 300211047602469
661 1263 1939527263079965
3637 3729 169911356278649
2311 2762 681239508389884
7849 9994 104252388474931
888 7481 829432742321049
265 4108 1721818060087632
3514 7459 39100753234387
171 9650 5619567377652057
6913 9434 118963339916707
487 7410 368237625852019
1550 1877 797794750360860
4452 6493 78588457013313
3232 6041 232461321050302
381 1630 2806121576325394
5553 8938 258745329939156
590 6277 1150740258472918
681 6100 910311897428079
1093 3171 547604303874458
1021 6770 880334633092208
475 4723 1993973365982141
984 7297 838274975122575
1509 4451 753680241788493
4580 6959 154183804219889
6759 9172 101288196667286
5779 6653 300224014123096
3567 8647 181915768299438
2361 8425 508848209679179
5867 7588 210865834044407
1571 8464 82915932642998
2034 7907 94985144648904
1396 4025 547103966304086
1523 3721 796862014426633
1805 5958 315847379357775
3086 7827 58439878383832
7936 8471 184794707888233
5841 6493 107767719178799
1167 9421 163037955108833
4027 6594 179456018561023
791 9273 1109482510636575
6075 6476 25904699575368
6325 9323 168608232198810
1608 8437 457058459076839
695 6124 670059879022676
3406 4019 357944056585838
8788 8977 216991818525741
7001 8922 158665912288145
2280 2731 247990563480725
1321 4199 954495641800572
3302 6371 204367362987391
53 2964 18773206856399949
8295 8951 62110555631741
5291 7056 50663317020487
5263 9803 156189241637177
49 5196 4893590335747294
6921 7538 176249040182833
5308 7451 1319829721640
5321 7720 137558549495581
