1000
52605839 582154813 5172749767
800256803 836059708 1335962263
644698322 733457541 2775578016
63087467 717315966 11935928579
14412515 587107938 23743414372
251251049 284747054 557887269
804081094 939624519 221493704
134966313 911249494 7916498319
413479124 830882975 2389782532
33678757 777905112 7195384486
289964593 695864524 4226674885
402421251 512243447 1486928982
417948581 663661094 726722267
428934084 873809021 2196669625
220197443 675898599 3629886974
162154781 909603843 2714155360
627776354 668558503 1281275693
115236554 536405887 8923933106
71123980 799781987 13882804541
679436283 751619393 2773033117
95600308 161102781 2088283639
307789267 732152683 4085899811
241203602 642542377 3710269374
248831161 396526761 3314953211
510251618 944273941 1961709445
43437925 176821867 4371663748
793917977 899525784 844423153
404735437 610886520 3997373415
381220721 829589975 1846203882
446369695 823815338 34366698
280195921 924457396 1882291704
265013079 668390198 1241199038
139126823 392109227 3767247464
614126339 636542016 2537696865
247975841 288379975 6506667938
736629553 751908926 107150349
31571219 301514018 14935194119
359728853 825468921 3138616392
126106649 660034352 1245443259
37894743 565594499 23659109452
322363193 549975042 117480028
147123455 720372172 5632579046
155689594 850297817 3653588983
155330795 342625628 3886340996
99729361 106385956 4362518705
597201341 871823489 900123203
74074633 286999746 15728856136
724885726 970425473 363103615
516162298 871049729 633591211
416541420 516317719 1405390439
161811451 765280948 2176481276
530015827 936934741 1815036285
684854132 747736907 1249798611
270394539 996101873 2040851548
347376401 844154966 3778929694
514883149 929600129 2374982545
742311794 983387781 269880686
68698708 482456597 1527517235
258861431 395566765 3469062637
170478533 707593110 6378618890
352076695 941354928 2667564791
300854744 986863567 2406866661
300003709 662927345 1405261832
721228414 914078589 2226969487
600515014 739576923 246925070
412928425 849211709 2598267865
321769843 669954337 56596679
240181731 859248121 1927889211
536774503 575771923 2417108238
131463407 340811569 4227838856
401602910 728936653 2348131985
154534163 816566858 6200466247
201440938 633227743 344753526
742393318 837929023 2208603274
592108573 637951619 856922637
324838427 695136245 272799298
113666106 535184159 2875019880
773161387 967619145 1583114747
209187502 665839843 5627002946
902999101 965659693 1258573129
412640184 572080367 897781958
299103587 840226723 1093492073
126920389 748692116 9003642637
47561577 335731040 7792889914
424030285 888498616 3453654207
250717142 365998397 3702589436
88395466 298079845 7969862300
75359005 549164783 2407329055
336412109 659458169 4037890068
853874053 988373213 358155480
645621012 840597865 2297070133
855534824 901332391 1660355642
52601251 808240279 5535579965
298779804 648820895 3424015709
62370328 465933815 1985039798
498665718 665424349 3213012185
800990638 904759129 1401592058
82517219 866648632 8355735591
183270421 213056473 318546753
318451016 599273827 892433208
374182341 381101639 4456773713
161744427 783319172 6409009788
60951957 678442904 14080746093
293998162 398391523 4072420756
463296755 965143206 2841623164
47780332 50653277 21984849940
162626515 265481288 4495651039
65493623 133913564 9769625527
332971031 932041190 1539311898
593300159 862009919 745188233
370577692 405290989 4270272288
413499925 913754541 2394981056
208919854 223498855 2579785667
220072418 384655789 6853241768
272275761 490018946 4292857198
454277063 468397047 2910178559
526987393 728440997 712634224
268016571 858230587 2261941201
873984749 981975351 1510862372
398011613 826378764 606849502
132004529 942443669 6920221265
201274626 485788267 4239831265
133522139 554245647 242291716
93802770 860329541 8283944910
308479199 586500753 1815993767
829242005 850537387 1688045595
236047796 370952009 1974237346
337401268 381586769 3469131176
880185791 950843099 1956832935
88685507 109911493 20070504213
181451368 780413215 4584026116
800419307 940199931 1818367805
697573286 832456303 296495330
254275622 351850225 4185471298
200770281 385127077 592045791
843650809 854133276 406936327
214402019 885664332 4893090138
60561887 836307563 484047520
372240193 582648994 2518702970
193548837 320598311 2509888924
194270911 961328793 2229564468
1629343 163465335 50039532367
538689215 740582186 231381905
712674646 953372299 788384957
250899130 913716029 4732120801
340541266 882726679 1523364335
17690551 715103023 48872658403
189823333 427812605 592737689
571534013 606953149 2213063653
468072317 603737320 2681402710
95063783 298719769 2277747308
51637397 386088186 14870811577
12484211 495854288 46768775073
676090849 953824743 2225166073
623075689 947183117 251960911
348189318 847606309 3733008622
570832642 625481779 2693850184
109948086 166575787 12758143954
40311315 281443742 18264376204
726546661 907637686 544926079
363198709 586688643 411436804
385000677 671508436 3291322761
77470017 142206791 17568970509
634340295 704678222 239095483
507722134 949635147 2434398999
597034989 821201551 1333951822
433720154 842228369 441542239
114439773 747684067 7120293704
640546001 819203441 2164574684
435545947 635002734 1545634135
45047523 427210420 23573472388
377952170 781771419 891341375
427541732 912348685 2410855729
7633334 168263465 80523708087
771042378 861345859 373838424
387322332 739855847 2220990198
539894615 852868118 2108660756
455779549 490684390 3998469204
240282603 272238113 1155644017
244478704 958235823 4484263362
430439849 711943609 2153851184
155715991 184372762 9968774542
431571927 459740528 4202495405
596762137 856839949 832540763
75614183 810981456 4256438058
714450391 970515577 1910556086
589015926 743871539 231048037
85449099 969390034 1239899015
610908407 710140998 829420862
403845370 675698667 2430663933
799443856 947844111 477621876
19609508 549746413 46325696834
184036361 920152524 2369965600
15147797 419908408 2260493457
863691755 864327897 1356923519
114186138 897343685 2825184584
77407407 166412143 8206051693
108726059 738322030 7097722522
81980114 422325703 10299512917
139894232 717150083 7635358869
483867247 784521312 827717888
756775704 854770451 1118833882
360218220 947676799 24306251
148209055 196377406 10488116578
442623572 563013031 2072742025
472786465 705485433 1843521609
548894120 724351463 342917052
247407683 752695885 907173880
159190998 788294857 5004575598
125055934 219299349 10562192011
108417776 842000983 1857015425
147188731 226658126 3160384107
316911146 622361875 1792862177
110542605 425790769 544481907
273066629 691274933 112483832
378315595 488113047 3153489180
83199725 200547714 13998566480
288396127 810092333 4470588554
40744755 430322894 5790638437
157991363 729878344 612517865
394997268 807367897 2259163544
108097407 666164182 6061211877
257357379 867175082 3472730121
27551551 984750700 646182296
364395583 806627407 3376462046
38139517 406212888 780297703
606483321 762423704 2481679744
195189309 424108945 162717189
751025612 946340275 1126837064
495697401 673728706 1878183957
344253070 982248667 312305020
105954615 840422708 9946519298
25383684 778252033 31166857231
481229335 773729546 1392638050
442196092 802366403 3387439585
803780407 990470634 964690508
414103130 482609819 3586105634
147755133 487183022 6201495837
59481089 456963494 6851826921
336225961 910728905 1407302095
788854078 806762615 860469801
174052571 614903864 1308537515
90039119 302204618 12633652182
434595961 812822417 1702293743
60026979 546630962 9327553207
72761633 462934510 14361966200
57762293 896750079 2554559702
182674913 254855859 5463293321
528870025 906072713 1808286472
151682556 360138923 171005472
213870705 378252419 241260293
607970768 769792531 2281500880
27488886 488755027 14538301538
63287194 951964627 13509972175
282014634 382320137 6020434836
439055806 816307833 511959505
679538465 926593003 594875766
85520676 319724263 2169643251
626352803 740358976 2808180562
69916297 593696365 13067071199
188853713 486048863 610448796
51322617 181620550 20462494818
139275951 878362831 3446046029
668362373 871450127 1338656723
680830784 794155155 1136213962
34416076 129368615 10161751343
392110396 914410245 2687602944
126602604 557867891 9006721577
197716638 396347221 4617200913
50134648 347115021 723407782
296073709 651169866 3910355861
896666194 999042585 1037322785
318356784 628440533 1499800436
778725727 850291157 899490487
745215539 958933904 2175043756
43129810 315552683 6480053956
432491002 897942497 2263733487
39940605 879650486 1029633908
519897811 560346041 51019867
180521601 406277498 3725748577
535681546 612828805 591887965
230662968 321436621 3847049993
472328242 608996091 3399381819
300060623 736114102 316613221
404892498 954859201 928826216
628640755 911323254 585426506
254067484 605763175 4911707929
129755924 388430749 2564035637
965826942 975309139 168449865
514824832 562690229 2531183000
762224410 850788067 759044417
180602399 366727883 4017335447
583729871 979960263 2278966080
209759415 452634524 3812307381
302586011 536391431 3434118304
64625978 190807243 13255324214
62473511 741197259 16097931700
427137233 575909103 329793580
380179167 505406758 811085684
364360070 584173141 2562744008
302806001 815553368 22713381
73573455 139454396 20374429747
32482695 508795838 32357948924
236234839 549834396 4823176423
511105949 601786305 147532251
350860691 735680200 787182560
343164208 757878751 1021023340
107506640 990353381 4778087111
454549157 852932659 2301580672
368753035 874728408 972219410
583901216 916079653 1594925816
817515715 954430829 734419438
197554677 715889521 107777907
629424764 714174487 1380404231
459711974 970985111 1380521938
29430946 396943477 21454846025
180836501 842520084 1667918919
121988263 484942293 9004635774
217302986 750507171 3376682829
622923706 940917567 2284017386
130188659 915699739 7270714629
151573924 287501043 8011343475
494036003 515441683 1836349641
384261779 909116249 1618923690
65780025 896862217 15267467774
15562529 70791154 38515376752
105843638 722959315 3985952423
141956836 143203359 2107360738
60872231 73607133 165113517
411881210 911131557 2488764532
405025468 908031985 1893787158
208455202 425207295 6175152492
619237048 944731929 1618686034
52798568 154689473 22287389080
297570543 743967941 2646517440
511721918 692598423 589676043
214717649 881519107 4631868102
305606603 806930782 2907155767
856596841 945191182 1972472007
853353615 877817608 2250421486
149964043 314609810 5210246548
660399021 743641768 1725329461
338489861 641007415 93768594
15976788 383714065 41879575053
537506192 712204609 2027814910
394191290 882882917 2031033291
710251873 796865952 1044665121
492598534 621334979 803096129
171506102 252125431 8532213441
503816486 901033207 2700707464
229317275 736534814 1554679047
587790413 782661501 2758778552
336131435 575014186 3030059780
91322857 874869831 7995526837
646060131 827134858 769118663
152096144 606150257 2140729052
639375867 949991512 1852479929
19163614 549284685 9731868081
375894455 939600614 1327506608
858014929 955603822 407571949
3651239 471364599 62054382992
15847491 521656984 39024135095
34736898 263513191 24651217030
182775239 574630514 413732788
592236289 822585765 737955564
360565769 427710944 4599521497
467183953 839297300 2558726822
488154977 903810893 2581595322
411140431 579396290 3358939106
49321516 104544335 25775483341
398158894 851243671 1939724867
598902491 807363441 1196260645
125127721 285037962 8723818964
252862055 895445691 374950525
649669173 997914236 1217054827
21366066 473855893 14581885761
442676841 976632779 2960055913
393408649 690994808 3753563711
738867684 757773905 821838370
29416311 127881725 39212516380
59265361 129956646 19617428732
611437700 957771503 2065232080
266680053 645635195 1273320380
330081728 470317349 201393142
95830444 109862993 2575425936
142238248 339513171 5672894567
184399377 679759000 5753227716
34638817 427593805 7663105676
383808575 554750198 1681513750
894659634 908197093 913815494
484226010 949355977 415109785
25092910 716776173 29682942440
37104637 399837833 10203117180
170291437 588627479 4901649011
301048861 603093330 1409075817
796083852 907694795 494241514
481957758 751173745 1665910639
664174413 948354059 1774498072
1371079 998938487 567178291331
439778314 657278097 1121762597
135090173 157178877 10324076020
243954703 732089602 2417586645
43974093 846978617 18917652108
281500653 902971562 3986034366
204656840 530314949 4711014734
914849534 960863827 579675619
705321263 815846713 586118434
64254394 465789315 8703854977
132038817 830740801 3842123528
181030598 307214347 1033455488
762438848 957109221 1002200763
75912721 956779696 11862887871
376380643 471403986 4426097319
174866183 231285053 3306963409
415176727 861860549 988089440
93271527 329295139 10826529030
16467523 223514859 60766150124
189331213 274041962 691603107
393693985 603305236 765533509
552577547 787260688 724318648
31491783 769589902 31859000313
251962025 843974741 2600858145
590419922 691752941 2887772831
39921139 363333838 14978519374
483794183 764438983 2882432505
120759637 709028434 1655013241
248470239 745295755 2787063466
4687043 471091566 125856835688
570839 366240936 603147950226
297739665 738159889 3712122656
685339789 794411034 37142858
237457407 472267096 313863882
218384259 561957602 4097980352
29162273 350894018 8968668593
341103489 572110052 1941417885
246295546 552845171 5290122993
222095295 807165458 1912472695
439522634 791734457 2197019742
160877099 212768646 9672711241
740917307 754270133 2488784599
101114382 241885189 6571755302
230788660 830262227 3065347844
156917613 730184546 123522490
473615691 893733323 1753130919
410323023 588402119 208152813
530659582 925066801 952664160
33121892 400220721 307894029
179996262 356184901 2013574144
457771705 767576669 2399658811
266345315 839211881 3509712319
626971102 864169753 922555268
82859369 289713154 13536815282
498291877 821548284 766856397
835685575 925253123 317261005
85318961 626679055 9968475137
253395609 510237271 753616735
780794626 887213931 740503797
623371242 808392431 2088022573
898979465 942043682 2037273549
248270922 992061713 2511514882
455222304 879343405 3286121206
293164497 612143371 4236301427
118140501 766766429 3245487580
516192234 610379039 234378278
834471523 859218095 738384730
201469898 296031413 2599907433
797425526 992782243 356119043
185102483 463294925 1081233864
467243239 499488998 483904176
227571931 716708232 4521816664
29994730 783049903 13016369410
240677218 475312435 5237220457
109928433 112024720 6152033448
140302537 355479744 3791735503
335454504 362092795 4112784680
59887640 259098289 20257022885
575268457 629775601 2200947682
31085260 471111101 21113375432
81297871 601920903 6502569831
188740413 630375365 6734851696
115440301 824776877 6098256967
315284977 447955240 837594798
146597082 337252949 846186060
34428401 707670958 6253127504
188047628 796709701 3072495200
341392383 873051037 630802326
656535723 921959960 222924969
141231345 893632474 7254569555
526950216 587288327 3553118802
170774077 927034432 860221834
525882846 757451041 947916623
275119336 907119959 4491212480
506152023 814008719 2659421016
252390462 690369623 380050437
430662748 741457359 616544795
81360565 872517244 8141891857
398443537 473169015 4538319498
197506851 970987145 5147970763
349637321 896654118 3468378793
606917095 973973262 1418842145
705020599 768993786 141124510
303571283 836900792 2420421991
67487371 198325165 12738091879
310379105 855667736 2117078295
185165023 815763427 4955668410
166811551 233699947 3549432732
239387838 551404673 4886280973
370457029 409957076 5082042389
102645885 764702471 10041483214
422003401 714465925 2076737241
8759121 807085508 65861065522
236418897 450359132 4486123245
810238747 818570052 1214010224
468265235 935830053 254861813
806688226 992142627 1276023587
685835634 861692761 1679053710
495736700 751629811 2845576692
263067049 377279323 1213715186
3999900 524090441 22543648665
15560392 427948801 684596418
454168388 728282333 722428742
137126329 724252413 2792494561
25998101 808546178 33514883701
479371576 998209983 742122469
358274077 406674022 34728268
161792637 617137529 5638598856
170926735 476743304 4025174253
135151238 881861143 259846319
706245380 769033193 1767282116
284925845 602960739 1875765530
530708375 579172484 2328372436
441629189 684420866 379162472
332893189 588704792 3479654027
318770587 892845870 3301748963
600383871 699752068 1814160342
4005358 128821485 69647023079
195561799 849778157 5675096679
51826211 999463443 100988751
14898572 701324215 44820327450
606573554 807351435 1981436487
40915280 688595979 1065060847
123834473 406636693 1781270142
751773949 950979470 2202163879
152841040 855875677 6823897449
624379304 679953471 636508024
61482326 938161039 12854922376
2998978 764612191 107568255356
240401932 426625735 2720495829
121282519 343598312 9163674167
369432131 449711885 1332210626
864093873 910818334 822682261
540275740 949432861 1993906357
39600307 983837561 9144876913
54346800 574209637 18481329929
129795951 179784580 8740675529
77122927 596567487 11943404153
594495151 814318657 381507465
523574125 964768659 1312864699
930409951 939681315 984139830
241672971 315254579 2618937429
218218127 410493363 3059939886
582789983 805393314 2589290719
529035054 695003885 467130340
5857305 163347751 76500249892
264462856 707982477 3579864195
116403800 375259911 6946801341
77734387 213157689 5403469556
320327481 342814457 1755733120
26743981 247830591 18591771186
8986476 590960743 13855709899
445708341 588092948 2659235580
151578733 176381480 8524971331
351215037 430094747 1201546664
343333966 623639649 2326714062
182079558 729736517 1608743065
710546951 929608440 2268150057
709398792 855780697 2076583083
360854862 970741621 308368120
336805452 633708275 4149427656
521279604 723494743 3218185481
262460083 773223991 168728609
150459901 291999218 673873074
258506611 417758606 1051395502
10588431 247884302 48286487568
874383281 993235980 1171373718
720281034 894983747 1275467043
596242453 887972076 1040778340
353733157 492846892 854889609
728765651 855213902 813796653
481447963 835828311 2088306535
99353591 655260732 3757619559
137664132 680265895 6253071108
146265611 955933894 3489529458
858395049 969160579 1092549673
270571106 965940761 2738871083
264607334 273468761 1777557375
315701403 774681908 2244383536
907216084 980437239 839470885
740700719 916667129 269495087
671287906 745576297 2615426487
719825495 723970606 75564909
436225480 693037209 2426334221
428914947 669531710 2118997023
191353174 878250369 2512510882
51305051 542557538 11721233057
367894561 367948883 353427095
117796111 250669662 7325322548
342723749 698165536 1825770406
45859258 343070853 6370457195
96656221 673561105 6016774073
874815521 978260113 1236201389
178091489 988500002 2131751257
95126552 518642299 4511727522
491678753 494425211 3470170084
68270434 493278103 10066918987
402811039 813131742 2364571794
312421188 369735481 2494118995
100894815 373376914 7311538332
566012988 884512781 1984171964
469667637 764554621 2193511031
427083097 973268936 1631408487
58524853 853276914 8306235809
699447378 787990153 2287258066
57414196 591284539 14135653195
63834751 777672883 5059880114
137235458 773887423 4356278028
241805757 652532747 2232324516
87122153 399518738 6332409176
635148465 667568947 1094893136
498687146 805297863 204434180
247358931 358188188 1164821984
385741089 386121031 1531871339
95581153 772981809 1024648511
772136947 938344201 1723467568
622965167 753674738 1911380602
497944429 533191016 1582684947
12113501 769590516 26269209879
845725247 886059125 1075370564
236278362 752272843 695355110
82548681 235770332 5748346822
148734760 182386681 11662381962
263343515 660407294 4164709874
309728009 455866771 3612270654
18846850 191042209 24440319743
277709246 363971451 36581050
48000798 299009045 942970671
118229483 957040053 3480467717
397927363 849342041 911539553
120360821 277125237 1965394940
346046801 443459726 361368746
37112734 467651441 20123841605
104014207 768667055 10270962884
505048751 658679837 2704442886
513829800 539095873 3724740018
66971796 681016453 740165017
218756731 927247748 4152048292
72405647 839830680 11030959421
535356241 913998065 2583818436
183096077 461731945 6812883782
330742936 788963085 1667665150
107965650 648208319 8888581321
860884198 873411213 2221078152
366437450 411502221 673400401
94202805 736605052 4034208743
560846068 976035355 543372650
456262704 476652685 3819117806
912569931 985976410 633848170
411184129 928874424 844662426
67804627 470684426 15857701688
47973364 975164903 3354623405
2759047 55625212 147240313282
94308274 908995497 4465673856
260589769 491632188 5271861123
583495023 949163099 2520910924
175445768 192312503 2624280463
424995707 654604685 648849722
376965893 755294404 1915997065
406442571 838340875 3097101996
20158537 285172121 32212327572
118363174 893954017 7804056638
399864115 883817227 7328080
57626521 907479466 16666640335
235903807 577752283 5830041285
104536063 490475347 10631153434
242945643 544214966 5342783374
255623692 825459017 4535266079
409350113 505944077 399387029
583842737 737051638 1038544854
192720931 799352623 4989580375
358102332 402428485 3431104948
132059933 391632595 6971991067
160842211 611718502 944992309
295798049 709277832 3739429890
271354916 872402037 727582880
547837283 670940698 1045317048
527968201 858659599 1145504842
632716269 646124300 2234493982
639056387 992329740 767205982
78032831 668732610 4155484854
487268489 945982852 1749103691
551137001 625434143 1650874307
374445027 705578327 1690684968
495202880 753714453 2933077158
106201369 972297679 8962504680
560520199 920686699 342061705
278693279 948862371 3285268109
501537705 670521664 653419938
326489375 875752701 3986610211
132121114 488509181 1175309393
31756427 359960867 24436939581
401088930 847982513 603203907
515888437 693626868 434316136
196627315 429708356 7083885439
306412325 546213853 3108997016
44744621 616482597 9258520476
616115364 656040529 517557338
66700466 205657743 13349526326
233348618 875160445 3555024904
47518407 305786701 13606875106
534372810 862969721 400464928
255337255 288831958 611888693
95985406 352188061 8875135191
698214228 981079193 1408394096
285337057 720009864 1417730219
274736186 972823749 2851016291
287778775 786275338 344375197
525895581 944595023 2376093087
794696285 810192559 445370512
106791373 607125850 6150423499
280129429 714754160 3288260985
646075469 866651206 2658076457
602862321 714616234 847933828
218646917 960480761 3465943981
369730603 832568464 3337718488
350882241 523740626 1627537787
44657121 477574448 11413114574
475829984 897449607 1300480178
285759698 759787827 3946043637
262350951 310495130 6186155645
105446549 955794994 6737935430
350672866 935475283 754094685
186552721 395314584 4109152258
432093088 435201803 2337101126
669870678 818652355 185562707
489615611 919197167 342688920
160361832 486949069 1889417054
123532529 676591199 6697804545
205768211 969811775 2721093732
273242813 924472291 2172632099
470029781 742213539 3333225689
518606338 795757155 675554321
620964603 832961714 557521701
252309744 395154691 4125734718
273701476 479697943 1309298612
381692715 401324573 3299904124
22303876 304043485 14715525810
212565293 878801601 2639712955
8522069 539601406 50532393651
197179103 305741823 1537219717
297365618 422274021 3273501670
230192959 558637205 3372459946
26208847 882009962 32139951039
143690585 286988769 449130946
379479203 688968577 49366698
311578661 367209633 3717166119
252744633 353010560 720817410
696205535 763793844 1925431875
159493949 966678471 5691089982
282535457 576509943 5190991704
26201011 186661174 14079232127
497933322 853254029 3167720026
160086322 167253561 5494213458
122169249 574931219 8679395733
36258394 94300707 19032839122
491324905 556044182 3398605570
48342611 688898270 18171317432
111608637 545420195 863126796
216662111 444306632 3231827258
449966916 740959867 1511359475
505867830 827610271 171976899
531094483 633151294 3310023379
586444191 926082524 106857148
248715259 575711846 188273892
166194776 489135627 5685697954
500968333 959797632 1930535210
28881312 435228343 11180700441
82631370 771006961 3640794002
606188583 989674733 2541973688
314558736 524059355 40881247
220149127 946400319 1366365694
652064508 832009531 46719357
124057037 382199650 7795763723
39260213 615970200 18088257702
581441026 765825161 3010027096
653335820 969904467 36576044
78632058 640568105 14253230482
320742934 688101777 3809110661
625831701 902147953 989374688
593867585 986624841 2325371279
172872415 576244172 3308175976
258877623 880641247 3035584052
261943069 449641960 4853207166
114926663 477306325 1327668909
133272593 643643706 4595841105
5483255 216521403 175706945570
604168925 757101009 1422161359
104060649 157144219 12362159341
676723846 826690515 1698004440
145160633 801919995 1612545966
155453374 868435395 2780442883
944458217 982853400 1768870424
458903474 563257999 3680855308
476922186 771537625 2335854702
167247559 911617247 3393990092
58931127 684227981 2010202905
318715303 857263001 3059587516
172971757 705526305 4289377656
393036283 729380320 2241977109
290874773 605200280 4432633106
751030146 865823495 240282453
249764401 582867975 3265916616
406082682 499755695 1091576542
498649189 884121369 1081039144
285996148 529257453 4293040058
62576521 394164955 4758913141
207398255 509484151 383621274
618038662 908945679 1305500465
179765191 757251006 3059846719
461449342 961504875 2653819914
199603771 695535224 3264274031
133519777 180575467 7445980053
229345810 534615033 2750712594
127226318 640017855 853343861
475174627 490229591 2583340977
382956911 551744123 3248294323
376173531 887752231 2594200285
281583688 689789147 214069784
63846731 468353633 3468560448
767902703 770184444 2534029060
49751492 333776071 7171829000
322531284 528393871 4750217889
202629133 402183108 1226118492
276940141 526220089 3491360256
425678393 655683271 3097365754
459634123 781748676 645892685
296532028 625185845 2081213915
384433833 447733358 120203547
210911184 562445995 5481299011
365316482 862710221 1031962049
376810258 592278483 1372489916
513939939 889824022 246717774
209359323 854216012 90232713
595016713 982592127 1589744166
206683415 771620968 5287351895
362272760 658097133 2247122062
85464233 326479274 13422429450
189304950 533897107 4651159804
231551048 234796361 3473116806
49223468 75228183 26803204334
801410669 886052833 2155648017
180183537 630732413 5395790874
358874911 571807315 841751958
247420330 271484449 7271323185
125833103 854768257 9107245666
749401430 897694637 255742652
12505877 431345000 28622864003
451085147 762331391 3061170347
134550067 446498033 8689911964
113893887 982043480 4282361032
75215107 227876644 185199456
94652347 225553268 9053508947
13627513 459117407 10148636000
557008499 952243385 1373086007
86936653 593460951 4965144399
329048933 381372114 2508788543
527057909 845634674 1484341758
90579337 300206422 1770164269
223957196 336840471 855694945
545575765 627955856 1298736009
478337323 961656649 1646936277
714045766 888678011 439944542
91765649 752069512 1232041573
103770012 350066119 5686763955
778486817 804947381 1268082793
212323967 928916149 3574369703
396211339 446712146 2392086625
910873955 929177183 1745857305
22901680 805880409 37474470215
36315040 980414099 3829427420
874675018 897126941 2121161608
72521827 847547439 14666944095
562131319 865219404 2086211963
319216803 964818326 340318603
291704686 584071401 1811035645
845399747 959153883 846062336
143221112 151841673 2392334806
365358251 634252871 2733047495
662232611 809902443 2407982582
510426942 914680193 742187068
85267791 625499128 8836525514
376392691 911391337 37868760
145821359 534085164 803845069
408698332 894593125 1569852919
71506601 964957085 11636147479
572424876 998048459 2301331156
590408554 815326969 1201987637
69282817 968395660 2260601581
430920842 555146865 3017960230
127991197 148510838 1123623908
149092832 351556053 6775378891
346090595 614826208 1364258579
161015682 682302173 1102440023
208337323 439003832 240338769
331732925 530817192 884412152
575103471 665302931 90652850
652605225 894705019 959006494
542805057 735918022 1646297440
301602612 995762479 2943162577
463688551 617950892 2611325151
221792197 366625030 187649546
404679807 784917818 442341542
441929777 490354865 1162477487
34296043 156508194 27890964499
245518087 419768736 2533006861
403872608 740936053 3630965926
78121480 701185649 9244943026
311839237 932336530 345203974
560400494 950208281 1023117982
277385651 339286807 5857473613
196673855 716306083 3799591373
405156894 442385977 3219127259
121597835 665729344 6542932167
578244090 836760137 2244177904
73474055 985530744 3687602164
291649407 501919645 262689276
297530671 709332951 3275133504
339939976 869862837 3543044384
124636560 605527277 3686450616
121336513 557735049 6908096399
441556781 785322007 3380190972
371386853 807226654 3549963220
885122941 942150257 505487746
448559771 729258408 3100321187
320507356 411114939 2823223649
474313644 642742237 2084776621
271955096 655261679 931538741
192140357 264567691 8032221520
656667629 911574242 753053692
28948765 538996643 30169766991
56475440 825517193 12983760839
977600661 978085757 242287532
30073132 153231211 26894215992
317137492 419306205 3315829181
199323426 798473497 4200288277
574646381 600627395 880404278
763409376 983764999 1694661047
114784786 843873059 6598919792
305854874 401843791 1526018316
41961529 125306559 28917228871
84379072 407034105 10000698991
89480498 900841505 2749621911
531429561 833423161 149740618
183245939 966105420 4381530341
767670815 948584544 1472853158
70588064 593081343 8435798969
50810477 424241868 7297072596
71822911 139630723 12465613010
20708696 658365877 33154202495
213889626 526692523 2539595793
198977052 254245561 7016080003
427773152 704450667 526700360
147227017 843990911 3205301449
410707299 789439820 1599707099
681309425 787702073 1148897204
93748966 662882131 11127050642
161480199 958182067 289007242
97569873 820497839 4138418715
152782069 550249747 3752440203
102494411 716200863 4577569049
214108997 525441870 1495704648
757718259 785187226 450882672
222731851 685593844 2898929156
325418712 340985687 892962298
863298187 927396823 2187192734
198841165 597722423 2197075833
876173362 877081555 1142714455
122667768 266911327 8377143562
558546323 798756486 85082122
481495233 556026656 3541545426
815294666 970199555 1260317598
321597979 903348592 3650951828
430862812 617373977 2178314952
247902709 286656590 4013910518
308511413 350052026 5435614025
274749630 584582621 491238011
470343271 689938613 2795373607
293542162 788732827 312305835
89724338 740243811 4672009452
514564591 968269547 2447792801
351754139 436397920 774275756
