249565137203691309
546252637704170056
952328146665389334
692134709281759409
334003100528995235
74464679141749155
95971528857790230
930624605693501157
659788976921419150
232275433544435995
865101109663324848
335108641613966682
186366186205406732
631994128043391471
602882061171866159
373525074936514318
414829620134527576
846507369377209008
906762629635477980
989567077723186039
125291244133715562
885388232734054629
650674153655005379
506820329042493276
649823961738746344
152446188444610850
356105438945755427
973137955652338680
482217986366719526
9949365797726705
404737605146751278
235542613590303615
386860635914593115
793199408462182656
867521250039660125
39870153375487171
426829421300000784
786363616733666961
131864540002132749
840258674003064969
23876329552494150
688143234315664700
480792621051178056
415362204414847475
224561021180810900
319023121787273475
926086363287483810
150665174165462444
205350388231421004
324008308755386077
290711404479743331
614423776523383160
446750148066847856
434019382422163018
930006157304008950
786960179697409839
114161004652889529
91858414792191008
542796805122222420
876294323020114890
683537241619467725
554938863419163936
290238229467614036
897782911455632196
81834760169765130
721883472810290700
12302421078174015
361887106323372538
671460265085330520
401090803186259667
608027719788223160
805705245058295519
52686854168192130
869387355800548442
263150588097132260
60393638432958843
269544577014982872
680366595298593210
895696817170766190
587299820839146646
215221886670670968
241203774451052922
977104354448741609
324650316272818746
991342234264270630
550914088946123058
543365005574682510
159523367001495260
899519520953747100
164073507982665852
838798067177501724
728760548751386440
273386132659961384
700465003899345792
109191155294934420
915870330823165170
595479371666452470
629549992498327474
31383888322451112
185580005517887448
841461820475419410
859207345847418321
787499340393896526
688900909050793240
889519574754906225
540551170157707148
453382467549171145
429695392260564365
377636063773354807
261876893046746411
826634577323006510
681793522641307200
278569886273408444
959342568155405364
751355362869018678
671129393965443307
217906073963364879
461969430977130876
698651684719176914
163018159240960782
801269722566562745
603376136153674968
26070676984229010
700662861054873180
367109400591945109
708772120291158770
284792461591120316
621210912547328698
894420542074360203
985102365191916149
674866719056410805
786168656866138833
112530258174633644
617794621693272480
78133492993011939
172715920867754162
844621945960655746
27335321843221504
572076680257947618
302913666572794122
360323294560312432
80726915626406509
72156962685902430
321517733824073542
931501982250897700
374350301645447140
843712114669471928
77935110559664484
651427817616341359
706977131577564768
164258188318345661
677303931402433412
569532048394804673
880381600804557747
94697101856296456
921322455934436655
803991697196917588
844995538644692295
644018029776550296
219893594343430206
92296027964779407
805397342576667867
881081523305365977
79817466776401786
805394394672552604
461148731735500152
126409167557487276
706680923228906600
778101673206673531
399309692515195236
960631982305124022
227094286436254809
701845151395700940
587989980432132234
152095477141464168
564642699973513860
697140725376031206
944814958902197906
147497244077025192
873457929600692224
577779134469092816
841549141364534260
935498831793081135
292860592578154622
294398040579367101
786218478132145733
75951049684644864
97365729174806784
272380857601818954
614402147049298260
207130765085373633
877136577275713936
363464609975866821
33049274889379553
586197547358524515
286180693635710742
433544077486337202
672651978662712152
707096587656395646
893791124161757341
247719957582257376
449096368044825456
6344114661180300
885860943628218025
513638023973543476
521862149686928215
107081593158886907
168918915488238805
662829330478996482
841180034282154590
178366629003539872
282027846456327092
376474488457821506
47783127092344125
22018040047643178
672098932499825180
823173198654131500
950808704772050295
215530795930399965
79552410832973948
599206967597891076
563726311940152944
689195531457162597
17318776320408381
847505507793209786
27205811275680895
838276006876789881
21750389498628895
471832362497051750
536373157407328038
79610511187485390
935889254687613915
766140989348405448
413190222124869962
965700563535315859
428039470497685806
799234650222932317
703071921102655770
360614409206853100
345586655654108145
343201756579978884
177509181261769896
876405779387510775
482062916043249524
504503941039742520
903061600960300970
138627804179913698
581325598906169924
603871686351887863
18251442754090812
32961490735336880
775001281346616064
378361646493758958
801710053334902672
977101533457621572
146163776065096874
233210579212358300
146392036076593687
952816925413123904
817346867704353723
83025904400911260
818808587077061655
414264298684792014
506355944148448954
416501706460268145
276239348642393552
737561558571972580
929364352651519848
609066448176816672
31690640071740344
795882129394277310
490181699935296345
316923727042080288
365614300957576281
912075725666123875
245876977453747370
660781273175368518
39338053604017470
13759156916056698
465667632783410577
169180557700686385
516634776710102208
904278886820479830
67491673348921758
264091195388622186
217789429210791636
879167374144788900
249389758868044136
81744077398122195
680501452409695488
305164286527149286
486134078947790647
833695675705159152
546437756812064448
664348022032017594
639904201010040616
927516462023059409
80880266681675076
175980841494492243
575075741062079310
5015535070519526
981301444126129076
987997366360723320
796981425415674492
40774353652734480
187004979357457278
241175463247684624
463374969648730560
682474053978879173
252193456357046015
568757825302788204
323395606852376680
16687106933020392
461832706984517180
430718976910033344
587850849065307168
248321489419755839
877678091995069122
569010963670126612
856038249936163762
828739422108013331
795116185320274683
463230116685318136
437267811655891314
935668179046760025
491374320405833307
368009845640883386
150230979556679224
5501309858444624
705948211951021520
530433467204547880
863779966348511835
605480290837791939
877301819830724288
562527292294956513
173534959893974547
799744566542924016
644395805926174380
886345987355811736
973771730312274375
529130642917367060
603479482673291672
20771262429293944
642355206981974316
621165090594263378
553491615525313760
392308345798208587
220661812755256712
870902751984529949
872691720129633942
271869303353487880
926082141526641843
642763332581096280
661159541199765212
278985982068291150
260285421021458225
707954230658736656
180210523260387898
356415578781077060
184259976722859849
224833797895743341
600201038936809299
756573591985308972
57371655893374521
254099959354272006
899847290089708765
767935036909575731
818266688710780659
807788093557938454
863776728069761100
526196624535929452
411323534559785518
758583797989532740
73933043876320167
478903721076252604
298115563949988312
901655979561106353
940960919461788162
307450300831211685
937773832353881425
798490713628630305
770729781003233400
240309249285065850
39061649876598784
131820683381381268
568662685442690976
834512095872541035
245549287864164617
381461831201363000
411846380390605446
133112131718940990
719638296916448390
346434143557430912
647411151026214009
282956151473737560
209616135661468410
489093267435421845
693139723298533366
776580360803770648
295566334943198361
750043249512277761
442370288400293454
790827783609915405
855400778120104356
695671044374645480
271662741030074086
221719428973796148
491464685213282134
437735331710599620
117719253933768620
425311303751537792
834345536237276562
926309144505094309
329302485614896237
276861575650081723
786916075713928956
932002426005045510
77439998090778515
182374981529551145
235173888018412467
963855550880809380
504656310855725875
919874252179334210
538763196086097150
854017750723318169
170773207965666688
519356716806452283
584085149095872676
343764567340401446
787574796615846374
13665890766470496
49593522042124995
644480600978933577
241477898434672165
414870375352362972
901368941424233870
333097794746337105
620934808196329436
886114900141336338
930225673223702037
468608343792067908
553570957060444440
15954262498083180
542711470898750652
50319511388983004
321254470629283851
9418561479717904
240765949109956608
688114373378393935
709589189365507874
335212580608950614
872198864550703121
237853532840982636
139307957188095175
748584249382794600
127596034919892975
307534741324619388
734907791876245834
937153886513118750
498726140012967348
985656658304919744
839759809093018296
332234136960480591
65549557652748012
312581893155439473
311681928030662163
157483803250939521
143003990759998276
116821323496311650
781039811483435280
376019074217101440
836774176641882094
341335356005679741
381441039707560704
716169502216431870
985384753338837519
661703126188173069
615689790030537660
465740314077761070
978243294337144435
617549062495756655
154992478995401760
86464169782638098
205297402273806605
467444395248381080
154813724760366072
85484178007678545
884745746747673390
986853095536251528
124051403150556117
294221258621484328
948077957460912784
829985139514435398
70241643121741596
167963922187738688
605927354889712570
981645490715425965
844899847977651222
872468271050719962
530528519342145495
51906932210257097
539189094496418129
641400441401531546
482190396238027400
747863590776056967
345484602683745850
815621027801559954
988984305995786710
908737279187194875
550961566450649407
570691454323162242
695498132845968760
494334700354025228
79542106907084748
567738311988637390
641207292887210412
850024186592392897
188118405977611396
89489350610302500
10278845655520384
202082470852640600
321965240352973220
844179473794268718
240335711354052432
6614742987109677
722792083048031649
506437059503965712
30451631463847312
650627706233023953
362945935196071098
644822154191112040
101776769423068036
739940896797052977
775592539720455211
586219300714603467
270549260728332810
902205149259860632
4975846645443374
653868430856904848
686277687792320832
41133193758398000
169089302042273963
924605106426289526
884940236854461920
207177777570501021
741740604098448792
321334486856687860
418301305722369045
821442617556720896
270197708375683945
364794218300680926
686567369655674140
348127502527931572
917557727161298400
658847563074630380
815663156742782579
131096815719256239
445572487994746125
460096516523305755
358274505751159833
435971863002217185
875495864325693204
140318367604459998
432574105952831745
689268685262072272
617185983982026693
307790350776270763
290740367550301395
448788189800359431
122648937087586224
674243047982054812
694965144951700806
232302893685411393
515203589091807948
234426505414606686
913439159876027760
805449089275315128
81120953506666506
912546505584512424
975049254309102861
33062067784900870
66912524313981881
167898232488676723
490333445765481864
544705072947868800
509029140916681084
371264796005267318
176047475583319752
320205638392729055
637945838964094877
324179445839093712
715940144594452680
442666592801350992
497340161736216679
578902216307725249
239050430682370518
503405324187479904
395561432691165051
110404396433934771
923879233840931986
27274855578973092
649565912812574520
553979516613294520
394765444734856922
549405825490573044
65016752348760673
587032747890413379
419705086313911712
257697307781322918
508577605896260841
570909024198534487
321690001851229376
362666723793757800
855480483600313683
603717514271496312
636944577984806457
422342366987234133
580761522287723186
684832512274638948
638183544920197407
484251235062375096
454919082398661457
847524515845821398
739756248099193024
298494471391027499
507788383752820874
393844104068035941
452924824116372573
356363236758375443
62960132365312690
170431737842599156
295598293483824855
87159583632207700
730031049901113813
651890335527720146
407513928720405024
313280998087726992
465324936246041755
125027865365709194
351463053870447348
955444701594677520
784087283728653890
666192497465225079
419261699225199050
5762286621199346
39002206384901484
366248768237937950
247002685246035061
164926010360335293
70239900414085734
691938655138890106
940993100904788008
773096633531723206
979904033844377400
45131870178291208
734908539001616700
735309368503745491
872319486307793930
893215067851073188
388644119332361616
822642100929160200
962951169150156344
130526739014515400
336942892280761335
193538175599223496
890302949581776905
300397779571560489
240742490507627037
939836971649190846
153386691653383392
387045253173543317
381562851857267032
897874475312634765
910940919857610548
240767695989233360
167203260507471720
481800100139001148
847776815797121784
606481797081958490
815709619418150030
2017473675362814
903092555700624483
976578977776708827
916090576921351439
897395337785215948
885198093609761124
90371331654413547
338338145938980356
774796125133475714
650149224860771610
688541859782122605
120350335733270551
780581467197399456
150592412033791336
315252946971556944
374512072541899446
714311859807765600
298229364362487280
290380439187380237
562528837271364984
483656435357631733
413583157448382745
876556269140740160
858102157565585056
119176840591190774
707716544216314640
187481825687624100
948117995862155625
122226167277076886
713117332982752724
164249644686302469
128492061970514616
955612960690814150
610282032254017225
386235799264755118
164441278805456155
672356056863209082
654932154755143702
559614488451384906
132160453343657010
82927369809611838
669435396879875780
574500444590448912
289717192830383351
610784924701446285
72550283892959000
802687262995494571
178675881752073835
558562862301662700
661773604268097066
983862938128893114
277274177923615920
617294963737920001
854559979859909232
341969918033462544
466093299848780577
404395811134216608
819429160974141326
879671117405322087
639896486140926469
192339889785820208
520802072786746272
506732456544782272
68363710322038986
109473931483464657
227928934214272272
699653478002233414
461909668981523158
458221340919093391
959244170992661979
212110985052722085
198340436137251226
635311252523151360
228169937027597856
645564433016776572
305781864730744444
451823820850424934
423945068618226564
184268872338218280
571192645852477594
549775248449991402
818042986248037837
43004325711487680
12080034678640962
626555286499252005
106169008603387520
701276219216148525
779142371877505520
984269388325802631
323483771549780664
996049123616246628
449403247770765178
874524362229333891
498448096368382488
886500721685466558
820846977623924598
79968544450084542
470687845703514320
423114569667445915
53994206106558642
956017140835122773
38368684152149607
32699825495116273
705293909273021904
635458267129731683
302818565248245915
271722406284025020
955598797444328037
8036040918568745
244036981073312581
17078910109148448
730128977621278157
667598025466403510
994837844918608908
14278393665107820
998225096627586234
833314705207967268
365576735598256842
862068055277527530
439917699720454340
607315375996325433
803296310306203787
122974531825727775
507431177237752283
939650004731785785
477877773265957890
773923459345316049
631850833211159876
198200636886504284
366605408201792450
851952879792201600
930803381077711313
688455532225939140
479640520384366822
109069587106538730
710854255793781736
595856780185085839
572616393345423360
870808334852952314
96635808794429790
571021593164311425
244554522801191470
344665886110654759
797075356222889436
256996229344535030
56544522252126530
480281679435402540
444526886084656881
827477213635882784
506272111507739355
571563983606489115
441474978419585390
90564818082941676
623340444017931007
734294504099115463
685428160388687228
42804878440737008
194888700819041493
974387238025922256
310523629505518996
951375111584345640
165210476235287910
633498807321041266
799460909215145415
186953698034936784
418600224322202312
24862669188408640
840782786179715280
264843992265702750
316078013521080126
80375344073837121
15172452071061687
589156066134470850
861933709652219885
525042799360807520
909145690507289738
650011659519419016
404900147477091856
797514960993846256
907106333478860167
756204965398008153
185598952290215586
941252446037875750
998936432997630505
104454554925147427
347868357689239297
867520844848616554
898476578423180454
437047535360719800
10472985044617722
603626787251741773
134313965086976842
482553868027262600
376499299739063134
443157047147837068
481949723740473625
123175393526943994
115107085151139807
379149311114284655
526102577485513966
174184592639248016
100764109019438792
455185146263857404
501841235359241953
617728977322902396
502277137430557662
803037215835615794
834512960183229760
134098724684581440
939418702663206235
979832557003155324
710872584767474374
81628172363794488
352324840140873408
380174489790812754
176321610752835969
633574166787869082
877301677148504622
243146897954090106
663080185940662665
10087513545489609
92077771691301238
440398507248665000
774656663122081200
837179677890672317
411605178654995655
146163720982062449
732170401337527425
77243312626497345
709335472185488232
302101634876176415
143617911475359516
33956741314392551
180552672856731975
27962943789248247
361888321159010475
514286498893529061
681307078852695144
691765298598367574
25931671756006478
118111820071039704
270208978156213367
784615016614563735
392392796696445721
949105289489896320
649828974517733840
80667297727884090
360654234145589534
893936671352829610
586301396823003610
680771014019157677
672729879418886980
767382215968625490
252144975968838235
48456597321034959
686499514822151249
865994272117358864
381037103071273680
688433972376833327
955375074461189009
902972365393061796
230691140501541229
861053629641671345
508463300510047473
568967011231852044
179032391522246192
894030662294031828
287442214403569666
828860541763883355
686311531410540554
118459601639891715
676101703927468756
598730630615304488
669970664895668808
258552601150318162
728442795120337440
666761738768320186
265023288497526917
909010063215264920
698954819030704256
223806827961017590
48592037265764499
674888281875803574
624926035003580500
532132711441094496
331111298180964489
591210963440717850
665642714894986840
386312031402500504
783139869674956992
140183028185744608
401813953821962514
432172805501971569
419722608233945275
913899999707568225
39938247014948229
360871759774264536
448715467086569976
410438077955453373
227529329662150270
173862212052396381
487354789584069368
148687322082377328
977894185729205334
327816224687938175
500867300008844866
704040726687130436
27966309702342660
913867332594880160
558338048000176162
865879862644926012
552775271319114789
533598993162252710
891363456065377824
91815048866453760
781810926329283851
66810216912693502
373875782428280836
822466558089292845
150802150509687040
