2
3
4
6
8
9
10
12
14
15
16
18
20
21
22
24
26
27
28
30
32
33
34
36
38
39
40
42
44
45
46
48
50
51
52
54
56
57
58
60
62
63
64
66
68
69
70
72
74
75
76
78
80
81
82
84
86
87
88
90
92
93
94
96
98
99
100
102
104
105
106
108
110
111
112
114
116
117
118
120
122
123
124
126
128
129
130
132
134
135
136
138
140
141
142
144
146
147
148
150
152
153
154
156
158
159
160
162
164
165
166
168
170
171
172
174
176
177
178
180
182
183
184
186
188
189
190
192
194
195
196
198
200
201
202
204
206
207
208
210
212
213
214
216
218
219
220
222
224
225
226
228
230
231
232
234
236
237
238
240
242
243
244
246
248
249
250
252
254
255
256
258
260
261
262
264
266
267
268
270
272
273
274
276
278
279
280
282
284
285
286
288
290
291
292
294
296
297
298
300
302
303
304
306
308
309
310
312
314
315
316
318
320
321
322
324
326
327
328
330
332
333
334
336
338
339
340
342
344
345
346
348
350
351
352
354
356
357
358
360
362
363
364
366
368
369
370
372
374
375
376
378
380
381
382
384
386
387
388
390
392
393
394
396
398
399
400
402
404
405
406
408
410
411
412
414
416
417
418
420
422
423
424
426
428
429
430
432
434
435
436
438
440
441
442
444
446
447
448
450
452
453
454
456
458
459
460
462
464
465
466
468
470
471
472
474
476
477
478
480
482
483
484
486
488
489
490
492
494
495
496
498
500
501
502
504
506
507
508
510
512
513
514
516
518
519
520
522
524
525
526
528
530
531
532
534
536
537
538
540
542
543
544
546
548
549
550
552
554
555
556
558
560
561
562
564
566
567
568
570
572
573
574
576
578
579
580
582
584
585
586
588
590
591
592
594
596
597
598
600
602
603
604
606
608
609
610
612
614
615
616
618
620
621
622
624
626
627
628
630
632
633
634
636
638
639
640
642
644
645
646
648
650
651
652
654
656
657
658
660
662
663
664
666
668
669
670
672
674
675
676
678
680
681
682
684
686
687
688
690
692
693
694
696
698
699
700
702
704
705
706
708
710
711
712
714
716
717
718
720
722
723
724
726
728
729
730
732
734
735
736
738
740
741
742
744
746
747
748
750
752
753
754
756
758
759
760
762
764
765
766
768
770
771
772
774
776
777
778
780
782
783
784
786
788
789
790
792
794
795
796
798
800
801
802
804
806
807
808
810
812
813
814
816
818
819
820
822
824
825
826
828
830
831
832
834
836
837
838
840
842
843
844
846
848
849
850
852
854
855
856
858
860
861
862
864
866
867
868
870
872
873
874
876
878
879
880
882
884
885
886
888
890
891
892
894
896
897
898
900
902
903
904
906
908
909
910
912
914
915
916
918
920
921
922
924
926
927
928
930
932
933
934
936
938
939
940
942
944
945
946
948
950
951
952
954
956
957
958
960
962
963
964
966
968
969
970
972
974
975
976
978
980
981
982
984
986
987
988
990
992
993
994
996
998
999
1000
1002
1004
1005
1006
1008
1010
1011
1012
1014
1016
1017
1018
1020
1022
1023
1024
1026
1028
1029
1030
1032
1034
1035
1036
1038
1040
1041
1042
1044
1046
1047
1048
1050
1052
1053
1054
1056
1058
1059
1060
1062
1064
1065
1066
1068
1070
1071
1072
1074
1076
1077
1078
1080
1082
1083
1084
1086
1088
1089
1090
1092
1094
1095
1096
1098
1100
1101
1102
1104
1106
1107
1108
1110
1112
1113
1114
1116
1118
1119
1120
1122
1124
1125
1126
1128
1130
1131
1132
1134
1136
1137
1138
1140
1142
1143
1144
1146
1148
1149
1150
1152
1154
1155
1156
1158
1160
1161
1162
1164
1166
1167
1168
1170
1172
1173
1174
1176
1178
1179
1180
1182
1184
1185
1186
1188
1190
1191
1192
1194
1196
1197
1198
1200
1202
1203
1204
1206
1208
1209
1210
1212
1214
1215
1216
1218
1220
1221
1222
1224
1226
1227
1228
1230
1232
1233
1234
1236
1238
1239
1240
1242
1244
1245
1246
1248
1250
1251
1252
1254
1256
1257
1258
1260
1262
1263
1264
1266
1268
1269
1270
1272
1274
1275
1276
1278
1280
1281
1282
1284
1286
1287
1288
1290
1292
1293
1294
1296
1298
1299
1300
1302
1304
1305
1306
1308
1310
1311
1312
1314
1316
1317
1318
1320
1322
1323
1324
1326
1328
1329
1330
1332
1334
1335
1336
1338
1340
1341
1342
1344
1346
1347
1348
1350
1352
1353
1354
1356
1358
1359
1360
1362
1364
1365
1366
1368
1370
1371
1372
1374
1376
1377
1378
1380
1382
1383
1384
1386
1388
1389
1390
1392
1394
1395
1396
1398
1400
1401
1402
1404
1406
1407
1408
1410
1412
1413
1414
1416
1418
1419
1420
1422
1424
1425
1426
1428
1430
1431
1432
1434
1436
1437
1438
1440
1442
1443
1444
1446
1448
1449
1450
1452
1454
1455
1456
1458
1460
1461
1462
1464
1466
1467
1468
1470
1472
1473
1474
1476
1478
1479
1480
1482
1484
1485
1486
1488
1490
1491
1492
1494
1496
1497
1498
1500
