1000
2 7 1680
7 8 1027
2 4 2856
5 7 211
8 10 1648
5 6 2009
6 7 1419
2 7 4770
4 9 526
7 10 1840
2 9 4989
8 10 1682
7 9 1143
1 9 4090
1 8 7036
2 4 2445
4 7 647
3 6 830
1 7 9912
2 10 4404
1 3 3566
2 10 1167
6 8 1020
4 6 3265
7 8 670
7 10 2274
2 10 2065
2 9 4495
8 10 624
5 10 1753
9 10 835
5 9 1516
2 8 1450
4 6 1071
4 7 2774
4 8 1418
3 10 3623
5 8 2265
3 5 3452
7 10 1634
8 9 1373
2 7 1437
1 5 8672
3 5 1124
4 6 2741
8 10 1156
1 6 627
3 5 2056
5 6 1204
3 9 1234
1 9 2420
4 7 2237
3 7 2165
4 7 674
4 9 1275
8 9 315
2 7 3265
2 10 1187
9 10 258
4 6 2191
5 6 2667
4 5 3059
7 9 865
4 9 1172
4 10 1360
2 10 1590
4 7 2013
5 7 2634
5 8 1089
7 10 198
2 9 817
2 9 5022
2 9 4457
9 10 643
4 6 1085
1 9 6344
8 10 1564
5 8 1880
4 8 1194
1 10 6300
2 10 76
3 4 4329
2 4 1765
8 10 891
2 6 1693
1 9 6201
5 8 2979
6 9 1344
7 8 263
6 7 1679
5 6 147
9 10 546
2 4 4844
1 6 1818
1 6 2972
1 4 2335
6 7 2414
9 10 1185
1 10 4600
2 7 1108
1 2 1104
1 3 3747
1 9 1956
2 5 5272
1 9 48
4 7 88
2 4 2980
1 10 8575
1 9 952
1 6 6172
2 7 5448
2 6 2867
1 6 639
1 4 8499
1 8 5063
8 10 1703
5 10 569
2 8 1007
1 5 9560
4 5 1390
1 9 9196
7 8 1810
5 6 2640
1 8 4581
6 9 1047
4 5 2427
2 6 1256
4 6 1973
2 8 567
2 4 1105
5 10 801
4 10 2212
8 10 1335
3 6 2160
2 7 723
2 3 3936
5 7 268
1 6 8334
2 7 5149
3 9 1942
4 5 1543
5 9 48
5 10 1791
5 6 2351
1 10 6502
3 5 636
7 9 1346
7 10 1903
2 9 2096
3 10 747
1 2 9370
3 9 725
2 9 2034
7 10 2243
7 10 1662
4 8 1241
3 7 1548
6 8 1685
6 8 1402
5 8 2101
6 8 1008
3 6 2364
1 3 3857
2 9 1276
6 9 1916
1 5 1946
1 7 7313
4 9 1256
6 10 1977
5 9 112
1 4 7294
5 8 1125
3 9 784
1 2 6455
4 5 3238
2 7 5117
8 9 2193
5 7 423
1 4 2330
5 7 3002
4 9 1454
1 3 5989
6 9 1586
4 6 1932
2 7 5369
2 5 3401
1 2 6251
4 6 140
5 10 1880
1 6 4889
2 9 4787
8 9 709
6 9 1
2 5 3900
7 9 307
1 7 9159
1 4 56
8 9 657
1 2 1778
1 2 5363
3 6 1358
4 6 257
9 10 1724
2 7 3356
5 7 253
3 9 2640
5 7 779
4 9 2099
4 5 262
7 8 997
6 8 1386
5 8 36
2 9 4500
1 10 3142
2 8 2702
1 7 9865
4 9 121
3 4 4368
2 4 2170
4 5 2682
2 4 4633
3 4 3845
3 5 964
5 7 289
2 3 3088
8 9 1445
5 6 465
3 4 4279
8 10 1839
4 6 2959
5 9 1177
2 4 2720
1 5 2599
7 8 2429
1 7 2388
3 7 198
3 9 572
6 7 1697
2 8 2549
1 5 6669
5 10 1481
8 9 619
3 6 1368
4 7 2891
4 5 807
7 10 592
6 10 1615
1 3 2647
2 8 513
9 10 233
2 6 4300
3 4 3361
1 3 1330
1 4 1059
3 5 1792
5 8 781
9 10 718
1 4 4125
2 10 4831
2 3 6558
3 7 571
5 10 335
4 5 3817
3 5 1340
1 5 96
7 10 1613
5 8 1016
3 8 3583
3 10 1613
3 10 1129
3 7 2173
9 10 1640
2 7 4909
1 2 6259
9 10 822
2 6 2256
1 5 3711
1 4 5940
3 10 86
6 10 1615
3 6 333
4 6 2718
6 8 2008
5 7 1833
3 8 647
5 8 4
4 6 177
4 7 2006
7 10 2269
3 8 1750
4 8 766
1 8 5268
7 9 1444
7 10 1342
1 4 4837
4 6 3085
1 7 4988
2 5 4574
4 9 2666
1 4 6555
3 5 1607
1 6 6095
2 4 1924
1 5 4623
6 8 208
2 10 1201
1 8 571
7 8 1785
2 8 2147
4 10 950
4 8 115
2 7 5578
3 5 2161
1 9 1439
3 8 2413
3 10 3262
7 10 60
3 7 1198
4 10 2249
7 10 675
1 4 114
2 7 1844
3 6 2321
1 6 6381
3 9 905
2 10 2021
3 8 1313
2 5 3913
1 6 3221
1 8 846
1 9 3343
1 3 4036
2 9 1498
7 9 812
2 7 3752
6 10 1496
7 8 1781
2 9 3196
1 2 7675
2 4 1120
1 4 4199
1 2 3668
2 9 4477
3 4 2650
6 8 2212
8 9 99
2 3 1089
5 6 2971
6 10 1945
2 7 5638
2 6 3754
4 10 1760
1 2 81
9 10 62
2 4 4109
3 5 1855
7 9 240
3 9 539
7 9 1526
4 10 2991
3 8 1242
3 5 3701
3 9 2811
2 10 398
6 10 1187
4 6 2502
2 9 1268
2 5 4197
8 9 1670
1 5 5734
7 9 1868
3 9 648
3 4 2287
2 8 685
3 8 2178
5 10 1855
3 10 1081
7 8 353
2 4 4496
2 5 5360
2 8 4762
5 6 423
6 7 523
2 5 4949
9 10 1737
5 10 1527
1 6 3797
3 5 2531
4 6 831
7 10 1868
2 10 1261
2 9 3935
3 8 374
5 7 954
8 10 1159
4 8 1644
3 5 4504
4 7 2164
8 9 107
3 10 2943
4 10 2399
7 9 1614
4 8 1633
1 6 9898
5 8 2877
4 9 295
2 10 2435
7 8 1100
5 10 932
2 7 4412
1 9 5642
6 9 355
3 8 2615
3 6 3045
1 6 9422
2 7 848
9 10 1666
5 8 569
4 6 1692
4 8 567
6 7 1555
7 10 413
9 10 657
2 10 2745
4 7 3039
2 9 4114
6 7 2119
5 10 1778
6 10 1241
3 10 1637
3 6 2253
3 10 2948
1 5 3560
8 10 888
3 7 2992
3 7 1429
7 8 19
6 9 359
1 2 5064
7 10 195
4 7 1496
4 10 2305
3 5 589
4 6 2477
9 10 821
7 9 530
5 9 1466
1 2 5799
1 8 5229
5 10 324
5 7 2350
5 8 939
1 5 6536
3 7 943
3 4 4566
1 4 9217
1 4 7501
4 7 1278
5 10 381
3 7 1109
3 4 386
2 10 134
4 6 1636
6 10 2156
5 8 1684
4 9 362
6 8 130
8 10 1215
2 9 2793
2 9 1373
3 8 4093
7 8 553
1 4 5321
4 9 1643
8 9 545
4 6 2496
1 8 886
5 10 898
7 10 1263
5 7 2426
3 10 594
1 6 4219
1 8 1523
3 10 2697
8 9 896
6 7 2815
2 8 2690
8 10 693
1 3 7894
2 7 1258
3 9 1346
3 6 1317
2 3 6271
4 6 3316
5 7 2596
5 10 1641
8 9 1177
3 9 580
3 6 3294
7 10 43
2 8 3792
3 9 2049
3 4 2571
4 10 1858
1 10 2566
8 10 1878
4 5 1177
7 9 1634
5 7 1787
1 6 5167
3 10 2668
4 9 515
5 8 173
5 10 1338
1 7 2153
1 10 7771
3 8 2382
1 2 6963
4 9 1961
5 6 3069
2 10 1320
8 10 667
8 10 1398
4 9 2989
1 8 2886
8 10 1501
3 4 2858
4 8 1682
1 2 4443
2 6 323
2 10 4337
5 8 1653
3 6 3199
2 3 2066
2 7 2450
1 7 8892
1 5 6946
4 6 263
2 3 1063
3 6 2179
9 10 637
1 2 8847
7 10 2090
9 10 81
4 8 904
2 8 183
1 3 1561
4 8 933
6 9 1127
2 7 5238
1 8 6456
3 7 487
4 7 2450
1 6 860
1 4 7090
6 7 1977
7 9 182
1 6 8187
2 9 786
7 8 1575
5 7 2351
4 7 2302
8 9 500
3 9 1239
6 8 1320
3 6 73
9 10 1473
4 9 2697
1 9 4720
2 8 876
4 6 392
8 9 371
1 2 392
6 7 2689
4 6 738
4 7 3304
5 9 889
2 9 678
6 10 1582
5 10 731
2 10 1726
4 10 588
2 4 3149
2 5 4373
1 8 6313
1 5 1971
2 3 3902
3 6 3241
3 9 2815
2 10 2020
4 7 562
9 10 75
7 8 55
1 8 250
5 10 283
2 5 1352
2 7 1057
5 7 655
2 6 765
9 10 1075
7 10 1157
8 10 1718
3 9 821
6 10 1452
1 7 2263
3 4 2180
5 9 2445
1 6 1571
5 9 1900
3 10 3760
3 4 3745
1 9 2587
9 10 889
1 3 48
6 7 1361
4 7 365
2 10 4095
8 10 1013
1 10 8255
8 10 1592
4 6 317
4 7 568
1 10 6845
2 10 3745
8 10 1552
3 7 3850
7 8 1782
3 6 1937
3 8 1657
1 4 2036
2 7 15
2 6 2360
4 8 632
5 6 1780
1 8 6488
9 10 1370
9 10 802
9 10 1554
5 7 1129
2 10 1245
1 2 4156
2 8 1980
2 8 1538
1 5 4420
1 10 7007
3 9 1046
8 9 2191
8 9 2092
3 7 4005
1 7 2266
1 5 4355
3 7 4173
2 7 5434
2 7 681
4 8 526
1 3 2756
3 5 2543
5 8 2222
2 5 80
2 7 2520
4 5 1387
1 10 8137
4 7 3544
9 10 1214
3 9 1999
2 6 3998
5 8 1286
1 8 3422
3 7 1483
1 3 5853
1 8 5535
5 10 762
6 10 867
5 6 2771
7 8 998
6 8 1004
2 4 3639
1 7 4389
6 8 1631
3 4 207
5 8 934
6 8 1373
3 5 844
5 8 1990
5 8 2002
3 5 984
1 2 1996
7 9 2011
3 6 2457
9 10 1931
4 6 2758
4 9 209
7 9 1768
6 7 291
1 3 792
5 9 1319
2 8 4392
2 8 4044
6 10 2044
2 5 4937
1 4 2424
5 6 2263
3 5 3187
9 10 1998
6 8 235
7 8 1080
2 10 2518
7 10 518
3 5 4156
3 6 962
9 10 598
9 10 1379
1 9 2436
1 7 7072
6 9 215
8 10 833
1 9 3543
1 4 2864
3 6 1734
5 8 661
7 8 2476
5 8 2806
5 10 1179
1 9 2259
5 10 1300
2 10 3451
4 5 1779
6 9 1809
9 10 1184
7 8 1256
2 10 283
2 10 4557
1 7 5411
1 4 2350
7 9 280
1 4 4338
4 5 824
5 10 393
1 4 7000
1 7 4350
4 7 3240
9 10 219
1 10 8044
1 10 8573
4 5 3710
3 9 1799
1 4 9288
3 5 972
1 3 2346
5 7 377
1 3 9918
5 9 1564
4 9 1499
2 4 1318
2 7 5701
3 10 337
1 5 4930
1 6 5031
5 8 2640
3 4 2207
4 9 2926
7 9 196
6 10 1311
5 8 483
3 8 2385
4 10 2468
2 6 1620
2 10 1203
1 3 7898
1 10 600
2 8 1231
5 10 486
3 4 1487
4 5 3173
8 9 320
7 10 93
9 10 767
1 7 6573
5 10 42
4 8 392
1 10 9255
4 8 2149
2 4 470
2 3 3654
8 10 964
4 10 2519
1 6 5364
1 10 2937
9 10 1654
5 10 1972
1 3 2407
2 4 4337
8 9 534
3 6 231
2 4 1502
1 9 6446
4 10 2665
8 10 1814
2 8 3519
1 7 7349
4 5 2507
5 10 1107
2 9 3759
8 9 331
1 8 7801
1 8 5548
1 5 4419
4 10 1333
1 5 886
1 3 1901
2 9 3838
2 5 2688
1 9 4178
3 10 1220
3 7 1668
4 7 3293
1 8 2987
2 7 2101
6 8 1557
6 9 1023
2 4 3145
8 9 1471
1 8 4819
2 8 527
3 8 158
2 8 1473
2 3 3828
7 8 1373
7 10 323
1 8 9446
8 10 1287
4 8 1390
5 9 1635
3 10 3083
3 5 1468
7 9 1026
1 6 1051
5 8 2258
3 7 2587
1 8 7014
5 8 1781
6 8 798
1 4 6226
1 7 2811
5 9 29
7 8 2403
5 9 2745
3 7 439
1 9 3887
3 10 3637
7 9 237
2 5 658
2 5 4689
7 9 1690
2 9 3767
2 4 3410
3 7 643
2 5 1135
3 6 1357
6 10 488
5 9 1982
3 9 682
2 6 4868
2 8 2211
5 8 1329
6 10 1223
3 5 4399
5 8 2598
2 10 1470
1 7 5790
8 9 1558
1 2 9297
4 7 3258
4 7 2757
1 3 3801
3 7 2551
1 8 5127
6 7 1240
4 5 1881
5 9 529
5 8 2827
2 7 886
3 10 3296
2 6 2881
2 8 3479
7 9 1527
3 7 2291
4 5 3822
5 8 300
7 8 2371
5 8 2347
4 6 612
4 8 134
1 2 6556
3 9 695
2 4 451
3 7 1165
2 7 4407
5 7 309
3 9 1083
5 7 2136
2 4 4392
2 9 2519
4 7 476
3 5 3850
6 9 467
1 10 8476
3 4 1046
5 7 1957
3 5 3179
2 5 3442
2 6 2851
3 5 484
7 8 1685
3 5 2984
5 6 615
6 10 1503
6 10 1442
3 8 199
3 9 3060
6 7 2243
6 8 2072
6 8 1017
3 8 1237
2 4 3608
1 6 1588
7 9 2225
3 10 2537
4 6 3253
8 10 753
4 6 73
2 3 405
7 10 1108
2 8 1172
5 6 157
6 8 48
8 9 308
2 4 1752
3 4 2420
3 5 996
1 7 9299
2 8 4061
2 5 2112
2 9 115
4 9 1187
2 3 1810
2 7 2750
5 9 234
1 3 6883
1 3 906
5 8 1880
2 4 169
7 8 1
3 5 3754
2 5 1570
1 2 8754
6 9 655
1 3 4463
4 7 370
1 7 932
6 9 1464
2 3 1887
2 9 1580
2 5 1527
2 8 1921
3 10 2242
4 10 1725
2 8 2588
5 9 1092
4 9 47
6 10 606
3 9 2815
1 9 5555
1 7 9673
1 10 2610
1 7 7592
6 7 1357
4 7 3260
1 8 6450
1 2 7195
5 7 2481
5 9 2330
2 8 2560
1 7 7673
3 9 1584
9 10 317
3 9 2886
5 6 802
1 2 441
1 10 8293
1 8 9059
3 10 338
7 8 775
4 9 2663
4 8 115
2 5 3594
3 7 1484
1 3 8622
2 6 939
5 6 670
