1000
66 82 23
45 87 282
35 56 349
47 54 137
34 72 174
12 32 827
5 68 221
15 92 104
20 22 130
1 84 3264
48 61 121
6 81 1607
6 79 1203
66 99 81
39 97 257
12 85 741
40 48 313
35 62 202
57 58 52
42 60 30
78 86 130
9 23 880
9 86 126
37 42 187
62 81 195
18 71 422
3 70 3419
56 84 28
20 51 681
8 73 380
49 76 204
54 62 316
54 75 73
86 98 182
20 49 410
6 78 629
18 60 281
11 66 853
48 89 72
3 19 134
76 92 111
35 72 345
78 84 79
62 87 138
9 10 1928
31 91 187
27 84 322
37 96 134
28 47 289
18 69 299
13 51 745
82 85 82
3 12 2162
5 97 195
30 38 278
2 45 1987
58 64 317
42 82 236
26 39 415
28 40 494
60 96 102
39 63 235
10 57 418
65 100 22
15 44 162
41 43 140
1 13 7740
49 81 231
23 98 187
3 91 205
34 62 359
4 15 200
70 97 168
72 78 41
33 43 325
26 35 325
44 55 24
17 51 495
1 25 5066
48 64 156
44 100 206
31 78 235
7 10 446
47 56 340
38 42 275
66 88 18
47 52 283
46 100 2
48 64 65
31 76 61
60 86 143
85 87 157
35 81 179
26 43 516
72 77 198
86 98 116
44 65 284
1 33 3264
18 85 412
63 85 114
12 84 670
89 100 123
73 75 191
41 71 88
6 68 1532
44 47 344
22 93 205
56 68 117
28 66 200
73 97 156
55 61 118
27 83 320
73 82 117
9 41 823
80 82 151
20 79 198
27 84 152
22 25 535
28 76 65
20 94 156
52 71 85
69 90 239
33 36 191
48 54 268
20 32 739
59 87 197
83 97 96
74 79 36
3 38 2284
82 98 157
5 22 1020
53 97 82
49 55 41
25 71 423
2 48 672
18 95 210
26 99 255
9 92 1203
11 51 249
15 24 753
49 89 92
48 85 60
15 16 879
9 60 834
16 19 499
34 77 142
18 45 139
75 100 176
16 88 438
9 80 894
44 73 189
35 67 391
3 47 1284
15 36 208
13 71 95
79 88 180
44 73 118
24 62 436
32 72 128
24 99 404
24 84 434
61 99 87
8 61 46
39 90 323
17 51 63
12 88 667
45 82 184
75 97 78
57 96 40
30 34 359
67 83 85
32 67 227
90 97 56
36 48 22
6 61 1605
7 30 276
12 74 819
18 54 453
95 98 36
14 39 896
25 80 356
3 24 967
80 87 211
45 46 112
61 78 188
75 89 4
13 40 998
36 65 113
17 56 478
41 63 277
18 53 80
10 18 1034
16 80 26
21 47 504
38 64 169
74 98 64
25 53 235
32 88 206
6 99 1099
63 96 202
3 58 1824
21 81 535
12 14 269
91 93 175
49 91 22
54 65 91
32 86 312
8 97 546
38 52 254
57 93 271
25 77 30
39 79 214
4 11 2650
12 45 589
23 66 58
35 45 158
72 99 161
39 74 297
77 99 109
58 78 107
95 96 1
11 30 130
28 44 295
78 84 154
37 92 175
10 34 1026
88 89 223
75 97 158
27 92 474
62 84 206
16 51 393
70 100 176
17 24 661
16 74 648
16 94 703
40 41 86
20 62 587
27 96 221
23 64 191
49 52 68
48 79 102
4 45 835
69 96 183
4 40 399
82 90 186
11 73 574
11 84 517
40 97 145
20 39 271
30 40 239
20 61 477
6 89 1729
15 46 455
47 96 291
24 56 314
63 82 78
79 91 101
40 89 64
20 79 431
5 100 336
90 95 100
42 76 190
56 99 179
21 77 561
1 38 8966
52 74 43
37 94 49
8 31 858
50 58 334
3 48 2540
14 42 661
35 59 314
79 82 191
14 86 139
23 38 125
42 92 120
60 75 163
53 71 254
65 93 106
4 75 108
17 93 31
3 74 1801
2 32 1770
64 94 170
60 68 138
27 43 467
12 57 485
9 79 36
79 97 110
37 93 213
43 64 195
4 46 1915
28 92 12
12 100 69
64 73 29
12 94 898
20 88 289
31 75 311
10 94 261
59 81 105
52 95 122
65 91 4
26 99 475
46 66 123
11 79 235
7 88 1307
4 32 467
52 85 220
29 100 84
67 77 175
58 85 70
40 79 179
15 20 711
64 91 251
74 98 130
7 84 1020
14 80 685
7 27 836
5 64 2032
7 46 179
6 86 1010
39 49 328
64 90 143
4 90 707
72 85 73
7 93 546
3 92 355
9 72 341
35 92 324
50 77 112
19 98 538
18 88 118
60 72 217
16 56 99
11 18 479
56 84 162
16 33 517
61 65 291
42 70 250
29 66 407
1 94 8300
34 55 321
3 90 596
39 59 114
95 99 158
5 36 1310
11 68 838
69 93 24
32 76 19
45 50 176
14 92 25
22 61 51
1 68 734
39 62 299
9 41 815
68 83 66
26 36 102
17 93 354
19 53 560
6 16 705
35 61 424
29 63 12
23 74 234
87 94 202
11 98 740
24 83 287
3 35 2204
52 72 239
13 66 264
36 89 284
1 97 9457
68 84 206
80 88 127
19 90 181
53 68 157
51 54 337
5 68 208
32 69 232
2 36 3691
47 94 61
29 80 430
40 65 139
17 90 484
3 61 433
85 87 93
15 60 359
11 67 39
87 93 62
66 93 76
15 71 58
52 77 151
31 95 359
43 96 138
73 88 163
52 98 192
2 56 3675
45 56 250
34 77 134
43 88 338
42 47 393
52 57 229
70 100 114
89 96 37
28 35 76
74 75 102
21 84 339
50 66 148
17 41 631
37 71 127
21 69 588
43 52 418
14 92 341
33 39 242
31 75 332
29 85 236
12 52 100
41 44 313
36 86 136
57 94 226
32 84 372
77 87 25
19 66 340
32 51 497
41 88 38
9 50 355
62 90 12
54 97 216
34 35 240
22 90 271
40 62 379
16 86 625
26 40 194
19 24 424
2 20 4923
52 94 182
16 38 583
14 56 15
22 52 132
5 83 428
19 92 580
8 72 1046
52 85 94
7 65 1413
88 89 26
31 56 286
24 53 134
71 78 128
65 72 20
8 89 32
32 84 69
41 86 28
16 28 217
16 90 549
8 28 458
49 93 205
34 50 308
54 63 271
37 58 406
12 66 171
44 72 148
1 75 3835
48 68 242
7 85 1167
16 96 135
26 58 278
74 99 176
72 81 109
68 89 60
33 80 348
12 66 243
15 98 284
39 61 393
8 20 1019
83 98 23
6 97 108
32 44 350
33 81 338
11 65 756
17 35 804
68 100 242
15 19 697
30 77 326
22 91 547
14 97 662
19 62 7
64 72 270
40 43 195
46 86 117
36 43 160
47 74 337
11 43 218
69 80 108
50 54 351
62 97 255
9 39 134
23 69 162
1 41 337
35 36 298
2 17 2406
61 71 245
56 100 259
27 85 3
85 95 193
73 96 179
84 98 89
38 59 309
19 36 441
13 43 193
76 85 223
30 51 198
39 86 299
50 97 232
10 83 970
25 81 160
2 89 3969
29 96 367
69 99 104
13 94 375
10 59 105
58 82 60
89 93 151
8 11 853
85 90 78
2 94 3792
61 62 89
12 38 475
8 80 734
37 42 105
9 15 1003
32 76 63
36 54 23
80 83 70
36 88 298
3 19 3339
27 63 180
14 21 724
20 45 401
3 82 407
21 47 619
39 65 81
41 45 7
72 74 126
47 70 125
75 100 128
64 68 239
33 44 6
36 54 198
37 56 386
47 50 309
51 64 221
48 52 263
28 60 50
60 88 209
4 98 1188
44 95 46
33 100 102
13 58 479
34 67 137
21 96 227
23 93 326
19 21 17
31 39 102
66 90 68
28 78 416
13 91 390
3 49 265
62 63 139
42 77 212
56 72 203
50 96 256
2 50 2174
2 82 3909
10 63 300
34 73 350
26 28 185
38 69 322
2 13 1923
26 79 331
19 58 320
16 83 16
17 43 526
49 99 270
65 78 86
34 96 214
56 59 199
9 69 802
20 64 244
92 96 97
4 52 315
65 80 262
22 44 279
67 88 226
10 66 1061
59 73 185
20 96 71
40 94 82
21 32 560
26 66 101
36 69 183
29 97 360
13 75 121
59 65 229
2 17 2131
3 7 2980
25 38 626
32 50 462
73 99 183
54 73 75
58 82 253
13 57 882
13 64 786
9 40 1009
15 75 435
26 52 127
9 90 838
52 59 121
20 35 278
19 76 340
33 79 424
25 38 125
46 83 63
9 39 1069
9 43 1264
37 50 346
21 76 27
45 55 243
49 97 116
3 26 710
13 52 601
19 52 186
86 95 136
24 89 352
56 66 68
19 34 794
27 76 38
15 26 137
3 20 2334
42 44 83
43 77 179
25 47 14
24 61 105
8 88 762
56 66 126
8 74 1015
46 68 183
61 98 35
90 96 9
7 69 1413
62 97 95
10 99 16
55 76 11
63 66 154
60 70 248
51 62 59
54 61 78
33 57 408
40 63 152
34 65 44
30 34 409
36 55 196
50 59 319
44 96 57
16 64 431
10 66 312
46 67 276
43 51 27
6 39 721
7 42 970
45 72 57
2 58 63
69 98 104
46 84 204
5 58 932
8 37 166
17 71 76
33 37 123
57 77 286
23 95 404
89 97 111
37 72 69
44 98 210
2 95 287
73 95 48
22 38 108
67 90 165
63 74 194
37 90 38
74 88 165
39 59 17
56 63 32
16 83 602
8 41 456
4 85 1603
54 64 226
16 100 427
48 94 144
15 47 373
68 72 128
20 96 24
63 84 7
28 71 231
38 45 303
14 73 298
19 42 479
41 49 39
57 70 127
42 49 1
22 64 503
30 45 306
33 65 452
60 97 106
70 96 11
31 44 447
16 28 661
68 87 84
75 90 119
16 71 506
70 88 85
1 33 8303
8 77 1094
68 97 129
29 47 73
43 63 275
64 91 58
67 91 105
20 73 552
27 57 162
32 82 310
31 96 55
3 99 640
49 50 249
27 34 316
16 41 432
24 63 34
12 59 631
31 72 44
64 77 58
27 40 302
48 69 5
64 91 151
56 76 244
84 91 127
63 99 245
4 43 1826
35 45 26
37 83 29
4 99 1891
17 96 474
7 64 132
4 100 713
15 72 460
32 71 283
46 58 143
41 57 252
74 76 203
9 61 539
48 87 172
48 86 123
41 47 80
32 85 264
36 52 186
18 58 200
56 99 182
27 89 134
43 94 217
1 61 2207
2 98 4712
19 42 489
8 23 1542
55 81 281
5 100 849
11 21 1035
8 45 1297
37 51 23
16 30 334
38 59 295
8 40 221
41 89 202
35 45 154
30 95 34
47 78 337
34 82 18
63 77 219
10 67 226
90 93 10
18 22 63
13 39 174
58 73 98
5 79 1254
15 19 452
34 83 270
15 44 661
78 100 123
4 34 2094
2 52 3532
15 85 261
14 22 432
61 68 252
9 17 311
23 89 531
21 32 603
8 77 1162
31 99 220
4 95 506
14 23 351
63 94 47
56 67 45
29 41 58
31 73 381
27 55 523
16 34 190
50 56 56
54 84 265
63 86 89
56 99 233
74 80 256
63 83 98
18 53 405
36 84 342
48 90 38
25 86 68
49 99 228
20 36 411
25 27 241
57 66 91
41 77 319
47 59 58
37 52 297
26 59 190
34 39 428
56 97 170
25 47 423
6 39 946
77 98 184
15 71 704
9 63 102
58 82 36
39 79 145
33 41 515
11 70 75
36 45 440
40 65 168
56 63 174
36 97 202
40 68 183
32 63 264
49 89 106
8 40 730
31 66 299
33 34 550
68 93 52
8 12 1165
46 100 291
37 79 325
61 87 51
41 45 401
39 46 81
39 88 51
51 52 35
35 49 162
38 98 200
77 85 92
50 91 292
37 51 191
60 72 214
65 75 101
68 75 245
34 47 34
52 95 127
22 42 246
25 41 89
1 15 5372
41 82 70
12 48 412
64 92 181
37 93 22
17 93 152
35 99 319
83 91 134
12 40 54
5 52 1534
62 81 104
68 94 112
46 50 349
14 20 48
28 60 320
40 65 311
19 68 305
41 93 3
61 84 143
54 86 123
42 73 254
68 97 37
8 87 250
37 48 212
65 89 148
65 72 40
20 43 541
7 54 1440
39 43 383
5 62 149
53 84 20
78 81 187
56 57 309
22 23 739
20 23 566
19 43 630
54 96 277
3 69 3227
30 95 395
57 91 196
20 79 104
28 78 370
55 77 55
21 99 302
12 60 153
9 94 448
13 68 795
65 80 137
15 83 775
8 29 39
25 62 419
29 85 440
8 22 1105
54 62 306
32 77 416
29 33 206
27 49 208
85 97 105
15 27 745
97 98 48
16 45 354
66 86 84
6 58 1041
12 35 93
84 91 58
10 92 778
7 65 379
57 75 106
8 48 430
65 76 189
8 77 1343
20 94 385
19 41 624
32 33 528
57 100 89
24 25 60
18 92 122
22 76 125
90 100 92
60 99 17
6 7 2510
59 72 206
69 71 78
13 27 1016
81 87 3
24 63 95
65 76 44
51 85 83
13 92 813
12 71 874
6 58 1456
10 43 1082
42 95 92
38 73 303
29 39 432
11 32 667
7 8 1455
12 69 909
9 94 156
33 34 547
10 47 1062
7 37 498
52 73 145
31 37 70
19 46 447
26 34 157
38 85 252
6 21 1600
25 75 368
33 57 69
26 36 216
5 39 1925
34 68 32
83 96 59
8 70 822
58 73 306
92 96 115
17 46 364
27 41 204
35 88 153
78 94 230
69 93 164
75 90 27
27 67 259
33 40 254
71 100 230
23 43 181
20 24 534
60 83 204
