405683601830703696
729157366622478456
836691886863367612
638304556846783313
232390875062487750
915648142574843670
622518784906332700
154041198702757109
488940987604803034
932396299699916471
833567540778575064
70230284412177852
84810629064810972
858414139400267142
115178079245967276
604375725817044848
955624414932974761
101354513729535900
867325888503567048
984507908857033543
532012520630758864
958240986167656152
889926637106133451
382853569773068352
317719754006528082
534615228847479030
738688802867293276
877924148444118757
908037912167821548
888510362070597580
317055243184301712
917275632653112186
151280237673507690
815887145750077903
407066221401860507
460589734906391661
619225821359529150
81057131478710460
632164940768576955
768061944062063021
447985592974502700
906693666984601795
490080268854240849
659505157797979345
411222479561295921
509798679262620435
774900123081826455
550524675131919670
905246993113177571
431997451149910300
620874327928347090
850940600298028121
814659738390656400
177793049233709052
14798699685348900
332504940292888485
165345495083140409
314506607599483766
321956425229643762
429340000061697950
138935354135284675
422380874310044820
259155301381260081
87178013371457652
699720188142456342
841812114863950321
83256825131002570
599213220414893256
974770553121157730
340160787349517225
164247409696291648
889419437830439150
336471757814333556
462426828448665270
346419397084142511
95998607981396562
344978942331683000
911021043512531832
889009718552805098
28921511438853754
393487203666529820
285836697093749986
5355317614046072
616782938243391497
808277458981229652
586837211188767669
549154979305762401
447646729599299526
437045089775925044
273279493037553066
971802713596957200
514046187997214572
340827885360531568
255947383240203612
909207633850364108
418403070235339680
887475677836993220
34247167585237109
915822798571473051
272123001059101953
41028198699327864
736848576172570008
133891212816657831
896438739188963952
337440698333302372
453498219969968647
233852004799923004
833504138082334648
628397423037335864
236576154463794944
760335956386950930
514349709019467080
136775063878542650
504277335275455584
303261464059047920
234097272985342320
900389841194429628
228088636710139374
659960023148960178
572578685765827124
372632372219177636
505859393116292488
683920469055311877
728463771994859706
724160342149638814
978516369813385572
145414223733814697
829420787819460500
582652658699737254
924358802999433517
448045867259341296
550501688298212274
556182769385553063
605552770056847743
286133783209387419
707313579270587350
444715653856391312
797521114379805689
893852852281115993
972931537054722432
235944322084840152
688359289752109864
999843678223969676
243380404568372267
31746724854849175
71348588094914622
320058720215819705
552423833785965435
863552836377237026
817328238391645016
790906807995259104
653259936857722928
858815876634931512
254680053506339448
157170643563629332
156163128591825015
914037381684136740
496270119407496016
782171887392919419
942001044056291750
159182824392274615
142173299062121916
482671046781439704
575886828313500201
518541661287382580
228472168446414360
803695435404574500
652557893150729618
793844758793427852
388676427435000400
826470360842139648
465596921206380837
477633395294741182
876501689682680996
35145248054475420
929752612971248742
618487708387081505
140002669468397350
563139868082062395
833898622735482375
520087905361057852
559340078923923407
133898159384348937
76363595823043246
911621165176922796
699662101456298772
360904317119505048
786135061714692704
192785730241289790
414215868003087708
376945672155622080
480250805526561550
892950530962140487
139046729131600245
51948129549921440
345653744181632094
524541961609859900
367470422254512702
550788178182684572
366266339990124192
20968450807857330
325020971519089413
819593161160386785
47312626678616376
979239889905045679
989869155045668703
107858973120754625
182436367164220976
797030328243025750
54902270369904747
356322134980561330
968094740630984827
340923536310574458
897993853308947997
80339970945697406
228325295871582291
340556060409074942
513751987374913173
963140432333419744
541669141987214778
435411586272340314
785978699912092624
392038031583066960
286108161772588740
888277317283310560
889613662086027775
25275676104697696
998780937886171545
797262671278114812
881810225325618627
322173348025609792
461825263641520044
933433545310008340
416657085301742687
726062450060328341
760030627613576265
553655705552494218
278109567846249200
190395273094178330
259683313655253391
634658819786554368
293417989422994731
798526249803353364
145720902156945688
51068408193876087
67181602497481530
402124383272356730
178483494897869744
938196079247386653
603990548863635640
620563862188791280
386296027333071620
886912380700848050
870731523641967005
17294543599210144
644483059769469744
975221390364151424
735717912832444062
180755863788843684
739017846781520253
508977262082183321
947959835091054432
412100311077281607
570051406184292886
870991342741220800
712985389433963008
798805158378947559
135730055369515016
602839757375803668
308988612008263258
353093730071025468
228756947864211420
981532674643982968
476417639537308026
336112159751266818
822630228405152517
255591515016892444
332887826659702612
591847782444895575
24856939194805700
784581293231771958
803607717950051034
166645878135156308
698642159700540981
483907745268100380
817121868089759232
933513495045813546
820489668938017104
953358447260663797
221879951535592959
959615762157838870
516095090645256464
180451650894728675
353298921192161824
36752312668145625
238519025790605616
505512307759440100
686449828962196705
737433179199902871
561784395545598521
638258051813968470
261891769503954303
848479755237832848
420696084408473678
785510679941721100
215496419957128448
701161750769642517
44708862951473780
2018964658779142
571746030297797385
908999267850788389
589552920568659008
539625898201392639
857995559898477065
524709938383683344
886469024262176772
313744731150517119
47810248469930050
584643948301420215
44857321033351745
254517980138547300
805374034415387003
654252746038489136
384793216758448278
206717514804366495
425008787458873680
563224953291183646
674881463305604360
156351849042629515
971162229249608092
310954877259838734
856235046396943915
943848018595586542
850305169944463923
163101368060196494
241006736095741616
241192285120561836
369029088974974045
690532378945136602
721397498441294996
160864934223672900
393983614531054016
438779434117909152
969317831266189670
91275054230614048
420721415325428217
77804385839502324
344958252475458685
503241841409261337
224020095876335850
239187631184179147
180866090954838009
985348701738883230
741492971486338721
441830335963732561
334868616091984263
501071728547922840
649603139488977912
711320573078289828
583695379231773625
965902102187952460
742858430622187939
753967170673870604
487108442501486614
995919101258947666
646488922272012984
776535908304468240
228479334341627460
622415891277028394
987531836096758726
248436340760205584
708466035072865958
261388452370630950
25324364306242820
852812132061472968
170536776594898044
763690657830719032
7860651105853125
400976120908792815
989237889814961826
31340140732950231
651143657552229996
4074593321559705
37739671485232902
573632302125291264
772117546120596412
728148721715116992
182865126747431882
200849201458243107
748813618291367980
915837857145823502
228431713201428829
746706071561521450
467763161805057216
842358709172932728
950363447442056895
483661284025045205
239809459236418890
745264102903871468
766297762140428052
423056502673460370
953446065698094218
907749786596651988
657015469998251543
414882562665020898
108115399376794607
819304706297306901
870271422342543788
5685714523713653
340043091102775260
7815893578864256
879009471182102220
512726166233824320
533274622758822672
542624293359608404
320785054009905408
143883523257175695
370964257964487488
804133611271047660
178376798235986998
497721780851916125
785124523507996792
925109076316805984
908351998748633226
120197684636362224
238517975979954888
546479745130090449
832499854352919744
304712829509234916
678584250642225760
954674532790699291
324991995444210328
686438053117267275
110687703260989525
129900548454055608
9664565810433029
538212564332683883
22136567125186044
361148915367693600
198012965984959497
87350489338402468
186120451264480201
432612933796461059
853090669455038916
344457154132664566
688323577314596597
931763954168578945
71388517023332964
161358831141945255
560777689287242817
255341117932394940
707993148954111222
374238639008377440
318298592446286400
51838922810880312
975727213029670587
651744233006751423
918785692384720565
16546994728399473
480841661132552192
812147444277615234
251756762960838828
612337927872276306
253108463512203264
64064523699160488
995997980721871036
491113395040822544
159017484604857567
722872897834312896
142238243538076884
686293343341451289
843746612173509858
869395062807185996
771277941182065616
432602113440831950
286470485507040438
790362170086673700
953309350292489078
239716112689316096
683562873129292595
343137287965720770
347817438459623223
588288272754875200
971389183603520816
459708571786931049
779142873806621460
529330405294289768
461081289386015397
580989472462165300
712762291002814549
654257771871877009
605036821447106160
710500377067936720
902849336591924130
820287726805498014
476105105514222848
289313702245561185
279695959536543678
851663625777744589
373335390831482226
475787135202242310
734583301715818540
769094227900855056
770888626460937390
353490740274262460
509641643714215488
826124546656694475
733375050690994124
690630313767307745
103814497970239336
143647090576663254
551809269089927256
958443927569890372
136281473403025769
919005575865398811
633555298688614224
981518048578371395
939697694229954891
954837585159375660
968995785673927125
958036551760798844
587185009341112188
789341537966300878
308657822100817440
59599749063881568
633722825922236820
544405976235959525
597068203758452121
410539948630321432
105403134478156704
305986624896568886
310408042186782824
472637387884538100
918130647093981274
635937870706812723
581126691398730848
512841591850519388
397353745492732182
51768193407812746
157890371351107477
584843779771974029
398722167014192135
887134031393786091
417922400275167493
161940312914014842
779247827016192874
522242139782463200
718149684874143239
145975375781689125
402031411510120256
290237051790593056
578543458749229880
369820596610305540
712850344318799996
605529313127362332
805737384788365836
170080568067543242
906728799566711656
494437866497970775
145367849493416906
475480613599995355
515598683709053975
944667728019454140
957189411596233000
565825895930758904
175652493377611584
61249318991628897
596591014407431988
355000405461632619
116406966705387204
749954316221403846
830951470233552384
465115242146703416
520575202337781514
108198202401594177
466120801661940207
389658593430699846
11462417173588710
368401864947567360
678384450180370784
607405698825187300
718185217050400398
717403807330071368
845440593394125698
693493441529423864
390734260275113640
656282287179446875
931983419897903100
857365606346628375
744290901827755824
811292094135639611
440208305047032760
927244218745670901
460949113626197292
173136394015149472
40690890270264885
551816607814431920
73029794665150325
856041743470535115
181747851083025732
707762755597461850
164905507176175536
109710384181221216
422714589173401288
967300502433912711
513683360770314146
761260878781131684
469591702310517656
587451277207719500
240128092563940352
881131601727181284
688641319541386627
387632212216817967
240708944237641932
726009206328023114
846015818337503380
986073329795907200
991271560233910722
5089012704873965
538491759052594425
643748863625927405
453925094879957510
683145281622020446
435529523934720847
203686665628891459
550395250025814886
134768378593182404
605467320311790300
528252448936395456
628310186955447854
791503410954334795
150599351360689875
94286712958112158
310078996032311172
890395527205617864
674394295874852883
470435185484078128
425136862305407035
425973358843254825
170548652687052750
483084055491484095
551027632980430002
28055165598385056
132813277488203600
304570532471923644
662931405493376448
927532519404432583
88226755514805624
389020540338263670
704680141926083120
382570359098245415
158372945623158420
283641214469407700
699942716964341244
338505587603684804
67980555095832530
394142884118680634
690793111060255665
533454279744846576
682046092297648865
329185831608476037
531535431302240642
417376841977232610
682473951221789923
899820915782749562
242780660748388068
258852962137226488
335089287441713360
158184342237874853
709712141767104206
29059514824808347
145327429117072573
75860213646237300
983044661720016708
339052105716266610
727453870167226547
555882594402412850
759954537674200640
475368696968230720
114824847925714599
86817313478859564
997968895468433098
563217670054892425
854797811096608038
799651545633186608
341691445346372803
713011126984643520
351108012900139573
710250563240859266
527797686499030600
771264598157586399
635783835664580550
858521240964500558
209270764515442250
942794689122193787
35236498520568969
699427071044482480
742339797446218020
535400803559332732
865736899465670005
253140735410689781
382192105903204048
34577715575828056
528205782314721672
852906052501889290
397348274820256630
831499719179235060
415337027600411136
775600013156882931
257862455464333352
288471448225584820
960325820823024794
943165028906859568
544875399664143978
457975239313985631
658497302912215690
951570134213362944
914498886185605967
907664837115935338
949262539853741110
48516918492269100
463012161191358142
773476334719227375
744951334357750120
772357835900274138
287387131393954863
849240178507956645
8675253397624592
969487585479614928
577746599273708229
351704931522445410
46926900698833320
402045955955364274
578950018668272596
991221707662835861
514042573295992820
123642353246425920
858951573441127803
245255477269032922
339199863939580995
390572956185809166
968623498383380784
450926555592231234
993410321509814214
856603628023430548
936924603113783024
330616234227942691
252267701251656819
20794454949338397
855775773844117620
125414273162943201
732991211764722677
950315496613496671
325697966736715524
719255591255530980
464347200691635000
148182295832407428
763276717610729249
113125037721593040
299802158894423310
961284428011905325
797636860802596665
730452044474536230
24226635059617275
914212490752169088
534198258458418132
285440912647807150
419682849592323094
101635157474919250
893641860507360459
170476909644859805
561494065253120352
68416903920924456
92379787052529900
557059810448512381
141944532571907010
793801462212371585
585325009190689824
688455247760907900
167143693117922116
459641465632738317
915294167708715981
588566226742417070
167804163367787401
64151727759942724
959124483051608826
912304014093864085
755002975635806218
355264045152526728
147187887832267620
824926064497955316
389290874658871195
598956053523618241
284246510065892510
777942808675370870
128008264979678564
362523427167787893
701467162404839600
408615002971517221
163410620196544669
441811620900511744
651282466811913878
716006035342875764
275909657235688190
516652498965198641
359011383782420180
429129946226638038
110245070730579471
127236384589326782
740177102949656728
290272567617036965
924733303773544305
256149842429259690
915080472179109186
992013092186178335
231543940553869050
878241539060478048
955489364167518167
844124006077150040
985866027448519032
105201260451309966
534384051732239367
377511168806571432
779013374453919424
509532490653866277
18378892570016608
600996666369721180
984693158146901544
503592629355944557
928400194298227417
685961590983314274
85624759401561121
424192674065508000
566120011139282456
385220079988571358
9506959120386653
845368891398883518
403941570679423364
51824218832075331
155034264630752800
669942690764799379
251945441942057550
251308773669994121
680151473503863475
291455908043403361
567668093568088501
49613134159959540
108921864291319000
36875391096542073
342867548260529730
681528797402419580
111141735051820205
401461501487539689
998929329892316793
64793957709925108
288086442345525535
946667893942626554
531399545845346864
472234148263632764
227284308940172838
144558836131668387
505460102741256448
184896218785865940
964162549649189484
540283642023458747
600760869622942105
327574236815456304
315908894842171800
38555684902652060
777622361828299589
114131830945919654
120734247102969716
226507990607282436
420975510309411545
277405509794767872
550863291252763226
570912264800517350
115359032598382312
217915425939373650
196092245208658530
13080264398759103
745162429418477460
182830219089191336
348953043939841509
744074402113082660
824744774080362996
38391326356387551
852679026930061924
630419572969333802
896060993183295545
607749067888535788
998590564666670643
242448009699064125
474076702385686961
95674097243114460
384974361918214028
272069426902972356
860572854013327014
956067394649597720
766569449287022616
86781367463636630
186732554537065850
742496738583234761
272474268733937445
112210639518373275
996354238544250090
914448243437854447
590654747940818842
625989488827038218
375603490150200545
879143186912936724
533302811092615944
350940088997579191
398810323656277385
857898869201195096
241470270828306816
376703931303290752
550155947621400200
445611690863967450
465042418325076593
859543037774483287
954225885427860305
892028220747474274
334745085258031084
505125255988693158
447201226718454208
752904741572091176
222467821047768208
907585650131279572
207287366480700635
370062313284374400
386841278163653491
603737142379693200
74605485922819621
216450179711854659
578369269105130465
487633124766072454
596217026019714057
803762369186815224
690055102227217539
374509887962665242
593983489168011600
970943958255671565
842018075346577058
312885429842080834
857322460516853009
458348857158081778
658464134157474000
428729546334080090
93407487201126420
944310499820014437
474639723998293344
168293828936601394
677485159650428500
207578914325372940
489505376659023718
867007802261372829
886282467888594646
620694144397955040
557747293968434079
445213089282522491
781132559797299780
860752299129976161
726935049948540600
849494514365946489
425912647645451880
394175435149205892
928559160557345651
459427043981565729
938499397238539818
697747365035888156
109879261815997846
153685180462263015
567181268683769344
861316646061972738
437604061919039665
129358866582500212
757221895773279751
331400049579811971
169310411931493851
448708280244643389
808704260659462783
81205969664086844
635424427755711000
617360928765822336
418289154575936064
659993779445495900
963660079740496667
622455502029472608
308215146070690560
959317237016690736
444508353866314490
977825136434211123
267417708599494845
153201734218990886
534902161536907081
237591089596225015
635980093952165433
4091483309809512
433331794724340510
