1000
313601093 556525335 3053926965
197908424 579322647 637088283
733395474 764229805 2413422950
494643857 779839744 1908377524
17658683 262433197 58650835732
298233681 833077982 22701988
36561868 320371145 25224252380
19131501 544273357 4994631449
843697059 962600995 1570855077
224511189 666704464 5439362096
139390725 516790037 3129158653
233563456 984402403 1870587675
121683609 317630743 1916360396
91336357 323643247 6042504525
254940193 553031993 2500832357
273042541 712866754 2474191797
129619565 894825742 4466685473
416087920 443652251 2274401286
250354229 534788705 1660371769
316770820 760015573 1173146015
418093191 655815844 3262135078
447332933 688978246 2682116985
89580882 540883435 4014195729
526906659 810074482 2751236242
334746677 459401560 457254517
326217365 499943007 20584978
42159979 255877791 26196595231
935398344 970397807 869803951
287945323 523479314 4136159421
34037630 576950089 27495375019
476548370 479684679 3360168898
708323063 923511175 1162825763
786988860 881334343 1081413864
72458344 428652989 1023553527
602762720 722975859 1854548878
394167426 843062101 2335670606
394993223 857261186 2705451180
172213552 686851141 5137394658
901764552 970564357 1261226004
64464046 232537293 14948368953
623439078 785168879 300466994
701676516 848030389 1964436800
783785862 819947975 2113799121
408215278 420753129 2226285058
579581426 888731291 1318935423
102140580 698297509 1465472512
888693257 973381981 1322779145
868064515 977480672 2165065486
144419173 497476612 64075092
84683660 518983843 5329033549
28540963 50107983 19544085775
126360101 864986483 3256406191
448732131 585346483 2981436427
151111905 886076066 4643609094
28169265 200054608 7356914066
371510452 626139535 4197897816
416244855 638731948 2502889356
31179957 335774590 9927205569
147009067 736511935 8011417711
44061025 203649391 18627869564
192576091 341598442 6141517958
458658512 957427479 1243004417
619791798 815972311 38877591
523357763 723232321 2354445210
439020015 860468627 659305421
827408827 903028754 1500808866
442415945 652768917 1008115261
113958039 278259325 10545595765
505252749 958079551 81545565
233704587 702509420 4119956149
284060833 964758706 1572393290
412671143 440771227 4164816829
331419108 749156491 2232352853
239160511 611599598 5689357094
829402823 896204345 2197408563
443610116 787403485 1401193024
19156183 368055903 9159900113
33537357 475482122 28133981156
279460416 429918629 1656519934
801064048 916369083 1634277183
111055726 752779483 5466567562
78575165 255759378 3332575217
619978781 711257121 2280697371
38904686 594317695 12762970640
221422749 692145445 3326302454
947878389 997594171 1601811125
901527337 962369304 203899856
910445495 938414234 960988104
33081788 596105713 5069886687
496469531 679072438 3393743177
139975168 657362339 1120124655
148669423 434829323 8160242140
210116592 847989215 962467813
657384691 918976777 2289691201
451859552 998471715 100437175
531875719 565882735 3467140543
112821363 786317159 449370431
280437317 832319195 4638207185
654379677 824682185 2597168764
357216436 769330621 2829058805
542467345 971748482 172972829
169100866 847757219 5950498460
264308102 354838867 1628991660
196402985 281004426 6959937703
152753757 242744516 1517953418
92286203 640454174 797110313
148413261 372456838 5993252249
630436748 641229425 710382080
53766284 993072369 17664952325
492312679 813742794 769333662
625646962 742784953 1394917196
380504137 482033728 1341023458
154277534 918734111 4557102167
186636109 236371579 8174724193
470476705 890630299 1875809316
841809263 957656925 794042204
312099610 565215689 3391551946
390393790 773607993 1740406721
398463614 496425707 1005913332
393060893 748547393 3334854768
59311577 291019302 5190825658
546232493 786346437 968835511
117267823 570182883 5386876852
243973589 942742878 1805550078
421343098 940525215 672924216
653301616 671296475 549707539
153320659 863074468 5495509762
254410417 649813965 3658860165
984733093 992570105 1701249659
238609061 431957133 6427998045
261388371 498870572 1093385060
276031355 492929611 3981830872
28395605 635354606 16042644371
60788905 797572113 2653605962
267362413 533671596 1520100773
584612128 720199305 879312653
357129883 757150937 2966912547
184995299 580342233 3840921968
337394035 527442078 666839781
557625143 858282999 2721545080
245483122 565248349 5375826210
733716249 764994343 1699253498
921661679 954629766 1862118878
843514747 893762632 35472821
257848663 886047391 314111079
99414021 689545336 10328313372
375094934 590840039 3465800416
462677779 862080574 553332044
170353472 851581111 2014698347
385326547 987578173 2345568953
284123122 326894929 1078635264
482287619 605497994 501685120
120485199 986420791 881878452
515262599 837118616 741597559
340855670 478376101 1491640870
222439613 813240386 4106835723
633845501 803551897 1329769352
106200319 610113524 6839418506
523341599 869336103 1536499659
225506535 342558038 5544864076
209156518 267020151 380061173
571185 356663129 738491558051
239639713 648845441 39906119
71311189 741647307 1809604393
372140431 434924408 642422369
693160883 904363100 676469238
513636775 565028758 2329603874
18917012 702740117 42580847877
310088595 701824903 1079848360
285818465 981452721 2765687303
83197607 349797570 5731982805
120792827 132134747 495162651
58388931 105750214 20975456886
528987727 932912939 2725366826
672979529 926229813 1955912724
237760697 366535525 567510612
4342414 831548187 45406545281
28740352 62323035 14250152462
39967004 96248931 14164491467
131658212 640269699 6941101525
119723235 586948768 1707836901
430681235 667939591 2776865387
168399125 226283738 8835771296
269319149 700610281 3361251284
148207685 432399422 1939126305
284471634 946159403 2471232255
340759851 419032873 2877136613
126243693 525299033 1374476284
41856271 327740446 26770910109
480278669 854841751 2746511280
703462865 994119927 645744905
629080807 674908055 1837055228
298413669 563330282 4881917565
174889948 440463323 6601572198
357127819 692770249 3361877065
649842901 658804751 2098356759
327904552 814795439 2822078199
319717919 506621912 1539347483
197371897 814013649 1168523239
111865334 943569427 7903880042
559133961 691896314 3117949541
801352633 904559790 912783342
160787597 701828350 417871848
267575779 734176658 695875543
82249675 578711409 10190641257
254465322 686771407 2865700537
709446946 811105189 706005246
484510384 570040527 298329577
52005792 364320181 21934934502
510856831 856335320 2574306174
532187783 759206350 2819695572
586058829 704491447 889184453
278875944 998675641 2964607639
402329813 921464565 2099716585
142073078 819822391 2966620262
68118496 546019557 10440883792
544611774 649950239 396940036
42192590 194518009 24188358513
255067874 455830959 2942957508
495977939 504398527 318305149
105716854 888384065 4976669553
202015045 640253999 6369810850
68887757 456200278 13301353933
273282056 393675185 2197499043
17720909 780861350 18076414002
125901751 402853608 6524143560
536526733 769421792 2935364352
501339583 843034324 1747241467
340423862 703457029 257239513
234007369 614624885 5630133397
89475551 689815140 4796021861
321361400 369815281 3387249347
686142262 969745189 153292637
347687309 373404217 652447691
583326167 641382412 2970328110
125579177 910300033 4045842701
508013033 873782211 735362592
35598598 767428629 25717349556
264635887 391963080 3638778144
584558172 896157223 23504895
63811129 700569861 13632686437
893483459 906607017 382526225
62429531 458079949 7184715638
446202339 976125575 2878345831
63699469 815872440 12115258268
227414052 436752887 2989628829
311468163 678629789 2059083992
81746708 354247161 14905575792
30744135 675317603 30573874709
325507959 757045549 2990564748
385520266 646866767 436799126
356398340 602801933 893576722
19392929 735789611 14098582189
436708079 522244315 1262301410
28078593 89128874 6865240899
96495245 499197926 8279809020
154977386 399467903 3645585856
518234351 725297627 2225094046
2645287 843300750 141872271040
281930040 484639261 3035618209
151740925 449633081 2282248898
65583545 966240861 881443163
127828013 517177973 7238151938
149002399 828976584 1789322900
189904318 825892865 4866512813
602517421 646156545 1849555567
7309363 525669967 135812628216
82235757 517094669 6819314555
693278699 928635585 659060896
440772907 684527197 3272067698
83288321 873071582 7418949580
771533098 790709043 1443286434
717886613 856622637 2191624768
421514759 473371416 2095932238
690703781 945379322 2359781348
441270640 774194289 3517426
515428940 771160151 2406130905
162505837 438254075 2684026424
335459393 606652565 459194038
146448403 334326877 478305575
397914931 563109776 358067260
226304183 834106993 4796775569
324235555 617538731 1247535001
543381704 990528185 563028838
125452403 937861448 7147468116
544935135 892338703 1505342283
577205918 755214829 1031620463
363648742 911897209 3552224198
186381833 602100856 7000576719
5687365 421276352 59777920991
587771361 929423225 351459886
286037799 598763590 5005692002
51698125 754208884 7858682766
104754117 779794627 5214971205
190999143 340037392 706809092
581850929 604392923 92935060
462598515 797009063 805598217
209863923 724874185 1813464832
806844541 819082431 263001003
492508387 562639970 3348679093
59639329 888029548 16584024134
403906059 844715879 2592861861
52544683 711869834 1665024845
383118915 896443711 988467178
43938005 518049842 15261293548
312995903 847185385 1773796482
193776906 857478569 5587652456
318100310 369608321 2815457615
243221689 776496865 301192401
255513737 973090517 1268114856
293688352 634237877 498755657
66953731 255302211 10655595353
255917283 810027251 848188179
14865017 424339332 25826904247
425688315 735482954 2660536478
82984236 497162027 711692506
603333929 800608316 719106606
211269883 346685888 4418099365
490207612 723363407 3035639845
340511227 587764329 3450107181
217280594 553336907 2253960086
353045321 655803077 2246173112
112679697 503981431 7823878341
201175114 573497117 6282596586
157544513 720709231 2767175402
64586403 132346274 846588549
231666769 465375908 1602004758
184822542 768406595 6144582524
831774851 883462834 1162227280
476466712 816539653 3202407358
1657712 373220563 148609992093
73415262 667396657 13604607863
193041911 247425499 2761727969
2240381 220762928 181256251098
69375133 835364229 14215131159
675315023 813896892 789346724
211818839 825115951 4258875238
364129197 564769906 145898969
106327610 363975907 9902916808
470376178 485516533 3601729299
463085842 982663217 1268574895
70746995 718748968 14168759806
336546830 840063857 3604454409
222891146 878447425 5281912067
313353609 832326344 1847815491
628164913 782624179 496294217
137088610 418214379 9567445590
505451119 600908578 1411588848
92739877 937776126 2116609211
376560967 897184272 467972938
182089198 920441143 2552725012
260522608 720033631 1351585062
778011845 778573906 1615706174
127343344 589929689 7819828217
79420044 316814573 1765779473
664604495 843677668 1150780362
659140652 964930885 1726053915
275183057 659650558 3493688853
290618949 480468401 2429854877
93401211 852099509 572323818
881891746 946220553 1000840440
430078329 789582220 3423427095
4962265 609897252 33009727914
333434647 712639215 4260600872
450984931 920538590 2274791993
339988631 772824843 1050552034
427365476 869649837 189198457
250073639 769092900 4958048049
60031431 406899032 8302638253
259740993 569144617 1610414120
699639313 857757094 490989668
95420792 489794143 10637871349
670044796 712698115 523971189
603764077 705533657 322301058
240372691 392390181 6238281694
86069005 692052737 12944153863
757161549 909619114 1263906568
286524671 619520575 4001294031
365303227 628611846 2353013482
177216726 271053571 3195548529
872563955 893648553 374217665
59535681 509693899 17721917217
61047799 967938464 14441947838
173521018 949250131 572519253
543841097 597632370 2636149896
233265465 886845788 3693545577
441218084 476455493 1716679025
70442715 344253797 705081095
236548036 567678619 2765135819
401154233 549650431 2263578869
836092644 873703753 1570477985
407369222 839708093 2565643500
514376483 987233841 1639129294
210437833 615203660 1194249969
434971752 869996767 558750375
488026382 592987919 3088940241
784359607 871629037 2345354763
114578727 605624840 5855022663
180435258 300987187 4880300321
49072339 259648171 18695149381
35851343 437282386 20705505230
210259145 381774504 3489934028
116494517 932373663 7523262509
639830031 764320978 536823600
493736309 615437253 591790375
522688626 868111177 1155395545
52310677 107982834 13155759915
78309620 898872893 10062500438
472537933 842225814 318134269
535269623 561405163 994940314
224824855 598275759 827596946
499177513 757255303 538608723
516520578 853170637 2647027001
568612607 748411435 1595887601
84573428 374915601 12970337218
132286667 621062508 3758206546
278233582 548430227 3884830786
712346261 871224153 2250777832
598170241 781959793 1628938070
141042137 800967823 6847289378
84416378 250155031 15650204874
138162481 348655617 2763932757
475895910 804766841 816894969
677168329 835769350 275045812
45875902 463435733 14989663446
498920527 695459313 2387493058
249248318 540100835 1706299865
576865899 691845682 3173469175
27868234 342549979 5443466366
280279483 560817978 753992753
216453673 796685143 486163217
691477391 698361300 1039565151
364170484 995084531 3234431160
319710949 459453471 3345770314
470943314 485621613 3852067374
132329869 996126148 7466492044
668115993 870289495 444721776
491903567 626585357 2686461054
130756085 974796538 7400064213
197123726 541392425 6163532027
13799699 439738477 64633374759
719900903 967046798 1320078401
133388295 630281626 1169885101
690595441 891765996 1771063627
395824113 399671707 1184489238
962090249 994307717 1162732567
202726231 203838409 1678856751
789919215 912983672 179242326
743091517 850695366 2313701312
111555551 275680506 3555664574
345259221 728251150 1623130145
572119067 856954175 2910495516
473631663 746470178 1722531791
149371747 722875522 7426686554
49070102 121707491 3111218885
118821053 565293637 7541879192
323543253 516213814 574650666
571981253 696253551 1434944713
20654212 855900519 4654531231
464359795 733272474 2607434458
569346511 571239892 2138196230
681108771 772529041 1910790964
243623505 911655319 805938098
321089381 960138074 3164256080
557448161 896304722 603192547
36585313 149283680 22975902516
773473046 922391433 2288713435
359569137 924883264 3063498764
37225043 978385164 15319395734
381084740 721681081 1331730401
261259509 351830852 1351995157
978874077 990745976 112957213
89456658 877698697 11931396738
147871896 556232011 4643488494
353289763 363388831 4998861819
676513697 990807214 475366593
109315259 906886976 222971505
793519132 956897997 1257232748
197949544 376928355 7284616000
319397947 560441271 4824355883
285747626 799749465 899846297
22850293 254372153 40791097758
307859053 844891041 2139554719
61491456 171683773 18794479619
320611404 636909373 3648775782
33801257 198024630 27606463704
18547269 80322392 40632207933
533717766 934982827 1313311569
168958041 757557412 5363821410
59040749 71775428 15854339951
352935043 922215281 2754384671
502110085 905392893 1411349276
619040668 794861089 278065198
277605443 588879147 273629352
743525507 750093946 1744401412
543235709 789009444 1565851945
74077463 789603895 3566037496
52826279 786120751 5782647638
18641401 461270504 32649087254
517680099 827830366 2371312965
688649385 840784952 2429517622
69562909 933026720 6429576765
200141999 909928574 391950065
639133867 878567400 2304740307
239371829 444988024 1698140050
449827358 905291225 344771993
432053214 733416025 2070171142
270497040 580413547 5235926238
109731483 705873040 2594990385
590490315 776711783 551779947
117588491 749215345 423391372
466162987 812383483 3345047195
117865169 501655264 1775236578
453233389 515548400 4027274975
137862284 806270221 8031259372
80743902 754520575 12591923236
406219205 465999421 3857849078
89749583 996595865 7999913054
146651024 757569769 7517007219
304637359 982705783 3253486867
56131263 587894353 14561981588
753586638 888599507 1509095495
430657526 949152943 2368521705
638695401 898514474 1412089429
8770059 990008998 63481031067
517824299 706622384 2382669709
578558653 990492115 387386766
109680448 396786053 3295355472
122765605 256082849 2500932566
326089278 356544331 5744050211
185922481 555495792 2193363482
84988047 192101036 4408431993
315552205 831511659 811482821
182497881 752968874 2496546937
371683507 410324958 4805840705
136277816 660225169 770049637
197023227 902914931 4389077033
378284001 429446549 4249444989
70025401 796719442 11751282660
138957018 762673783 5948259503
210988290 443986897 6153248741
196858085 253096451 3190984189
373315204 452620547 2880828621
26259844 994219453 7644745435
906472687 975295803 876168091
461495635 974595223 2660735368
579772783 841211629 2459486720
373422694 451581371 3666283773
165654179 502888925 6522447486
636340759 789287507 1263407332
581821906 807251933 13849360
54527038 539847169 19289373623
651229512 672926023 2719491137
344600127 677023244 50017828
153047782 204939749 7640430052
474988036 964239335 1561259511
324076391 411252092 5313642746
53842093 671338587 16639496323
767700407 938228957 261458090
85067582 943170955 7758685547
227690399 575345076 2823070781
314532320 600740387 3703133974
138544069 536273327 5542406024
523580363 902957946 2889640855
548239617 769829219 388829900
57422774 213575957 21936674566
142557720 191871127 9469050799
213734326 309078829 4760359296
9093281 934757848 101780514041
450676473 560989276 3593513548
891991187 940325932 1505258048
207318107 852842106 5684327292
335498707 937881384 1010281421
487803661 980933254 1538502948
397188218 397306359 1497627933
778954805 964614111 77222544
379253187 895919549 1795350811
736438170 785029849 1654648809
167950820 335890253 551015118
192560961 552289489 6928398143
311672339 994979866 2000595736
545493085 750764767 3100489753
126195418 899595581 6797506123
37600299 996384709 1763248067
636817524 726783299 2844850475
984626062 996983607 231389405
670821043 693351831 39012985
43887053 659673614 16733001179
373005467 560328863 2986817010
127831319 571012223 2800897236
452371221 921479966 3110063336
282063547 941745935 2158165120
138944383 766047042 6619519531
335809327 812803483 1152106363
352179748 825343763 1850779570
395184281 851964662 2900319709
673150787 767736223 2247994543
464524294 877227473 2550513444
192051249 269139263 4081743338
531988310 712497129 17409438
466429764 500958263 3155852204
15434975 147538261 42806636420
736048159 800086767 342782347
248113730 725383557 1868400556
155703899 758978626 5485412628
379475365 926905127 3198146434
361127432 643930899 635423683
248550051 257975086 533033190
793865819 984633962 594244174
705470451 944245354 53129821
245378425 982673424 1943989544
280656607 299507547 6239260262
40750375 997739738 2512123308
5329720 963491103 92416772056
467600362 514047389 3663126907
376796914 485464689 4422372779
95438995 845589413 2292251158
232702444 776607901 2528752066
396240263 661055021 3786292123
734016749 964274019 51680322
57375347 163985959 14393537758
287156133 465328651 412701277
932002932 961043171 1302752854
522235085 676019128 105518783
22326051 726095840 34346038402
141258251 859152848 7885726311
22292482 619690573 18214642938
84533718 979920469 12687713174
673500887 881789981 451749965
77776613 891705058 6148444927
205124311 335105675 2979772405
615922729 812064990 1209361970
602768032 709423531 463401923
22737645 223590968 44835868475
986287571 999971682 1758440491
489889044 905296223 1164703024
300252806 725015741 1087743946
130135802 444187569 7456593201
252137238 781079809 938467282
4268815 891377367 70762335471
246748425 563999948 320348836
604396049 661173923 2726978457
579199213 868317699 526618432
188149334 376656245 5413426840
806002751 857472208 169558893
270652471 691289740 139103120
713280535 747521338 1521729008
54092671 531443469 8529800036
97136687 445008583 12072502173
117183524 261577759 1288293757
708974597 800523367 2449004619
259652954 450867187 465628380
493514999 761845981 2480409166
319977113 482718466 3474333314
264068443 975827991 4031889933
166416459 199519198 2847479150
217446588 922644739 2304006047
272700713 870435032 544001263
521349947 950755668 1714940304
704679264 768438457 951221921
217268187 435217093 4998990204
409635733 903639081 2848167328
729313273 949698419 534091496
288012124 885860069 213726910
631457005 781969634 485524036
300131347 502804591 2013416437
688139041 937297313 273986611
164855033 654731517 5589831777
549351302 581536347 906591567
103762304 259611627 11476041242
307530227 503084215 1448379124
49156150 843215461 17675290202
224826712 373916661 4472221997
366908084 698407173 970745673
83862556 750867989 2731289796
55907123 191200744 1825287012
686753162 776945591 2596778380
531126669 536203502 1249302263
2173396 377982031 59496523054
350604517 360475397 3101646818
413611498 648968983 1967326388
141990596 538333881 2441937426
186691572 228631655 2296416788
444373337 530497067 3005157682
429400162 730773337 2672115007
185702011 206834329 3812985174
746425177 761929581 1409775555
644138005 951080552 2200065317
83771455 791806281 6342424976
150109228 593757171 2937726697
261137347 387943801 46155306
389300844 413601433 1041400209
772222392 870834739 1631345673
208981345 897139456 2114986224
798387267 876553651 671012616
215653660 414536933 956131748
433667593 810362224 1008845169
636851858 684633947 469194897
477913225 588518617 3325981632
200597713 526648181 6210505064
265113818 419336445 1523546392
79866199 985678136 6155194492
825397542 837728537 252562940
476658047 784609606 329483912
89159786 843138337 296950910
156750209 713058267 54138947
173133992 832394483 5827037151
369445145 432191812 3695568636
668801808 950888393 863626552
165209994 203968549 2884077911
113281401 322094062 3952502283
2808041 806485570 183978024707
29716238 545673051 20178119257
8510035 284681777 16049246286
564481678 698032769 3105081631
231626764 307520339 186362461
3364901 315822882 296017023058
244506750 924963289 2880559606
13402648 404529431 63291012193
81171240 326199077 13417350391
530355345 812318659 1091364272
450536115 878912378 2914647491
113709927 428397215 3340492417
78829953 148629611 8186945842
115587651 686733334 3786145425
659780837 807487287 960361503
764217356 848676015 2356009221
22394477 654166895 8747520800
724289059 786808937 1590735107
241010557 601192255 631776815
522328606 757204301 271080374
346263019 973164445 393970160
506966216 780907015 44840175
482750584 624004099 2468311036
704669311 736121205 2473645603
228597759 645008488 4208419905
134445371 370230761 4556291696
499692540 625569757 678215209
50176799 600361776 1032201408
167724706 177772795 9906285608
608715799 858293406 134080676
168103752 753255233 5214228628
33711351 840030515 13914494278
398186891 912214363 2838464186
547499588 570688571 2659520366
583240333 700226715 2158311539
746785972 906404385 530489596
335620198 762739187 3920938064
12211474 948770719 82901445177
795325113 864584188 2082110670
569201392 931840429 76847581
210345316 426389715 6868128146
603550594 758650301 2532711607
230012833 768458856 1928111624
945711343 993912141 971934503
276758515 916376238 4177718053
325601573 905785010 1516532918
295367632 530779145 3622796966
467564192 737312743 353840805
247158061 919653886 4117570492
106425497 348997880 6010883148
187418481 239929453 1892620403
449937540 588190081 679184720
390624214 526263745 460110571
779932931 792180300 1427853708
410775455 974633982 1481538078
536102463 684119674 1906857115
41852383 157763195 23467330413
236137520 808161231 1499303876
264896047 657816028 3297951364
378764736 791947291 2798528926
478631670 984133189 2344702598
394610768 648026591 3354143814
242556661 287108484 5949833025
549082415 710273962 2702753337
7496821 257195508 9585867989
762485615 875925407 64737141
266179168 497488813 2353998172
610444895 995184073 408634416
595362005 824168434 806766303
462975136 578632315 3285877531
378988035 668536007 3845868922
92443157 702519563 6599538579
745921992 862603403 2170426907
660507669 921234707 2473867154
342139939 377497986 507249032
127075987 891562530 8729707154
170644804 836551103 5007244299
499483633 926024091 3009422710
63445619 402670530 4335461667
456595832 463627583 3731249663
176935178 271078285 4097188107
74840037 196080932 4676293181
75336836 571818863 13932726136
364447643 559725419 3798218834
65989973 842190451 8280534308
97913771 795293103 7913417918
182021065 552149838 1029426850
312460425 429237839 3086313276
269019353 401629371 1240721753
731272112 899681687 1611287760
591569059 941902480 2507085124
274205021 655817987 2978724532
842880071 919625529 1095664229
233603937 952267727 2344631398
161276069 414504146 7716599547
456305703 571336958 2344672694
679228217 890992412 2231475365
87312843 214376438 11737104813
336498827 734350768 1363146504
513216849 875489858 2190660700
392601521 785956455 1128389740
530167063 992761559 1519589494
326798329 459213154 4702209996
20014347 338328308 2612294464
32871654 679264559 10072332621
478303027 830179474 64570755
832776358 875548949 207269780
446676998 962797755 362467819
222406537 419765989 1788722779
728901456 885904907 111107071
532621786 933024639 2592673901
192542326 454130371 4764756845
72357364 415200357 15064506409
560505455 686431434 2669143639
343329082 533325831 1170707110
667379199 887153359 64505697
362424508 957127145 2810696336
84777549 219731563 6598895126
825204373 933490352 748209919
775840747 910423905 1274146135
635817188 954249237 1592060361
678880372 839467695 1662355938
822237528 936814183 1878248426
709347373 842465291 517028816
990199351 995779649 1339613271
561233119 746417745 30504457
419717791 519712555 3275201314
234783723 896099509 80179648
390576260 513657213 1736914772
124360769 561765354 5933604647
89513014 236865313 7084041274
212394646 873571233 2076254130
1755491 588935021 303754163061
290152803 970359427 2491348645
406494594 913226863 3380575616
341269372 452526793 3289371763
70782493 582514234 13550641986
367371949 700733520 416008674
414819871 915012093 436323870
56448751 478232956 18714205719
575673647 764018442 2386878034
330125873 592781502 3922916411
238150222 272412983 6181045276
217342651 637778081 4448615262
324762833 396171070 3700057543
253312073 665680273 4026209522
540986386 814558947 1618270847
713278102 791816941 692374177
465004868 692136769 1427977720
533617423 798890942 3058944255
407610775 826238249 3055747302
57317977 932780697 2280928323
135462540 617708437 4678508655
569663252 783338467 2462373149
212179405 534779863 3741337078
236086847 842125109 5379262552
135317651 425977250 188111192
505542389 915458568 530776030
581497579 691251446 1607178618
167604293 890078053 5505268058
9563791 802582745 53606458081
784828321 950406609 290005414
685266354 735112591 136260868
47126493 588737026 3227678146
454761809 515418266 3996081702
500113771 719530960 2103674932
567417523 717428634 2545717986
334609961 378401739 5577321944
858842848 993507945 1575446404
179740900 808370637 3596306169
538049133 979710514 1174938427
83302733 664830625 2417765854
359431507 604332684 2886128235
653729297 832816033 124951323
96677951 936057792 7186561277
45627028 395150513 8359439284
459314131 894550362 171720774
271160851 638217162 3994856628
164955727 931004207 3949557226
69755662 691084469 760340066
773902697 814992187 718166676
305896143 877481813 1717524833
137024556 511717039 5584890542
565420297 650981361 1463852992
142413531 648550126 5871093960
661806295 722926788 241327415
425661867 819693017 3135072297
123813533 795465876 2758077016
198305770 267364737 6864488891
634383461 659484127 2277916745
148615816 294950839 8239575694
245917885 526706468 4718919606
3171593 616805339 215455058878
301586824 463067195 4798096070
117714030 520171153 7017439649
184959561 465856154 5291070076
249668848 346508495 6399593616
173728425 979739518 3744269124
401590912 509123915 2479638713
330820672 468372215 3119811403
683352256 830333097 15941706
215095236 455685233 4917774232
19237219 928942046 12769647305
837560795 971710198 418326508
101626976 307731059 1782465703
90334479 781346617 10073038347
372315757 618893521 3076504755
307716391 950519315 1888077007
337661305 990093287 1638016910
13519895 269579467 37289019310
378576757 759582259 862464821
173771073 738668729 6488259060
583951849 792501312 2277658608
165971826 407541839 6048339635
156707878 269732087 3435583067
647725228 954481231 1668407704
537889688 829536089 575226441
424260187 582711618 1618976403
567076057 903382874 936213552
506860638 995934325 695856352
53965309 412645948 1925352048
17481433 365176172 19765417967
514156185 940654534 1792754351
113901373 144055839 2727825293
250375597 487585724 3550229113
351215829 767782192 2882303628
22518593 712668319 43142565906
527731484 904169029 702390002
696821574 894708751 2056306836
659715463 913537219 2523983730
849436213 898433488 593582229
684448808 858180507 1100711167
393244168 959034015 1464235080
26643573 546850273 38750446906
73677438 486250559 3110368985
205682863 895551229 1350603779
74259618 351682961 8139291029
157860802 747591549 3574509735
230389028 862088993 5318810895
557791933 738251805 297092798
154130743 186970280 4372964166
84392731 370033510 388209238
863117207 995363338 454748164
640976625 896126642 1625983951
61208152 841091171 1061811949
130200946 856370827 7182282264
355973233 808362084 238891797
146646659 296114316 2200400781
447069767 597493831 3765025475
167890306 275625811 3451470762
730362677 927298891 2300591312
265296820 342199027 4355644585
159490085 603080891 3220471170
605777631 982858052 1719997395
258605783 514289603 2852773237
370149667 520395286 4222850139
202068903 868428043 701845638
364908563 632168105 3280500564
735115347 761052880 54274483
26014409 835105202 14789182043
12823504 731948853 73975061190
604048422 999734899 56504460
125397235 805821084 8318640986
76760959 963384913 2455752679
323455879 751977849 3859206550
204189239 698694588 5904200948
265496130 521515529 1515521446
156914482 933460273 5119530983
538389114 978766111 863154224
339147125 582380941 303718083
249397037 595884263 2560788180
580075476 688973275 1419853674
29925161 777778448 1155615584
331243486 415454457 4327455339
566896439 745891706 2870405620
31949996 46568355 30420935997
889590655 892937361 1560421140
752538034 993476631 551944411
412373619 994770713 423135470
501383962 640623645 1704177702
173499904 323170425 2617699499
231756929 571403056 4622164023
40073405 201112556 24811351755
216954519 700775395 332550944
107192672 580461325 5674630765
479485582 879329529 472603469
172647830 992851423 5105806646
160090734 411854603 2289689562
108405527 536894837 6697725109
