612546122427220170
93979742597807808
903217769458875864
577601119892493415
970399958594108525
4985675146508408
827777001476819856
92310048898627092
706284291958567095
913558827152242950
343520057380915896
353118533526676288
168599549160581889
430427953944991527
436391955413156517
488466832447090350
505714754035264995
488346039633263588
283135139810444185
262295096323470515
832893444719714104
727472899998625834
308501335845368796
878337129634004250
88545229719259457
4063625124766730
948214352498416714
414277487512080960
768349182670224650
883740432520141790
803267497309829300
466135460227401425
449594533153953910
63441084162601656
609607876688186880
627338032047800070
731559977015754752
707370604805701200
589560354527248748
754476253159328604
104415202089116346
754287395296420668
847061891645103750
461274452068748463
462689775654687882
130583631869818740
614504831324442487
995420398232752128
7171702035922409
387975333603821400
355384107505518099
359031326019913792
757307361336727226
599470572198583886
181659740147890980
978804202129027505
630763071174770040
283229236930710963
981785038159378486
674771347488961850
756329075129804654
385459178303199104
13694226641377836
714893614033631844
191660898408199290
648024129342962376
265835510761700475
852587574368347975
26975384649285618
722498331097584003
345057570178009584
887644453045776417
512929617466781064
978166397195721732
946545360369032538
397588568818265088
166787922512045458
881373152039598540
280559434309381297
698527567080391056
529044919911808086
200315972874914525
755468036150804616
466032377109948732
558007927657144932
778561135851396198
94910826880968072
444081403391217666
158902388496265028
973306311325189952
129264711125569788
904073207024824641
162071926283002176
877496166137456275
31243991844338272
950607562423020993
44337069379324737
972916825650802350
947611338090702516
690139825300837280
60216787131892684
838900261735420412
246755459434607347
804595207130735040
142316476196120070
64297360312375399
636036135901766340
225825948059330425
900997612568639872
235983309989848686
473715583511801543
285164208817955779
601972788767455308
852541988181076169
577473434680674750
355732504201547018
681946343569333820
451565709481339400
222348483499066122
859486286836674707
255752148786027777
312283156972693848
523948406714391257
349944075349748043
195811128188702775
182001793565860475
715474823800799244
668949801603931081
840958387266476055
988010734801888383
187536474105849789
704566257252532245
436052312221606710
149885882601905590
270767082874203252
283737075487888064
719977204204393117
538799696129939901
137214452821936050
919926884645850669
920087497765862993
636394997277049038
873199759134261528
15393643928505029
62736246163604247
897398297137638136
795182431064503068
166600252864898634
285998623795867305
650141995724884171
163959028585395751
134681123905144058
94687774719671208
236529210287949248
296891309785410550
717319786851744188
471190806112098819
618660386712149168
501943482454427475
754026300076868865
44575973116950261
421140857672671695
6983760964949889
117725452951842456
128834704245109680
265446831448079931
626789830408932302
784387538178316744
232238357942326035
612199797803224850
385256029199165742
31247112108804289
789061846060155174
920012682373722793
762368184340880438
81842756277194795
196149708019014906
280295673046796544
400009755537299600
757988392368165448
169827159823171200
727110030929275774
853079237725020662
653889831865272552
214032428647018420
540491635550629860
540706845763738626
139897721991106247
993632084879612973
844578404930356642
266017360479550578
598135223099500171
952344347642297073
826413616042722980
792223283929648283
686470216725806439
659831212045375412
301737248921030689
185625490329562137
790457148518002182
964180072959431418
387857256207934590
54664966142088157
136464138291554465
733874603934576350
532074874299061422
267179858846142190
78133554933567824
998246465039169504
823708797018324960
882202219649629675
284468295686060035
646285316531720544
588032054668688175
359224248844377546
632331043933023200
117620586121395878
838657616526809530
481322065066035561
79600604893967367
470168274177744070
978164082452791540
796088440909501099
354470305922854235
313222206560097268
625817575018287060
927879982089652960
549300641847782220
59012538846600570
954198710227567495
379855806727730476
582420501758236196
61597386242888594
117469025013285348
907402916225364152
446480060411588053
236230458721839714
874916946956933524
574843047072192386
8315697380868332
797295745963451322
172136303888131053
394741053433753957
881415683988112647
715845668514224975
447088089936413304
439584612284256726
990022413196935632
899038217134675935
680749703246730159
105511858439843646
200139523700164334
266391620384269962
300214018290352220
146586598099640976
669539778561381035
407060399769873082
672564387233721688
374119327770642257
541072764244474560
258928191575380950
54133836251385925
741873756959276933
225992862365305968
751396938755567720
576667774915356225
979089704217379280
483843770013827889
261607881713714085
877323012966223478
564098598100157994
563605792977602858
855985455383920290
467330639100311952
941812254965898529
988638627599040
743349007651276780
318185782885297925
99191331422137899
48710125118382798
83485944182112912
853865462082479803
265234949287671300
197561648826079850
790876050678569166
509296018058746035
337504716370174037
923490083357755986
996355861819834406
335450172193491900
126548331256845550
968940569297075800
380216764196181250
481594461672144834
86444192561788464
27550958596906305
235803760116574365
295134248770060965
106899050095396785
879435951945672289
926815885220043713
708499331991865435
81474397754721970
265312264199363414
618124990517032480
405410544982695736
883174268733841092
481338224580898157
55783491967839873
256633927364483327
100118257286941856
565205196667579884
164951722504805907
370923560661405635
717360199484974428
50611410957545556
247412639378480697
579975251161358151
886995944665520248
743858507036912499
351655919151783387
515491164639206771
720502881805248984
935678566399704722
357750332321572778
36745776109749042
247783322244107425
915463631352197620
497921437273111111
963575517181406568
245263196637737152
899805094414261908
299476798342555895
402003389014925269
910556899506496555
291331275266303640
717832370372842808
32300610591995832
814898642104686660
860500766336644796
399290886339725320
912572036705363210
866093048097053880
939028793270483510
420652652532847182
172943425919861899
987793864460476110
387524744341404046
178628861286372605
124123815736816151
388055363551983593
258564605790210032
628746220651061240
819010016984198896
112129354935854470
427808761926365570
675963906131500925
678399515652346872
440013009202171699
48175117061683827
456845792958585418
953162675033717430
162481034501800630
967807411973592645
688561064642952381
248050816962173316
54214610746805672
935647563697866103
434339433943960986
287214326662271748
189195894804742214
849563680962111744
180957011946469710
104859630042349577
929880735712917469
990859527635341320
522257452810100334
783913850222791071
543639755807275566
342424868465746716
165213432624371775
944734999764209433
829342562724829661
83990778136592206
750603208430018580
682151528192290720
393257049693767343
41230966402080000
461700015768643318
524931071606286585
670974567561201033
703751743960785208
554315605600449583
187260621479343515
162030393018196704
826927077329174672
968273620730196218
564132324860615841
550540949979665281
771588035333044914
686071433703608550
473186823368621625
779077727129824672
186964083291198504
162123972116431266
376950623258560215
463601745382600773
724842461476777200
96300370769472108
272626563878765668
135242030660402685
162043437976345065
851646233230429812
515662437237791135
895042316866574608
409860169510845768
717090736815629351
882096921097581299
552069548844186162
821158773389271578
987795763046244594
273493839508558826
244294387688949780
102888557056114219
625723431662642496
693589888461905541
291000204840148144
998287152263640140
140286734609229624
140907492028777056
82749393740253589
361198106008436543
862306554021774520
630762778986573630
920971231995966316
872176123535922114
168086635645905190
740302259370867089
853162889157963538
890678018946544152
864782845685470637
544776438644900688
128792298322981124
689291763487636452
235558549040143872
568537685825009173
170639671106222311
75909543527093840
917684540534335497
282385400394547034
380166255419545524
998519310374858610
499142274752955393
919363920315878513
108801266563241658
740488212951648928
114291048570259932
450593289457235225
93870435175252604
741327148756130295
609697707172512152
691652984552847534
154940420736084270
761386236697045594
207312528895506659
675125859982013440
962854623665414100
793175011248475206
549363302617615788
332123721817398840
202701365666981895
55618677505033464
968619414619264209
542436918709991328
895466467997627482
191106393052322397
21752199240512683
545377451585741992
945462626764758232
981517960720130955
189441995310869746
855260358085266149
482770657534726407
850926248994062592
778136123054340443
797078164191161881
612243221780374899
446220782617999950
740996334968171247
513587406131748144
703056622305455383
455849211969754851
96769349687704632
51624515888038090
651355374258281478
503775519070349888
241505898510134925
286240756049574447
584983686782301182
755274146716721493
919755326983579170
416227715040154186
64302178634045216
852712473961757605
264308020541082232
103606941906463654
562850518404219858
966072346118206800
246441572661037743
185099766099272280
43032111863174303
990796822632211298
169430448494800510
971352041120892400
945533219068779292
918435953538433680
837270339433294279
658671448933691501
923587855729949904
756591413218382911
746141918531799042
615366140798807013
701659118198616994
527166619569471528
551843843870682207
712022604689035590
141483632162030183
283163426272894272
207536106509205070
978319289007592675
305534321611874297
259748045330873721
185622789399693400
366729822370314746
937257969344519826
86985838575650144
709854268115328563
854658849505100780
756406106980465434
699166274991685188
880051586657672940
353342054973860265
589360603318266948
195583957014004520
411635023210661564
833319685473210995
844147347386486601
749387965242928430
812747507153656526
445104582851380595
4682777901249538
955302481805444004
900015615714375930
11422285952310740
669426877503421868
496836166895937815
963089122572116512
829387518553423424
110393027676748775
605408871961637832
460532363406017892
764488613330876772
610219672246567612
957659903984583630
124504878360405442
992750390589345710
774467296565703986
601501564644205857
916602152241561835
898052417673475800
689047712832324664
948011145685279987
249645117966657060
501232052862603792
297464311528654221
33279045436980255
478386103974811722
628731853659141556
61694930271094840
989233409350115685
474801285728058348
979562234896137530
752283651445352430
63887740278626583
965588612591404200
114626412743491656
13301484785193582
688553710025854043
668851287184250636
292549859829063067
943648831072040787
468437411953021698
778535532631609341
273777170368271493
456861290380761828
782976620264680950
806287109361425999
774597512379582294
457466739940604755
5302493466122720
762261085242508776
598143528423476125
131411206730592327
345424984784211582
708709009916174423
861087987200767914
147018461811867465
67475307530962434
261175858883352374
21453240717756036
381700568829646850
903993382764499181
98352967172326000
489845850644114360
896962498105558928
938169446470101045
196582503374477470
452776914527297828
938024182477918427
21538705620224384
611783604663629119
73285149957882462
616397712227620829
31088934635188616
743936780410955043
956637624953547156
391949768170052838
987363749230487430
172500293452715340
439841234890661816
379143247998921553
423593077149760001
151013715047578917
925359450261098580
873138229771411992
370230128038509492
230952970022040658
750493879764528306
178879254410302386
300631591776998000
54988328437679175
861058937092604511
182969636649877585
679236714419934428
70446737102332736
27055776158082297
555430813645865740
418774902697254350
962572155253565227
104259753426546855
920792473461589232
76719355822688590
742886112056040212
668549300170531120
837940214069031900
258366850798305183
405444189102677388
112960014281949560
577441901814963960
349659216065806620
724458733125633525
802791423373962300
220323983629070970
46453055846295332
169617687037554024
378410610589387389
108720875771689756
736155182449645644
256105695464190650
850750239110865536
276437158287038836
820988794754661400
627921510118417242
233503442822442452
206040768860922932
78958941058562842
946617345869508164
333346957733928868
128570226984714340
551273439691856223
496971092264175890
274365645862165668
236007370959914592
726693639691894986
722731698198477618
373099337099250840
531554247639274587
844912250057400280
480480349105792660
351991931071023660
7203780037294533
208844167734321357
667684765208423290
358486215669634816
280364678607780255
135633162026136240
284990173944493248
154805942624215823
877194696506139875
902177950836112068
247462138880353366
454745484622888221
105005230529733630
97698412509812317
23944055255272624
6956957059430378
835150892640550128
736088513706612555
339094711384341367
263251018315418801
331245136949165656
514825305889077794
568650265210569784
132615357336880460
969086016627107645
24621456895509956
985567358383433325
557061463789404750
821064112620392312
872091974286907200
350180961728208053
868139889894788190
300172140163016745
421710413856518043
374583554693091756
348706988597258725
947392962542754336
189411905374110804
599910475862539290
108691714880758527
83792182187463610
100616719565368490
13783913105073370
671829032387631782
890576691418401071
710298232491486064
449383485855239960
188404975657421856
47797741892558289
854925509013784510
47751135618648474
716606526279076056
450978150579952720
786797522256427550
743141309848095591
686776830299573520
217206169523825912
913838952772483236
999484638764757376
862524492322305384
27154693917137683
967429246385499340
851333838243114485
341325790651542576
471005696505029661
888023466397198340
363219409586740674
687485487382352064
101241415463197632
802120038192455982
490220470937578662
199148888838261147
173143856624321742
103159340082734588
561152868217745220
428134979358320170
573137909050484834
776238436491531036
273985712310718480
622813433884967348
717043554808508928
755037559534152840
822640633015420687
782280699681004524
836991786685165965
69828162008876292
26389395339523040
408186768214527558
154610729748769671
278868931879249495
845099115619438784
930209523305353243
539138071415916753
868204079008258877
951675262709303529
91038605687403816
970945562648166168
709692758673161472
976466091251404391
237625304904539130
858345705966216854
438635478555196566
253296080098293688
927455702074777280
838372171227009608
506727517070311061
689895066064228223
140921391830078010
558091957407874650
199888718395969193
649979023961750158
910971418869575920
575964049698064511
481863224297267109
439821148951782171
895917530251029159
594823770929435649
860044936385421832
728209406310016952
314558312109872176
708788413712505996
295432752169203030
525175465878466180
897774523524865060
49363209177393624
315811180938401514
19594900782258715
88465560192470934
110596354578007896
260043565680126990
44430088049989563
879084701609324871
644262686987342832
928259332661882028
823577512374585462
244524734652736737
24567989528896161
738881383322573336
403686509611470102
327721063119232083
533715410064598949
607488901263076056
623950186595865360
822479683529896224
199106958852213685
665105704912040190
9772298918242425
760490865628834537
14916626265194871
385369343364723800
604161438456304937
460200853001050698
354736779372317655
531652955118542999
556476519802350030
950915287241620267
639949310253999476
855227753781394890
100264486248626819
124537054914031858
944865326622787940
783619844964536096
831811928200639098
785400557391554752
721127340591601387
660331643129184490
738764561098131596
526073007805301368
259812844160717701
397177219837183556
978631334593606626
834077425648956208
123169609231615877
519776462706127440
812125556117534832
568339958555623955
991897984289019682
19318099383839250
172867440446495278
507580976535990305
776491035183977062
506643660389133243
124661382566250087
48325927560031181
140835709206495612
965441135528462604
620674048285982242
806567300768117742
990423753316082855
725713907031460260
528820314760457600
408067315456261743
178980405453498259
650484667780676124
45762498800392855
629741081045592422
341934106651920820
52114940152812513
760242623534287283
553442842539133830
48175370425486824
285082060013757604
389575534706474025
603630539537186097
442955817634847565
685578681980655255
83380751416522290
878355678611257092
295493905179637047
781571928288089640
736553355964074084
814255356714174528
791102856800829232
679840042259714017
876315197839059440
673613317823479950
700509623369282108
928656651400823488
552513680706613275
556689942431851065
604867840865421952
5975801846805681
718594560545233368
240668559476580362
188176274670865100
136175255374936091
815643050853712608
715186956983020401
438903733404972154
412437342391968340
480067384945863800
217905005404625682
912748562015880794
765780353477978496
713343936057159967
340538326980925470
643786572172113772
187699701578859232
397474402149423014
326163372069049462
233743279067559060
91885544505432618
329742644405548519
595990738466603550
173511675922783410
587307789954214880
694580403399403671
941752776841482608
234060488944101540
805519901572853028
966876444647413839
259172274450027424
419113268143903280
408357999918859112
984484431088667883
199009752468930828
225910728529837412
499044829659798114
465896633344366752
966976087117184516
94395048462362115
369449215107301069
26677710855246157
210215314207318891
607609829151254250
60582796880157280
811726618393173602
59040013177754532
215806257683285927
962812588412026429
360114243080837612
939943868303302566
650908490773821980
406207934176585220
644625540940930956
490899414936629494
913399017365677272
115050760937494004
758976271929066107
20294838090908080
373109088751723671
932286146629272352
21276179506625658
902666775986004185
174594520537459682
872839652500974344
932930919300522292
266628371698897380
687722534808605394
299801345136299400
65096460800139000
450220847705935501
447148898561622750
33300731041088917
797550899228381536
924545167071167439
576451950261682716
695371148875200100
236338004161287176
123354401895099018
479313083942230320
295516968428197888
762111608101479664
829075027802282205
55092292301420445
513459298175325728
146643814094525982
750927055239089550
263956402979511606
604096142231695824
