1000
2 10 211529646359123158
1 4 386149422517386163
2 3 194063830547191965
2 10 343084280148362176
2 8 218017927117627228
1 5 787668183983443154
1 4 110093707739217695
6 7 70517787793840754
4 7 164250630414585354
3 7 203526325252610744
4 5 103286556423627443
2 9 391054769419994486
1 10 35218633200931576
8 10 69618081797391009
8 9 32660184002591457
9 10 175796291995387762
2 9 250544759298142820
9 10 158098579101068312
3 5 219000108667199699
4 6 184712424619835953
1 4 898451310474242830
3 8 348511708780178058
2 5 525065298962408872
1 8 861797418945745557
7 10 74283955349081503
8 9 140724774908090713
8 10 158128496515833985
6 10 169372202464306268
3 6 331944044084350608
4 10 293492630544788388
7 8 104046532566017925
9 10 161041701753449018
1 4 991244458590595008
4 10 115022979802387276
2 9 109234540844666015
1 3 987387106335091149
4 8 224915121674437070
7 10 111477209513577402
2 8 493334960722692013
6 7 4504510099221681
2 6 243224536348391859
3 5 405872715083051220
5 10 157801120800359939
5 8 99019512598359930
3 4 7756781553177164
2 10 166750054872643694
5 6 255200769465846251
1 10 457412851716050528
4 5 13108314073043242
1 7 390939536180206651
3 4 236334770480454163
2 9 500323323229870647
6 9 137791063338436579
9 10 87130483507669869
1 5 134420220204531719
1 9 229538645034716834
1 6 468671314029617725
2 6 36551185905469874
2 3 89030337323891213
3 9 242488180941204065
2 7 61788699501542161
2 7 529980992530605352
1 7 68235878899967392
2 5 141396569855913598
1 6 306437707543743957
2 10 37494913566624284
5 8 163640302414755856
5 7 119817493712452911
1 3 393055589425137276
9 10 9459600146775622
1 10 144769590255252461
2 4 243298512681096340
3 7 225402811998911643
3 6 319030497593645136
4 7 342775300925348951
7 9 121107902354720090
5 7 241268132640243900
6 10 162226198373625455
6 9 197858308932595133
3 8 198306670349126489
8 10 65645397140536332
1 2 324977622922282763
2 10 443227765794248578
5 8 47290279789206476
3 10 223225471118348909
4 5 160992221138292967
3 10 349035421051540202
4 9 41659548255154437
3 10 114757823475228437
4 5 158941288367779836
1 8 612667396584072887
1 10 415417935228526339
6 10 68843601264720920
8 9 209007008873515921
6 8 11125009476241828
1 7 538205531212986526
7 8 2705487987064673
2 3 172638039013282596
6 8 113714329793263368
3 5 461626530434925867
4 5 297488500010628583
2 5 470343273510309846
6 9 73889449898544967
3 10 85583393320848760
2 4 215976332389583642
1 8 913335159544162725
1 9 779173860822872939
1 10 248687051948050311
2 3 430335110938269870
2 10 340168970526477463
3 7 212632352553441890
3 6 25057509285931315
4 9 182202715968573441
5 10 122171493020351590
2 7 97175750235085917
5 7 265098484474151247
5 9 33780935056651309
5 8 272484908205438816
2 7 374516542990382892
7 9 92153402808932770
1 2 60115042428456750
3 10 2650057782416521
2 5 377341206130484500
5 8 62363771906219157
8 9 156598076807393480
2 6 328858345144425598
3 9 164860181454496473
1 9 854761638931070695
3 7 315341680447442759
7 10 65040239250036536
6 9 87251093112579604
4 7 336022621985264306
4 6 301970811641449442
5 8 123333943917034719
2 10 391850930052017196
3 9 80487718671677409
5 9 133227014002114736
3 8 80291032267912698
6 10 59946520522818037
1 3 663567285637671839
3 7 381373685510254965
2 6 423235272159137975
7 9 56546472017870056
1 7 799041062685042557
6 10 165002110915271356
2 9 402553370146772518
7 9 128786656768851000
2 6 241977630308776564
2 4 251580704549978522
5 9 257199888496214236
2 8 79788506577462437
8 10 140122568681309119
4 9 224841116612493714
4 6 131275873754755232
5 8 73466837344573425
4 9 258164194197496678
6 7 142923455568288658
1 7 597703295567781721
7 10 197190948080050635
9 10 89373660904839705
4 9 14909041303205363
6 7 116827974074587727
4 9 165773982303377322
5 10 150780719484609103
6 9 195871270292781348
6 9 165082129453583029
2 6 365045572632509104
6 8 231487168653069282
7 8 140642376953267825
1 10 477674841430571840
2 10 337454222862676479
5 7 16121359533408026
6 8 147106197489297045
4 5 355431310300030127
5 8 168992785218637508
5 8 61480100952870945
2 4 262520869851468936
2 9 15665554239118299
2 3 405353794377969279
3 7 4502746111425374
8 10 86686791829204310
4 8 118789305978958439
2 8 298628802281390852
4 8 108659859240785290
4 10 254754141405004191
5 7 279533069158214686
3 5 450368925381512032
4 10 64052607532412972
4 7 140656358886967499
2 9 128661629792233766
3 6 278254842804233519
7 8 41588422666046745
4 9 47789897239317896
2 3 514917377314654900
7 8 172133893411786139
3 10 347355457746407114
3 5 103753164967996148
6 10 21107470057272638
7 8 163360726655616664
5 7 1849520824180849
5 8 185203803142970264
6 8 62712885560291702
2 4 380921757503742166
2 6 246627677489313579
9 10 151115255683293881
2 3 336699493788479180
6 10 124232627536030962
3 8 145138708862017063
1 8 692383207017068751
2 6 294211629940600851
4 6 145896279155486159
7 10 225454664133292409
3 10 303498042592071426
2 10 5728634464402933
2 4 61304466168823075
5 8 42513539307771296
1 7 120237855406941312
4 5 316795208969516521
6 8 8098048379301555
5 6 96588492289748308
4 9 315401952771529332
6 9 191413428646996990
3 7 114374915088756555
4 7 343404121457952140
1 9 310336639944304853
3 8 242463518582296013
3 10 229249946580922138
4 6 78642903262719949
3 4 194299032588597125
3 7 198447833826635101
8 10 85466333075765604
7 9 5710174457838328
5 10 163383772911462219
1 4 674000667193631558
3 6 136389125505627267
4 9 255939907609242087
1 5 615913535111492132
2 4 338398801856195785
2 10 233059827623014183
3 9 267924058097184913
5 8 186509899515853148
3 10 51846111905564854
1 7 359013254021661791
2 9 267259627327310671
6 10 214690245138132219
7 9 70942515112586688
5 7 168006616504844017
1 3 121539158175272924
2 7 551527936300605297
3 9 12287091307903772
1 2 190477905939014150
3 4 20034932003942326
3 7 426073385901777106
3 8 164815068719193456
3 10 368001647942114399
6 8 230527576559163523
3 5 366891511978388535
2 3 20571658486935902
3 10 384426443853878053
5 9 259386146082921252
1 8 875796878380363625
6 8 108325006343312155
3 7 104069821231234011
2 7 550069994288072085
7 8 4462920426672622
1 4 812767658867651586
1 2 201658334556339134
7 8 83909485132693269
5 10 147306208800120539
7 10 186592796988324938
5 10 55689937389946208
5 10 37267258611350565
7 10 21166501668088297
3 5 287790371537416510
3 7 427072344344857882
1 9 208440223364153755
2 8 24899931179907988
7 9 122118038536575514
3 9 326439597968866505
2 4 418776674825565593
3 5 178340442573043103
3 10 350415996946062476
1 7 100467267904312963
3 4 314293268872038405
5 10 134902886268487938
1 6 971017370184404965
6 10 199405859053195150
3 10 374136843995107479
7 8 122348886528142839
8 9 126671735763148096
7 10 99741069728340820
6 8 64358040618092271
7 9 170961578117753104
2 8 96787182785546673
5 10 165935124271463638
6 9 181863536969665127
1 10 158599254875794284
1 9 722876770099632537
6 7 169821981863624054
3 8 4231641363880211
6 8 111761136440568068
2 7 221428145415590540
9 10 155091387411001610
4 7 199270756119486267
6 7 186645252899550549
7 10 75970365113035479
3 4 2620615219826864
6 9 46726321111609918
2 7 351703319829249854
4 9 46872055102443312
9 10 133527393116953954
4 7 123714803187255125
6 10 110896536289380234
2 9 216811824688347398
1 10 3842434044354690
1 6 441480264950114685
5 10 181788219987011281
6 7 87470449715987138
2 3 207672043408620329
3 4 410946233643109468
3 9 1193806410259997
2 4 53371596554245793
2 7 427969510105452577
6 10 184410381972214778
2 6 372655132151270813
5 6 185334905416542025
3 5 116623627001906449
2 5 360288641728542374
4 5 51757785816592157
3 7 92604667252464847
1 10 217923516968661037
4 8 82630594821633304
5 6 280819283384483794
7 9 8166148328149332
7 9 102944952887983231
1 9 131995883400969528
1 10 240927907693310785
4 7 44895140193642426
4 10 43767730429776584
2 9 380782476367635843
8 9 103678135799510542
4 9 38415185146744132
1 4 918027566987785861
1 9 72706000819155147
3 5 128492503364291367
1 3 355571151630994775
3 8 104188962943630296
5 6 125339917040440288
6 10 222381647837767804
7 8 210956019905360041
1 2 911900741120406968
1 10 257899829438320398
4 7 70121599433422001
4 9 332033176931327031
5 6 286647966115947345
4 10 31287613823568752
1 6 291606378301783349
4 6 165673236496816104
3 8 28162023558447865
8 9 219710969412335038
1 3 180795910831685585
2 6 384836934404781878
2 10 214513071393020540
3 10 186429222796142563
1 4 949565463100921141
1 6 511939996399363971
1 3 299880493463464982
1 4 591635354257903807
7 9 218403690106264658
6 10 153167251511068597
1 4 575158844010984937
1 7 671812974597533734
3 6 157921107074313408
5 10 163984764847310062
7 8 111946121530454177
4 6 186436941952163888
2 3 189339963849055649
2 10 379863504598956768
1 5 798557362717262894
5 6 192435602129077255
3 8 83675433998042854
4 8 110450521826217833
6 10 149331231455559779
7 9 56968303677051436
2 7 203020156469228544
2 9 214508449382077647
1 8 955541877280801943
5 8 196658659259422332
4 8 178637863527807969
1 10 910026810689605882
1 9 614343790447745469
4 7 303359453510042043
5 6 178527361652181604
4 7 49388536089790157
4 7 145725816011226208
2 4 428484903794629711
4 5 284285241555398055
1 8 833561653008278460
2 4 242918888269952579
3 9 112253383015272718
8 10 84969447607999047
3 5 49956323638021579
3 8 187815738068957018
6 9 167842338756380614
5 7 37369832192161725
1 8 835150522755984352
5 6 233965683036604104
2 6 151227124255184655
1 6 968749424661754343
5 8 49713594936906997
1 3 750659870565233608
4 10 5135738197976079
5 6 283489797761024883
6 7 114059428751621724
1 6 823794043014275968
3 6 201780664086553728
2 3 338608720293579039
1 5 715739202826962275
1 7 234079272328545295
6 10 28693861298560327
8 9 69737388082879705
3 7 5975311295386475
8 9 102748412716248636
2 5 87381970500836378
6 7 125830138812268969
3 7 251161928305914586
3 8 267447668431433775
3 5 338246855348422587
2 10 451842390581405778
2 3 333483737939571478
7 10 9390620651691405
7 10 17189361017269812
1 9 896620515386265469
1 2 326388947005085964
2 4 116340848720901923
7 8 221754634364928001
5 7 183941108324141576
7 9 60278267209720339
1 10 267844324147542021
7 8 226319272806837429
4 10 150785019212752715
7 9 230963771734275267
5 9 155503940265879709
5 10 9133588053711107
1 10 190098840602808453
1 7 145128091159260451
3 10 280374942127838746
5 6 329061651517134479
1 4 347939580973073795
3 6 121939409980486758
8 10 132855541366247263
1 9 460775927166930879
6 7 113788318803654929
5 9 51773556645581868
3 4 335261175696120731
2 5 598943896196338605
6 7 40121882751320498
4 6 297020438095376872
1 3 277538034606776395
1 4 488750038182544445
6 10 169292027413380139
2 5 245300608414820055
1 10 904685116543590814
6 9 184094900974931062
4 9 14142167972730496
1 2 55714232253006371
2 9 317769535954275262
5 7 97312410797270651
8 10 74602733304567986
1 8 823758134494878279
6 9 213995085925481970
2 8 14071649098915005
1 10 263891240383447056
6 9 10680282197871463
4 9 114804394208912737
3 10 244896243124776894
1 6 563355559836451758
2 8 333985842200999706
4 6 307326597891455582
9 10 58245425661796167
2 6 227272439677473452
1 8 285747753373976709
5 8 234487775463142828
4 5 306348971283576989
3 9 277120807656810641
5 7 57930941889757624
4 6 213189486966615581
2 10 270359117572027318
4 5 129878274509568403
6 9 14913535619282182
1 9 505435285956434069
8 9 197216376040294504
1 5 617922088494042910
7 10 135126827692344316
9 10 22431830109403654
1 6 463529331720031344
3 6 140118989135796071
1 6 136770475747657930
5 7 130713480006305669
5 6 279865728509731511
1 4 333369406558649941
6 9 41219849248689258
5 9 138071703158066175
3 10 120764517935426793
4 6 238173667981434359
2 6 378878414779878435
3 7 188396014189512220
1 5 55590768798549142
5 10 42086701273163732
8 10 16208238576418084
4 5 12956234065166675
5 7 271959128023221830
3 9 219691042597929429
2 3 357682326614692995
7 10 149539891511311591
1 10 572704968494177682
2 8 443878154758625544
1 8 828596260707963048
7 9 84236308176262512
4 9 99576986616688017
3 7 371267371293257177
1 5 300338355099777507
3 4 147980769364418329
9 10 32665270733428011
6 7 130166536275927660
2 10 407347551028552956
5 8 274332445134659931
4 7 121875952372811276
2 9 87625698782372743
2 10 264888019677502747
4 10 7154051884091152
1 6 151000720871215358
9 10 1585175591327614
1 5 933112145374323577
4 7 315244623639846600
2 8 306830916409928402
6 7 119979171013691460
5 8 59318446321960307
2 8 442656902664256709
7 9 160929755004325583
1 7 264033568873324527
1 3 756218247438761852
8 9 115152997052590620
2 8 291291871276733623
4 6 207866162244044947
1 3 890567954181611374
3 5 206498903521706323
1 5 796031579828408037
3 10 228450982356332526
1 6 919735227999689014
5 9 255525258776231427
4 6 160384707103781750
3 8 5172614049662450
1 9 980889117730600561
5 9 210988617922759143
3 8 231428540046060041
3 10 260514217286246012
1 3 431289255001199447
1 2 776957070574000142
4 8 154491613695548807
2 7 71262126205727995
2 5 537693359794516638
3 6 165096039824238216
1 6 382565360212070811
3 4 402162945201645923
1 10 313248973824831989
3 8 314782446559548942
2 3 427629562233946291
3 9 37636287989609405
6 9 104777226834683308
6 9 44045003506824553
2 5 521703851636772072
2 6 412590053262519539
3 9 308780357537445769
4 6 274411601314395626
2 9 378921557749318121
1 7 854669094611435524
3 4 352645025126373952
5 6 258871288792618726
3 4 481404498059137250
1 3 934832716586588470
6 8 113996198429117653
5 6 126415440946723038
4 5 168963022518008381
6 8 222270552525663862
3 8 232760305351150629
3 6 143128550210830128
4 9 37997425068968881
1 8 963252566464257124
2 6 221123496169177808
2 9 438812042286495505
9 10 127496449430695226
4 10 26716422338578622
1 6 616335700560481668
7 8 35969094807670761
6 8 121754059923751418
3 4 478075548767281439
1 2 966211647341911388
6 8 86501339337241631
7 8 189090430076881051
3 9 4825497448273718
9 10 144127676078398322
6 10 60012649324306823
6 9 50924317652655854
1 4 616940467142531477
2 9 172204969475924359
3 8 304192907637968995
2 4 78927620067024619
5 8 247738222469684597
5 7 84119785081047207
2 8 313632354928802928
6 8 61254950659700892
1 10 467614129289514038
4 10 107449657037721001
1 9 572868568602431043
3 5 457810748418139
7 10 50820464396485693
1 5 794686448122291991
2 3 660636096705711475
4 5 50535574433465265
7 10 192836379433256525
1 3 321105271774534929
2 6 312136325989241623
2 3 132435373697966938
3 8 143254118055770907
4 5 264612623239220590
1 8 977516962160881991
4 10 173307764272976769
1 4 183744233534267570
6 8 57686446429119195
7 10 79690192995738644
1 9 673150953340043429
7 8 27472081414966596
1 2 288114572698366914
4 6 190989040370441792
6 9 28750570767920645
3 7 172968948507252016
7 10 109759477374271659
3 4 123635235882335754
7 10 59078072543767703
2 5 478535197546284204
2 7 459693206624148758
5 10 35135718432827457
4 10 211497218645656840
4 10 217704982458158290
3 6 242378537992467160
8 10 29832712830576357
4 8 161018895263602280
8 9 194410759128678717
4 10 220431806370236107
4 6 3687772167274283
2 4 216112955507081587
1 3 551209913122262791
6 7 255288880910219313
4 7 236839765986929840
2 7 300148783579070775
2 5 397430249177202029
1 10 375583891844508126
1 6 321545043527872352
4 6 255364387387806191
1 4 958754565758550056
2 5 258330107917329082
6 7 151260447136676295
3 4 248385233226638804
3 10 74402175698746831
6 9 53222975784597646
3 5 442343911444057767
6 10 35071350454379606
3 7 210547945380822347
7 9 7244918660987594
3 8 358954180535941175
2 6 4791100807745353
1 8 777929836843799858
5 10 92986226540965428
6 10 91702346432512700
2 3 498190775870641079
2 10 356061017826965713
7 10 33476608714095410
2 10 20429372552001114
5 9 9897728643649607
1 3 483985190379446172
1 4 887885038800783027
6 9 102468583222789894
7 10 178420754097524039
9 10 143175807216307546
1 3 519824203573626451
4 6 298483386304826159
1 4 245568804449442061
5 10 173000544137404344
8 9 185541510004058515
3 7 34127497800955722
1 5 363255062562647129
3 6 316490609627002971
2 6 408015460925551176
2 8 34044634425644780
5 8 279819026027012306
4 5 21701018922438717
8 9 163704371999499501
2 8 114701162850513972
6 9 108386628464800020
9 10 75628319749081392
3 5 76169345832452456
8 9 217976205472741967
5 7 269093285183875767
5 10 145065768813785686
3 7 388416689521576026
4 9 64153371625396733
3 5 463159414214907618
8 9 67203192307677804
2 7 273066402648886460
1 8 990883319735530604
5 8 195769719988969086
5 7 107229831716212888
7 8 124681894754528939
1 6 598575295101079338
7 10 37868861560043873
2 3 56816400313019517
5 7 55330991615311543
1 4 934427038592658488
5 10 124689831617093091
6 7 162474576107277152
2 10 195170684650467847
1 7 946329064600247892
2 6 431203952659569795
4 5 208227025561120754
3 5 427059910011030837
3 4 175843317255730776
3 8 78698964963899444
3 9 191837153099342206
2 4 35042930486620879
3 6 239448224713883050
1 6 864469950392710559
4 8 101071619410572260
1 4 286575206477143285
7 10 192835879717505720
2 5 439786138257816795
6 10 196885677098517340
1 5 907450306597038968
6 10 62450366685322312
1 5 657379182822514932
1 5 638372431728253563
1 8 70504656404248312
3 8 374848809487106092
6 7 134199890362022422
1 8 357111556365698121
3 7 91351927162833204
2 9 497785359234422667
4 7 46055622173617869
3 5 406614137950589493
3 5 78484772050066028
8 9 85617738473024403
2 5 26231704329193485
3 6 274858068643904851
3 5 104631622658179766
7 10 96044555150620539
2 4 168329159080533065
1 2 770773522059803931
4 5 118622870042137597
2 5 589556429965453531
5 6 212066006154291793
3 6 91378415965098577
3 6 222896700742522022
4 6 209623196082218271
2 5 62902876496208439
2 10 283988761438943480
7 10 88377011713110724
1 6 232640096727793239
2 5 113007031729755464
2 7 106791407042410706
5 7 218888250665121216
7 8 126716806400913102
4 9 79304030956344120
5 6 3659734013528666
5 10 173426556819729396
4 6 243001329348833845
4 10 108525485381456562
4 9 275461182297906999
1 3 284053753603559454
2 5 70680285206885335
6 10 104040736087874967
7 10 80481068333594118
2 6 134847930897165042
6 7 138051838016461901
5 9 105524046330115769
1 6 868563747434306270
1 9 302206162930129513
2 5 335677999189987238
3 9 262082027454027357
1 3 449563892968969558
3 4 56691194851228914
3 4 35386922997258573
4 7 211942473102582008
4 7 348176696518845833
5 6 52940864268153894
1 8 32344754865808561
4 5 169081639431692647
1 4 440449947880594535
5 6 203776911306431802
2 3 187071330154938119
4 9 126316711344687677
2 3 599361573277289137
4 9 171032095767943943
3 6 311252722396264078
1 6 102988068188429674
6 9 69285705488367457
2 3 16593054564005438
4 6 291141166127363277
7 9 156487875951982706
4 8 139325354374921263
3 10 128344340997065735
6 8 147911185307137690
5 10 186866963397723039
2 10 407867529253186059
1 3 88858109811562387
2 3 4864296768312179
1 3 529932508210254392
3 8 76354608387153249
3 8 237617514261310592
1 2 372273269138910828
2 4 411297891767158857
3 7 160894086379166986
3 7 355452029972886367
2 9 463066489912513475
7 8 158253604304619921
8 10 38443058054000268
3 8 312129827794705100
6 9 29756934694250408
3 5 431605329917722944
6 10 207801382962402705
5 10 163155667270595132
5 7 236764850156379120
9 10 152879630612611723
2 6 103027130641577854
4 10 180607769580769506
3 7 407170079812027668
3 4 154529276137853794
5 6 193838602798202951
8 9 59143500607153011
6 10 192410009774050129
1 10 339262360914552514
5 6 231207996803732193
3 9 243425244807846210
1 7 95641996809532564
4 10 242113029531722092
5 7 91820594740086532
1 3 13914674903093818
2 9 313848874265218311
4 8 210029690508114217
3 5 45276325392559451
1 6 744993478082454196
2 3 228792407497324648
6 10 104476163079817021
5 9 142019995020958725
7 8 211268608354632242
9 10 191792900032893698
2 3 424494620127929454
3 7 120522686214655044
1 3 134033257936806960
3 7 407850975921112655
8 10 124403389516535863
3 7 66197367322829150
4 10 133004752605001511
3 7 11951282217504381
4 9 219927474966018135
4 10 209093478912363185
6 10 118212957568255255
4 8 61082590831524249
4 9 226339224630919082
3 9 302108461389390244
3 5 230619832397810535
6 9 52990133197936487
3 6 3318109823528307
6 9 78973898930186158
3 4 154394725349107506
1 5 605559369915143360
1 9 225013104189384286
8 9 96546310784039967
8 10 173221895063345493
1 9 868239128910057992
3 7 384379936552743927
3 10 43750005722544618
3 9 44339669944448038
5 8 205772463392776597
6 9 93897661144670903
1 4 190697684742054243
4 9 198001398059438667
1 9 725448358822990399
3 4 108496219988047523
4 10 65143216498315891
7 10 219959848194470762
5 10 128544847885026298
1 8 508471457356705971
3 9 77642958187652116
3 8 343908046263169806
5 6 42654034850046643
1 10 132877349126364734
1 8 674705931973746355
3 4 364115197712625509
6 7 41782368985352668
8 9 206695757494877759
3 4 392266467681934072
4 6 29204518873121880
4 9 281625966706532388
3 8 325313150617595837
1 4 719065858435411041
2 4 281217918700256368
7 8 107186774908880840
8 10 25653728600357792
2 10 456717810272301942
2 5 148607454958446319
4 7 355387836717957945
2 10 177475758858270491
1 3 878732308826980340
1 9 979620203598795605
7 9 200141566539343407
4 9 67550783776160786
6 7 181336159000784511
1 3 1194484537791205
5 8 254142549936739637
3 10 350062599291529802
6 8 3520033073288016
2 9 36182103635531462
2 10 201641601303079673
3 6 226561534728223028
2 7 33553856780314898
4 5 61745409538948774
1 7 102205684510758196
3 5 414335178982415266
5 7 8914290932136204
3 9 272239587607943323
3 10 154923739158811646
1 3 35568728766828449
2 7 534890309877360279
2 7 481012739670477268
5 9 34836780257153044
2 6 468818923681278837
4 8 154113827910591836
6 8 180464160652601368
7 9 11169412794839177
1 8 595591065507248780
2 9 68592769779633215
8 9 52127524571781836
1 6 644591424969836067
5 9 74606368884619564
6 8 143725310741583320
1 10 668030898953460380
8 10 127246527799211259
2 7 538707223570471129
3 8 367183491794777826
3 9 14323100387361974
7 9 145270502784703397
4 7 194071113812838885
6 10 93379836223770064
3 9 239019897603672835
5 7 93545038628938826
7 8 155739389578583485
2 10 92763804594033093
1 7 605570003504452745
2 3 314517308783085174
1 7 276786756808266672
6 10 120946498459772715
2 3 665078571044221312
1 9 999986962979282372
5 7 123919017381075878
1 2 511082711387598750
3 8 348704635253557085
1 10 192419287230760313
6 7 25156751466082596
7 10 155289836508554107
2 9 380351475582243467
3 10 270201152263474292
9 10 58530815985267531
4 10 222000379294831832
6 8 179662752687482131
2 10 493426539935829789
1 4 35114425234963881
8 9 158490604011315084
3 10 189652782226540735
4 6 65094337144310315
6 7 247301833340280713
1 8 396594176393373408
4 5 263184842200573733
4 9 80595882450848656
4 10 34940535792600330
7 10 75813437387666955
1 8 453474282281918544
4 7 253123143490000742
1 9 697310499845688582
5 9 274066069400798124
2 10 130215982176238813
5 9 95373642656420026
5 9 239452662245025463
4 5 150461848212976705
1 10 857968484692121982
6 10 137122117155437192
1 4 277245729236375084
3 7 263472501032945488
2 8 286180912805470842
1 9 325362090078097589
4 8 79414755347503810
