423059292718246316
386149422517386163
291095745820787948
686168560296724352
436035854235254456
787668183983443154
110093707739217695
246812257278442639
459901765160838992
474894758922758403
258216391059068608
703898584955990074
35218633200931576
348090408986955048
146970828011661560
878981459976938810
450980566736657076
790492895505341560
469285947143999355
554137273859507860
898451310474242830
836428101072427338
875108831604014786
861797418945745557
324992304652231573
633261487086408208
790642482579169928
725880867704169720
995832132253051824
978308768482627960
416186130264071699
805208508767245090
991244458590595008
383409932674624252
196622173520398827
987387106335091149
899660486697748280
487712791621901132
986669921445384026
15765785347275882
486449072696783718
869727246606538329
789005604001799695
330065041994533100
15513563106354328
333500109745287388
765602308397538755
457412851716050528
32770785182608105
390939536180206651
472669540960908327
900581981813767164
620059785022964604
435652417538349345
134420220204531719
229538645034716834
468671314029617725
73102371810939748
133545505985836820
727464542823612195
108130224127698782
927466736928559366
68235878899967392
235660949759855996
306437707543743957
74989827133248568
545467674715852855
381237479994168355
393055589425137276
47298000733878110
144769590255252461
486597025362192680
525939894664127167
957091492780935408
959770842590977064
508653189889824378
767671331128048774
695255135886966234
890362390196678100
475936008837903573
328226985702681660
324977622922282763
886455531588497156
157634265964021585
558063677795872272
402480552845732416
872588552628850506
124978644765463311
286894558688071092
397353220919449590
612667396584072887
415417935228526339
295044005420232516
940531539930821648
44500037904967312
538205531212986526
10821951948258689
258957058519923894
454857319173053472
989199708074841144
743721250026571456
783905455850516410
332502524543452350
213958483302121900
431952664779167284
913335159544162725
779173860822872939
248687051948050311
645502666407404805
680337941052954926
496142155958031078
75172527857793945
546608147905720323
610857465101757950
170057562911400354
843495177872299421
116934005965331455
908283027351462720
655403950233170061
387044291797517634
60115042428456750
6625144456041303
628902010217474166
207879239687397190
704691345633270660
657716690288851196
494580544363489419
854761638931070695
735797254377366438
284551046718909845
392629919006608218
940863341558740056
905912434924348326
411113146390115730
783701860104034392
241463156015032227
461170433084243319
192698477442990474
256913659383505872
663567285637671839
889871932857261585
846470544318275950
237495182475054238
799041062685042557
707151903922591524
724596066264190532
540903958429174200
483955260617553128
503161409099957044
890307306333049280
159577013154924874
700612843406545592
674523349837481142
393827621264265696
244889457815244750
774492582592490032
500232094489010303
597703295567781721
862710397850221529
446868304524198522
44727123909616088
408897909261057042
497321946910131966
753903597423045515
881420716317516066
742869582541123632
730091145265018208
925948674612277128
562569507813071297
477674841430571840
674908445725352958
51295234879025536
588424789957188180
888578275750075316
563309284062125025
204933669842903150
525041739702937872
28197997630412938
608030691566953918
10506407593325874
433433959146021550
475157223915833756
597257604562781704
434639436963141160
849180471350013970
889423401867046730
965076268674668640
213508691774709908
393837804883508996
231590933626020778
834764528412700557
166353690664186977
143369691717953688
772376065971982350
688535573647144559
868388644366017786
222328210645706031
90460585959739878
653442906622466656
5884838986029975
617346010476567545
250851542241166808
761843515007484332
493255354978627158
755576278416469404
505049240682718770
532425546582989838
348332901268840952
692383207017068751
588423259881201702
437688837466458476
986364155583154290
758745106480178565
11457268928805866
122608932337646150
141711797692570985
120237855406941312
791988022423791304
32392193517206220
289765476869244924
946205858314587996
861360428911486455
266874801873765295
961531540082265992
310336639944304853
581912444597510432
573124866452305344
235928709788159848
388598065177194249
463044945595481901
427331665378828020
23982732722920977
816918864557311095
674000667193631558
409167376516881801
767819722827726261
615913535111492132
676797603712391570
466119655246028366
803772174291554739
621699665052843825
129615279763912134
359013254021661791
481067329189159208
920101050591995226
297958563472864091
534566507060867325
121539158175272924
965173888526059270
36861273923711316
190477905939014150
40069864007884652
994171233770813247
395556164926064295
920004119855285997
922110306236654094
786196097096546860
30857487730403853
961066109634695133
897875121056265873
875796878380363625
433300025373248622
242829582872879359
962622490004126148
17851681706690488
812767658867651586
201658334556339134
335637940530773076
736531044000602695
816343486823921602
278449686949731040
186336293056752825
92603444797886300
616693653294463950
996502136804668392
208440223364153755
49799862359815976
512895761853617160
979318793906599515
837553349651131186
382158091227949506
876039992365156190
100467267904312963
628586537744076810
674514431342439690
971017370184404965
854596538799407784
935342109987768699
489395546112571357
570022810934166432
436367180061491090
257432162472369084
718038628094563038
193574365571093346
829675621357318190
818385916363493070
158599254875794284
722876770099632537
594376936522684189
10155939273312507
447044545762272272
387499254477283445
775456937055008050
557958117134561548
653258385148426920
332370347369530220
5241230439653728
210268445002244631
615480809701187244
140616165307329936
667636965584769770
346401448924314350
475270869811629576
390261284439025316
3842434044354690
441480264950114685
908941099935056405
306146574005954983
311508065112930494
821892467286218936
3581419230779991
106743193108491586
748946642684542010
790330208452349050
745310264302541626
556004716249626075
249907772146942390
600481069547570624
129394464541480392
216077556922417977
217923516968661037
330522379286533216
842457850153451382
34297822978227193
432368802129529573
131995883400969528
240927907693310785
125706392542198792
145892434765921948
685408457461744518
466551611097797439
115245555440232396
918027566987785861
72706000819155147
275341078637767215
355571151630994775
250053511064712711
376019751121320864
953064205019004876
843824079621440162
911900741120406968
257899829438320398
196340478413581604
996099530793981093
859943898347842035
104292046078562508
291606378301783349
497019709490448312
67588856540274876
988699362355507671
180795910831685585
769673868809563756
429026142786041080
466073056990356408
949565463100921141
511939996399363971
299880493463464982
591635354257903807
917295498446311565
656431077904579700
575158844010984937
671812974597533734
473763321222940224
819923824236550310
447784486121816711
559310825856491664
284009945773583474
759727009197913536
798557362717262894
577306806387231765
200821041595302849
441802087304871332
639990991952399052
239266875443616034
355285273821149952
386115208887739764
955541877280801943
655528864198074440
714551454111231876
910026810689605882
614343790447745469
849406469828117720
535582084956544812
138287901051412440
408032284831433381
856969807589259422
710713103888495136
833561653008278460
485837776539905158
336760149045818154
424847238039995232
107049264938617670
450757771365496842
755290524403712763
118904011520514580
835150522755984352
701897049109812312
302454248510369310
968749424661754343
165711983123023325
750659870565233608
17119127326586930
850469393283074650
399208000630676034
823794043014275968
605341992259661184
507913080440368558
715739202826962275
234079272328545295
122973691279544260
313818246372958672
13942393022568441
462367857223118862
145636617501393964
440405485842941394
586044499380467367
641874404235441060
724814690032334115
903684781162811556
500225606909357217
41083965351149896
75203454450555430
896620515386265469
326388947005085964
232681697441803846
887018537459712007
585267162849541380
253168722280825425
267844324147542021
905277091227349715
502616730709175716
970047841283956120
538282870151122070
45667940268555535
190098840602808453
145128091159260451
700937355319596864
987184954551403435
347939580973073795
365818229941460274
664277706831236312
460775927166930879
398259115812792252
179216157619321850
670522351392241461
998239826993897675
140426589629621743
891061314286130616
277538034606776395
488750038182544445
725537260343057740
408834347358033425
904685116543590814
828427054387189779
42426503918191488
55714232253006371
571985164717695472
309630397991315709
373013666522839930
823758134494878279
962977886664668865
28143298197830010
263891240383447056
48061269890421582
344413182626738212
612240607811942235
563355559836451758
667971684401999412
921979793674366746
291227128308980838
454544879354946904
285747753373976709
781625918210476095
765872428208942472
831362422970431923
184325724194683350
639568460899846744
540718235144054636
324695686273921008
67110910286769819
505435285956434069
887473692181325268
617922088494042910
591179871154006380
112159150547018270
463529331720031344
420356967407388213
136770475747657930
415906527292790765
839597185529194535
333369406558649941
185489321619101661
477940510931767530
301911294838566981
714521003944303076
757756829559756870
439590699775528512
55590768798549142
210433506365818660
81041192882090420
32390585162916688
865324498255705824
659073127793788287
536523489922039492
654237025361988210
572704968494177682
887756309517251088
828596260707963048
353792494340302549
298730959850064051
866290533017600079
300338355099777507
295961538728836659
163326353667140052
455582876965746810
814695102057105912
914441483782199770
341252666643871572
157726257808270938
529776039355005494
23846839613637172
151000720871215358
7925877956638070
933112145374323577
882684946191570480
613661832819856804
419927098547920110
197728154406534355
885313805328513418
675904971018167450
264033568873324527
756218247438761852
518188486736657790
582583742553467246
623598486732134840
890567954181611374
442497650403656406
796031579828408037
571127455890831315
919735227999689014
884510511148493400
481154121311345250
12414273719189880
980889117730600561
730345215886473955
555428496110544099
651285543215615030
431289255001199447
776957070574000142
617966454782195228
124708720860023992
896155599657527730
495288119472714648
382565360212070811
804325890403291845
313248973824831989
755477871742917462
641444343350919436
112908863968828215
471497520756074886
198202515780710490
869506419394620120
825180106525039078
926341072612337307
823234803943186878
682058803948772618
854669094611435524
705290050252747904
776613866377856178
962808996118274500
934832716586588470
455984793716470614
379246322840169114
422407556295020952
889082210102655448
558624732842761509
429385650632490384
113992275206906644
963252566464257124
442246992338355616
789861676115691909
637482247153476130
89054741128595408
616335700560481668
143876379230683043
487016239695005672
956151097534562877
966211647341911388
346005357348966522
756361720307524205
14476492344821154
720638380391991610
257197068532743528
229159429436951343
616940467142531477
309968945056663846
730062978331125588
157855240134049238
825794074898948656
267653861621513840
627264709857605856
245019802638803568
467614129289514038
358165523459070004
572868568602431043
981023032324584
222339531734624906
794686448122291991
990954145058567212
126338936083663164
843659160020497296
321105271774534929
624272651978483246
198653060546950407
343809883333850176
661531558098051475
977516962160881991
577692547576589230
183744233534267570
230745785716476780
348644594356356570
673150953340043429
109888325659866384
288114572698366914
572967121111325376
129377568455642904
403594213183588038
480197713512438509
247270471764671508
258466567378983700
797558662577140340
804463111592260326
175678592164137285
704990728818856132
725683274860527632
727135613977401480
149163564152881784
644075581054409120
874848416079054224
734772687900787024
11063316501822848
432225911014163174
551209913122262791
893511083185767594
663151344763403552
525260371263373856
662383748628670048
375583891844508126
321545043527872352
766093162163418572
958754565758550056
430550179862215136
529411564978367034
496770466453277608
186005439246867078
239503391030689407
947879810237266644
150305787661626882
491278539221918811
30428658376147892
861490033286258820
9582201615490706
777929836843799858
464931132704827140
393010056139340142
747286163805961618
712122035653931426
146460163124167420
40858745104002228
34261368381864025
483985190379446172
887885038800783027
461108624502554523
780590799176667670
715879036081537730
519824203573626451
895450158914478476
245568804449442061
865002720687021720
834936795018263320
79630828202230018
363255062562647129
949471828881008913
816030921851102352
68089268851289560
932730086756707688
54252547306096792
736669673997747752
229402325701027944
487739828091600090
378141598745406960
163220026783826691
980892924627338848
856205907403241075
725328844068928430
906305608883677394
192460114876190200
992484459031944895
302414365384550118
477866204635551305
990883319735530604
652565733296563620
341185828187950100
498727579018115755
598575295101079338
165676269325191947
85224600469529276
176053155139627635
934427038592658488
623449158085465455
568661016375470032
390341369300935694
946329064600247892
862407905319139590
520567563902801885
915128378595066080
351686634511461552
188877515913358665
575511459298026618
70085860973241758
718344674141649150
864469950392710559
404286477642289040
286575206477143285
843656973764087525
732976897096361325
843795758993645742
907450306597038968
267644428651381338
657379182822514932
638372431728253563
70504656404248312
899637142769054622
469699616267078477
357111556365698121
213154496713277476
896013646621960800
128955742086130032
871316009894120343
168181654392998631
385279823128609816
43719507215322475
824574205931714553
224210619981813785
420194928783964859
336658318161066130
770773522059803931
296557175105343992
982594049942422552
636198018462875380
274135247895295731
668690102227566066
628869588246654812
104838127493680732
567977522877886960
386649426244859420
232640096727793239
188345052882925774
186884962324218736
696462615752658415
506867225603652408
237912092869032360
10979202040585998
867132784098646980
729003988046501536
361751617938188540
826383546893720997
284053753603559454
117800475344808892
445888868948035572
352104673959474268
269695861794330084
483181433057616654
365275544988862278
868563747434306270
302206162930129513
559463331983312064
786246082362082071
449563892968969558
113382389702457828
70773845994517146
593438924687229621
974894750252768332
158822592804461682
32344754865808561
422704098579231616
440449947880594535
611330733919295406
280606995232407178
378950134034063032
899042359915933706
513096287303831828
933758167188792234
102988068188429674
311785674697653558
24889581846008157
873423498382089832
657249078998327364
557301417499685052
320860852492664337
591644741228550760
934334816988615195
815735058506372118
88858109811562387
7296445152468268
529932508210254392
183251060129167797
570282034227145422
372273269138910828
822595783534317714
375419534884722966
829388069936734857
833519681842524255
633014417218479681
192215290270001340
749111586707292240
133906206124126836
924868564109406309
890577355553154450
815778336352975660
753342705043024474
764398153063058616
206054261283155708
602025898602565020
950063519561397892
309058552275707588
581515808394608855
266145752732188552
824614327603071980
339262360914552514
693623990411196580
730275734423538630
95641996809532564
807043431772406972
292156437809366240
13914674903093818
564927973677392960
840118762032456868
97020697269770253
744993478082454196
343188611245986972
447754984627787232
491607675072549432
845074433418528968
958964500164468490
636741930191894181
281219601167528436
134033257936806960
951652277149262862
622016947582679312
154460523753268017
443349175350005036
27886325174176889
659782424898054405
696978263041210616
506626961006808234
244330363326096996
679017673892757248
906325384168170732
494185355138165433
238455599390714190
9954329470584921
355382545185837711
308789450698215012
605559369915143360
225013104189384286
434458398528179848
866109475316727464
868239128910057992
896886518623069163
109375014306361545
133019009833344114
685908211309255325
422539475151019062
190697684742054243
594004194178316001
725448358822990399
216992439976095045
217144054994386304
962324335850809582
642724239425131490
508471457356705971
232928874562956348
825379311031607535
127962104550139930
132877349126364734
674705931973746355
728230395425251017
146238291448734338
930130908726949912
784532935363868144
87613556619365640
844877900119597164
780751561482230008
719065858435411041
562435837400512736
428747099635523360
128268643001788960
913435620544603884
247679091597410532
995085942810282246
354951517716540982
878732308826980340
979620203598795605
840594579465242308
202652351328482360
634676556502745790
1194484537791205
847141833122465456
875156498228824506
14080132293152064
65127786543956632
403283202606159346
679684604184669084
58719249365551072
154363523847371935
102205684510758196
887861097819461285
28363652965887920
816718762823829969
387309347897029116
35568728766828449
936058042285380488
841772294423335219
120588854736299000
937637847362557674
616455311642367344
721856642610405472
46911533738324544
595591065507248780
123466985603339787
234573860573018262
644591424969836067
258252815369836953
574901242966333280
668030898953460380
636232638996056296
942737641248324476
881240380307466783
42969301162085922
610136111695754268
543399118675948878
400199298101871702
717059692811018505
297643304728441720
622957558314333942
185527609188066186
605570003504452745
471775963174627761
276786756808266672
518342136256168780
997617856566331968
999986962979282372
394287782576150520
511082711387598750
836891124608537004
192419287230760313
88048630131289086
679393034724924219
684632656048038240
675502880658685730
292654079926337655
740001264316106108
718651010749928526
986853079871659578
35114425234963881
713207718050917878
474131955566351838
195283011432930944
865556416690982496
396594176393373408
657962105501434332
241787647352545968
116468452642001100
331683788571042929
453474282281918544
708744801772002079
697310499845688582
948690240233531967
260431964352477626
330139532272223169
828874600078934295
376154620532441764
857968484692121982
587666216380445110
277245729236375084
614769169076872806
572361825610941684
325362090078097589
317659021390015240
