405683601830703696
729157366622478456
836691886863367612
533173289511332910
378076274402473395
907778927846004375
645514445849909462
393174418459021804
608061545312929320
217295519480800628
194003522727286340
962681121380731872
636280814492226484
568398386808628350
460136074466258099
858414139400267142
115178079245967276
632204541750915810
862092535979364711
507522604808313904
955624414932974761
212177608366035792
231693822539866440
527434390963779865
867325888503567048
984507908857033543
861447254985200466
288334335441994798
115206247072912476
498662280063205888
7449601478262328
193531049067118910
453609811321502370
777024062428958661
738688802867293276
877924148444118757
330419212997505177
646530331213987176
463240585512069302
442642396995540546
317055243184301712
962320512448208130
359610655607844366
625646387381336384
151280237673507690
815887145750077903
407066221401860507
490629058211804393
505717559665584462
251593180388892522
568610749678324635
696391646885891046
940452770717307276
610688891354589988
104808663002527823
125528651068529612
447985592974502700
906693666984601795
490080268854240849
659505157797979345
68780889955001028
42415114972096775
640780495192740978
939523083448362633
316416309414932860
519759710401796214
668106834955287018
376428380746862925
147218808992332131
884897268642060324
814659738390656400
177793049233709052
146664653213985860
355000594567589180
124757730974097130
707402502141362450
224121207759567300
573992732914795328
243447945745732542
152514119741303320
380639839308970557
526621839057184820
907717735522030384
521935116562510360
774783421500710777
429340000061697950
138935354135284675
422380874310044820
259155301381260081
225297192440396986
803901434118085478
928290049687580188
979033492350011910
307957029624672350
403919486568953310
841812114863950321
786409154899657536
272692312512617472
828230544501441750
91522555341331050
974770553121157730
910676838396937095
636814592413362081
340160787349517225
93251808149600184
42060100406097204
92600375391980016
412027803280877058
340696137926941020
143740358830253538
375902868470134895
553017808546522792
346419397084142511
95998607981396562
418298942220177447
818573924443000880
344978942331683000
911021043512531832
889009718552805098
28921511438853754
393487203666529820
285836697093749986
5355317614046072
315890237459887430
893833348786598114
390703799320827859
189756312506671686
875026212127994754
226865650992338580
895336034356457670
549154979305762401
452063793478531828
179421885540454872
525957036022354628
547360833869642080
510060745684229120
365765639382703365
416762641131060700
262088780902798073
421729839975506150
150033973570804204
431648479526468408
817354437346573272
645951494749604274
405830157949563500
144668463149125020
887475677836993220
547417269974791260
714185893464464111
876380686898670040
137727074923453552
666355497869792760
41028198699327864
225721971194716584
502308729691269068
297056787218379504
600861265891244703
896438739188963952
337440698333302372
453498219969968647
233852004799923004
833504138082334648
107383923809851752
939895693221221428
150424674003580204
949821417710619657
493243088710830480
625066628724888480
97256790839722017
633363177601203412
670391451058838925
25623394376917612
820985516249513700
349405361777274087
464318479954605880
815538985090709600
708250233533450496
923104540266932305
557486896857238270
228088636710139374
659960023148960178
348059387593760466
810955239166974960
572578685765827124
372632372219177636
505859393116292488
923198729677357976
683248431219872832
418519743504687405
45187670713386340
487126085886607910
907027734457328756
552020632987412660
232843938860576673
20906826218418294
508723263594291081
464063915930695164
753472213529285052
556182769385553063
605552770056847743
286133783209387419
976272364580680674
179341499491426959
707313579270587350
407566735469445992
369676808416809160
160201452309746538
395190027293311523
489965033516906458
915655513677039736
614695184655503232
778251778932262725
176743812760941956
94751319631904916
188441722652773149
584234567521019224
889358502408315588
847638374959631998
690668411494050833
385230728417119424
281782319848396728
55117030453837520
44407281350904
310063458693523566
901128465487788210
817328238391645016
790906807995259104
653259936857722928
171743978083128090
738660073564116060
855864373637275848
22316409911028320
520923657429210000
146919281371671420
753430076151312798
855328936955988924
497085363631913268
262910920775887347
117717444469945044
950915922046387080
621445180373433727
82202126657947670
144389018908526832
374617966454359700
662661233123119440
142173299062121916
482671046781439704
720449186572671768
989085185792318306
326013606677204457
358188874636934880
782540349233875204
644814708266304760
703472511098295702
264570749693858750
568045356431012782
99191425794377040
652557893150729618
546943279306917024
781002771231054820
221092288895913616
879788753371953656
808558217130926960
519276940679930403
579815370877575307
80846994944200590
892110130542443274
929752612971248742
972754691730658212
863723725698375695
65837555094787065
820950513338765640
248287423268737458
999784420963115175
812462598654912744
759613463155096658
406486820018712888
929340539316725536
911621165176922796
587571238996343517
544935531709550817
963789238424793626
520233630450676636
646768233325007770
546058122893416485
157206555966301032
674687408518041906
169285090964671480
744644730798618000
497277220042919137
307540776292932490
292058609088819530
694870726199082816
43311634282414630
216501959253058752
345653744181632094
524541961609859900
718502088763598560
106262494420290327
727057641040988466
781465926537226444
184100979434384101
724812352471534092
757383015183607638
342698643560235783
630897847355749092
423723634405473930
86420013028636914
614185110196192197
49399259264676928
775559436599479948
960594997106608712
149781074941298704
41350538085836532
97906920213063990
272903830200833028
166488119958316833
310309403153253216
601175865433224885
65380649233143195
554555271570824601
120278329729446468
360903264074600907
423127171743296720
21890433732827859
994743984329466140
908922264696703187
616088617660519080
987285851783819460
848425722764711304
315044766495541728
406761822311235972
871506419933038135
553836566564717514
607841067609404552
832956873552743850
916581139241165811
633854130156697266
489725617929611875
443431964780163587
509458221052505064
973978481124328977
322173348025609792
461825263641520044
45901692551320562
316977387329149218
672073162477817625
152956570688750850
177947783623471752
108573981615218120
553655705552494218
634459164171266142
830252458396975909
529749103600627168
304349843734020040
335321472792174336
628167293394548835
405339869982760160
798526249803353364
429244639439510862
630248090967992520
347682449483980130
845420897275047520
67181602497481530
402124383272356730
178483494897869744
775611693442832532
556390430685763272
938196079247386653
603990548863635640
458761362137053740
316611670872640125
860189482549298287
97506848686362035
876834337452367798
918532622773027306
666870554795697390
155895176817688736
673772309031246080
424775887941057165
813654398257655360
300873635127450402
237692140021549622
907590272878368045
118358098079334624
739017846781520253
508977262082183321
416442611787377118
88933248336616614
443585576679344759
886372127886034174
511677470837058296
892592010986899872
783374687058611752
314887560139321692
188159570798396021
228869048541764928
89230517582855124
840941312249580380
67121335851058816
226008640041766044
110686713365783204
901823635809705792
476547829854571566
264929376151878984
822630228405152517
255591515016892444
332887826659702612
591847782444895575
698046411783355680
897922741926111678
757984130639182170
605872778302340696
803607717950051034
521335719374936740
478730150167124790
29866690336407560
62381939731705494
949655773594458425
271558709775092575
821259312403336491
328033934814335260
884547469615150971
687525599123507630
51935171982401008
139569945877903500
801029710033354449
516095090645256464
180451650894728675
353298921192161824
36752312668145625
238519025790605616
505512307759440100
560199597676007949
46194349195528704
273215700882368475
860002743720438396
625291205995324672
492534042778691682
888344691194688810
58313697429321798
346181262801056026
481500051743514167
550123248382129140
767676275438867895
215496419957128448
15348275067759300
17322782153723881
195933191723878070
89862981056956445
152743999984015304
443283079313568985
300407861495249999
13071770778876278
491938528593161900
443833936420868015
997269245780995060
390940417269185025
30939115304385673
407851169855839952
797643073148391855
738634136858869572
785296352884022410
838029501296978580
218171458958960910
279773112782468097
518499891634294154
750793612055733120
80894013966015186
44857321033351745
254517980138547300
805374034415387003
654252746038489136
877400969150852289
300052377757123972
384793216758448278
408471254964392772
953150166930010140
206717514804366495
346739750948210382
74443849968966040
349874389068086610
375816595135502427
847403352153218475
139924237000972770
971162229249608092
310954877259838734
856235046396943915
571013838849829908
347833568987508750
66097079126562878
951609656478518259
823638499681267456
623640176301231741
292281967075910812
552337489130243448
672386727698416357
916366929769710108
990376938256613050
409246855063957980
442794725310046308
729460015384947918
323073992449150944
975329800025152182
487493497680496216
543759452432002688
185657741333964800
946522391815045464
978385240297307896
335914590780209790
360811736646340066
7412724526059832
455399913687289218
604962856401086330
532733757482726880
939081785839101030
135647483105154879
266178953525009994
603491718051358248
334868616091984263
203676682241771750
804488604708759408
798092250806580144
649603139488977912
711320573078289828
107818739986700466
165235800970029459
696872684030995614
965902102187952460
987911878084559720
640444727367638214
742858430622187939
753967170673870604
487108442501486614
995919101258947666
646488922272012984
776535908304468240
228479334341627460
477188379955026740
966508475264174570
165341492471416732
608361429673856880
981337900820514546
712154414493135159
584130416138219041
349528139337008275
482953776687674496
294515565701325030
363698883113782493
339873216607090452
215930781312504895
283264476587464698
29681808392415048
569349337264671324
813217845721736250
528074294968452402
382389262101346032
989237889814961826
31340140732950231
842545334754094608
640286041324966701
829206884954944584
574328635307059752
650200581212235980
291758067378486000
513129414836333988
934546261210576800
772117546120596412
612561301646900424
169728059927493672
554294239107310702
886398560742928277
402678876837787875
687077969390410660
915837857145823502
228431713201428829
136909239216686478
505933517219622427
609580309924048515
965280182129849313
96323245232466863
548935225655964048
668362877253172206
531034076219164800
209667056269274634
499436771473738376
714751925743397640
218041207337450640
985900347846775296
953446065698094218
701367502562086920
876827375508387936
308616440481492876
680616566777237877
310419192013752646
219711821617132190
933580339204741120
974363762992880104
203909043953795115
940748890355813495
52340957941662570
722840637919775235
322956591812187619
746352531869547435
560780065228040770
166395608520515460
204402584129299360
966853856925175265
176140424179539216
794741936728795697
972875137107527207
181920754331229976
497721780851916125
785124523507996792
641857478823501990
60205140544752017
653067814176924594
824354265196183936
313489638115279208
389156083340448636
551148501751969825
395236402876429610
187364919761004783
452061486267471828
773421990051093240
324991995444210328
686438053117267275
110687703260989525
129900548454055608
9664565810433029
241386870553518976
874217890722506412
90427572421540038
22136567125186044
361148915367693600
198012965984959497
87350489338402468
721560708848106750
449623673300238855
275197319996669256
432612933796461059
853090669455038916
344457154132664566
65601798629597154
360850619609071970
243040129409631200
354953750470375950
71388517023332964
161358831141945255
560777689287242817
255341117932394940
420783567376955936
698972054788385530
346225165670915556
928057020967070577
510314207721603670
199657240583178834
778905543305723292
518539174256734128
340040036400923152
987234411020789294
990643643193692158
758009735684130582
20631089492979060
761219917227102645
480841661132552192
812147444277615234
251756762960838828
612337927872276306
253108463512203264
64064523699160488
995997980721871036
491113395040822544
294613928358891024
203662938270195891
377165348562882051
463201751931973264
199437797053887532
529167489641472088
694562654699094294
888827553898527750
611411537513753004
780433837137729600
465783450906618240
496468532198266848
2730936059669520
890213306151498517
645347787208845056
130065499846969539
488675189411215590
748731952041171054
939393843488682430
823498325547312864
971389183603520816
459708571786931049
779142873806621460
529330405294289768
461081289386015397
725678847887205080
746365448512004650
623573901673029120
355082561048779440
626326879012886500
221094349904629800
317615497628727444
375867284309664622
352213038459210752
235426367141321741
937826528072551240
887156945498151114
652156070621870272
279695959536543678
617150557551516846
306601112863020708
178045810583560365
277188056253542276
655322757486959520
313598110785155995
283211344706221437
770888626460937390
231721985730746940
331734689839240353
353490740274262460
509641643714215488
275663010676967385
801709895189880775
231038930304433097
400374290404414704
528064799792069430
728464091875253370
336682221020310496
74716081146384925
787623521894036568
941283424312149974
275921609078788948
405462865043476032
354859942653173843
442172163927449046
117538322285203065
567919275549450608
427291072479697608
983022671213955204
51344029839518220
228439622366063010
993148701239166472
781899443044828224
30317742617647737
4918658200343629
254766857721773364
807740160376168575
572685323462171677
366597742790054916
825547044605268218
686011980861387621
410539948630321432
105403134478156704
305986624896568886
132560014278052872
491425063447193666
523126193008556508
763404678305016132
758133508194477048
528724630324496938
581126691398730848
512841591850519388
893115841708774372
89635018554630312
567401266344937059
11693974443905502
747019452654384294
508237570551879355
433284708977236094
368691214725473558
504906282509581422
479406471124123410
376702399025821077
420427840814569914
994598943513076310
274315383710852232
719994207407797127
203119021294097540
576370598911345980
802972417899716301
115227918584738078
832998986474637210
313919545856508160
591413615754521100
975090301188218384
989566993639800416
511232398509922276
494437866497970775
145367849493416906
475480613599995355
126850479173101970
185397536223318528
199049257639485240
44467568129958050
957189411596233000
283770213154152780
478344860815382604
809145936792150584
910514092327236780
803086541074620140
290861719152597068
635996467460472234
504625369012838185
538044459038411940
426261812837573760
844097038275927381
136049824822703074
506077860217494780
389168576934574956
402833148972157728
466120801661940207
389658593430699846
297302412878801280
580683091983648720
546433326861048720
165352522373216348
909256313439127906
866560289173614462
739831987115591777
173754898883027926
882865095721037104
48868612565965479
351551537253346423
26562022583334758
911030201071120944
963400471749468427
384386238454474074
857365606346628375
744290901827755824
629269516724681844
196926282430268765
243869710957690440
817364201970493977
33867184820890602
98443214127292631
291089309959534464
213815051260077320
913274904932158797
20886200598603242
899596697749190520
181747851083025732
707762755597461850
659329068950780696
916211191182907200
13547464968314151
854721484891188433
606945763919136390
57307859281702736
653692780055090025
372857839614871845
697704017780900900
103881565410713572
286952088189028080
587451277207719500
115740857573859408
197002552235080928
947238458503354308
552353240177547154
591852667271646322
653698322353001681
567257474172989769
389008688836691824
795158729879900477
387632212216817967
240708944237641932
726009206328023114
846015818337503380
634640494351349760
645721608440150424
514959808494193218
665459031815606816
697107395359229400
285744737299047600
525041751917911800
857610859577732325
284710087902947692
248495334162767440
393963311458307436
422659517543852160
818124812070194990
194765574098441064
683145281622020446
676563629605906296
684721632997840188
176290185944827920
29095964965779340
550395250025814886
602636506216695675
466279135600703040
134768378593182404
539748524257341360
831486935206455847
566675426657901015
913443234990868470
628310186955447854
791503410954334795
841456195661185000
807319708398763875
342845245676718180
243589931361229680
491287960751333856
60448118948238651
598950816132940641
281395700016203943
508827822167881200
55163978410898844
425136862305407035
686240667831724434
882113166594727425
401552059304518368
997382200321019565
992750207024021480
170548652687052750
969064066947880134
332285550144117416
622079533861515496
542273919771806915
135345571703645310
787703996448058008
396263468602715987
315851615784024288
340433608590500568
668607828262174484
284748142052334930
977842445843708622
281417075368804518
540050481674687502
53710267026974040
654304531935192985
955319491997811304
374498346876944720
719051519570334148
699942716964341244
338505587603684804
64125424995562630
610104186158696229
194305682782745600
593061273695331129
882945694446329934
858058932689304385
931305493066202340
530409176955553696
531535431302240642
751908139896282250
463732438420282486
324752753561540028
922106527399706064
899820915782749562
242780660748388068
720606074051453898
191980707093462639
409429883348447143
362565937515018440
628515571940854185
313262786009455909
258776219689242480
145327429117072573
834095334374563293
390561877667371865
554055482245810292
729439775890937628
352542080502689203
386799105290306566
218333289305972808
759954537674200640
160608264725214285
17614983385288961
810449523778684998
190252737593479056
392113697008732616
241446769953139905
105982967848971297
350412117803023152
757680127664380316
37791087346153140
763016380602489720
281912038471727573
204002085179436082
921929895521966355
129439516503621612
527797686499030600
771264598157586399
635783835664580550
413027984558470656
671802843187153937
39358220412998268
357466370283721017
810061363861531750
745267325552143808
482074037409719502
767290961751895792
181384356822912774
102231309285261884
998384043366274710
393541364413031900
826876854053691384
273484719544049568
