1000
1779 2365 399480232114772
4179 7748 268567891524505
1702 6225 625922717453037
3006 5610 272219792304433
4655 6278 141428863371548
2625 5434 512812282495267
2305 2462 542126985083582
1982 2124 383296137306337
4423 5069 257406957692414
3766 7991 84884599230703
4030 5078 86325582840916
4956 6325 346417423498316
9212 9354 137078421015324
838 5623 779243615185954
1981 6258 305542487847256
3035 3459 530924794914676
7924 9775 26316782405940
7470 8146 162220889695105
6704 8993 224442075418446
3858 5308 227115792162040
6125 9557 255996078533123
1158 6224 217258996005954
6606 8772 61462134426062
235 775 2910482157411661
5288 7353 281950825969257
391 4477 2737264114000790
5379 7152 280531339937611
3152 4279 158838830436065
2028 7223 72749865814936
1472 3259 491672013766844
5345 9836 2150990946376
4255 6686 74422119805359
4190 6855 174353243438125
1167 9073 751398362119659
1357 3492 755735884843984
1871 8514 572287475041499
3871 7917 127017520946822
2946 6033 326516911736341
5914 9692 126109504080609
5523 8321 133331468576954
3851 4506 152675258808275
3054 9180 419723667743032
9381 9977 74374060665734
8682 9448 138267199815058
6953 8667 39209779237919
1847 6012 577372703726648
823 6301 559137596637046
3521 8652 195937942197053
483 5892 1132332393781337
5121 9733 74974149336518
3105 3556 342977743077191
4938 8694 221029996256949
6918 7898 254983244838850
853 2557 954480943802658
1033 4115 126905717277359
7438 9488 30103363899918
1885 7666 296065122920838
3181 5935 437756761572418
6527 8089 135661804430172
1123 7854 671166678842874
7212 7228 19047623683795
7841 9460 9892456777950
2598 4637 384779162935365
2299 9585 506643486354748
957 3290 426708225672236
4802 6016 194598418783627
3009 8813 297820215966437
855 7876 488005572324259
3647 7281 60581140996439
703 5956 1407105405171074
6600 7657 229811288353639
5245 9858 51929595286963
1930 6776 97614343031374
3290 9219 146328480242634
518 1576 319700396387182
1675 1946 785629015585505
4220 9475 76735218252785
4867 5166 229022509659030
906 7138 302736957329886
1316 2776 170665441491126
5989 9057 105576619636524
580 8928 966547313063799
9184 9436 194740878339128
3670 7868 208516943209590
5909 8166 225982339509025
2207 9062 241892163739720
4465 8328 47795723868388
3856 5433 187262027533431
3506 3577 146347452801634
7606 8022 57698513040519
686 6596 1293389765415665
2086 2758 779331553217280
1554 8488 745203483818636
3475 5749 142172373261204
5314 9612 118017044337907
1631 5149 679522673938070
6348 8808 212997711627376
4566 7046 98407130598495
586 1174 2116432396511350
270 5080 356321409684098
791 1914 1740967530247950
324 8535 2916442130386598
8919 9098 141386936113490
5425 8203 104162657119641
2388 4599 59301238026474
1084 6942 44848439210406
4720 7746 31568263742621
891 2205 647406200441333
4482 7588 120893607596858
3725 4779 68657438437102
3019 4158 214887162779205
8852 9945 118075110457725
587 2023 761101007066544
2733 6526 49830519050302
99 3111 4355625388244740
2530 9076 413666753442454
1129 4792 377488340214863
6134 6941 279750630080881
799 6029 1259923998662286
2254 3879 20283805633164
1157 1388 623339854716966
5699 6483 94238040990302
226 4285 24940348033733
535 8560 590449041981098
347 2716 2904039371750035
2341 8013 215634026273332
3966 9071 68759499562759
8370 8874 202936713755175
606 7329 405167036973520
5058 5262 346963285874449
7753 9087 131256527578659
1628 7926 334645947628194
4182 5208 77305147192508
2578 3898 338842764665845
160 8871 3482321842128050
1068 5260 574191508898169
7215 9153 90639837151999
3980 5203 184794555656690
5299 6839 87732097016924
8525 8734 97693461826100
489 658 534366810599579
5476 8499 129604382041398
2796 3743 510620617844956
1122 8746 649439483738489
3800 9875 147623761652540
430 2108 404747388184746
1286 5861 841408280136160
45 4476 12278975403366631
193 3092 3930226883579386
7010 7062 249081323413133
2407 6283 79130875575045
7356 9702 159212924005338
4013 8616 14984497145394
5124 7315 74867164341893
874 5672 663080661013284
394 1944 905982555908241
6021 6236 196131896145271
1059 8339 953893543003641
964 6877 399059326827758
337 2044 1566901699014159
5287 8606 71399508128400
1384 2499 935536950050432
798 8709 146850190680633
2207 3918 665653280710241
8252 9723 33698014379559
537 8509 1880172603570927
1112 2567 635538811743979
1838 4407 481837559071519
4089 7833 36192161219288
6127 9662 168913754427440
5655 9215 191234142234164
5248 9262 7647959947566
3991 5780 347712651639101
2089 9910 202500606492600
2006 4347 338225143372695
1974 3304 658223555359734
664 1608 1501789367094995
2095 8499 549184160374202
5314 5902 199330823388367
678 5879 375153878103121
5366 5695 238851712454396
186 7244 1918818340611476
2160 6430 500978914812846
212 6299 2791314018349374
3979 5834 157506237374885
203 4678 2599521329699134
4286 8986 318088186508057
4518 7176 246314619636710
2007 8050 260494142593045
1268 9742 40268086927667
3565 6781 208458017585931
6278 8873 246684241314180
4910 7739 183743010999247
4041 6566 93073668351849
7017 8666 5391621514169
4912 8617 162592587173893
372 3769 1370279196125351
3366 8450 312963281637642
7481 9812 131022403762789
811 2279 1012056419658395
867 8141 365134145258299
1824 8307 652567805612653
2596 2931 130248032191565
4325 7086 263336088565988
6236 7804 117548941593272
4586 7188 132017146274787
4475 4561 70915553000044
1517 6818 318432139619412
6538 9224 128043368321923
4328 5914 366322419718557
3648 4523 304369022912828
5057 8513 245297079482827
2642 6719 93192854380908
2307 5561 58102380723655
1923 7146 124322714573349
7636 8584 144535775302487
6732 9095 229647605033217
2647 7756 429472853673327
1823 2357 671731498460984
2084 6728 241999534410438
7068 7887 75579610067566
4416 8390 19047608272738
1182 1785 62384498536
4138 7383 116917551442241
3582 6828 383325718407460
388 9111 2195992724395640
2767 5864 420661715731196
4801 7637 221588471791400
2734 7138 86860758408354
1995 9735 445561915152731
2844 7011 422625036226608
4328 7256 8226182154117
7103 7500 142785250284506
3930 9687 52539107567996
1834 6531 525734290672826
5789 8811 244809080567750
2649 7417 254644627419252
270 9593 1001049183506415
828 5566 162145240316729
7130 8599 243937259770503
3335 5609 297101453627597
2134 9573 47103057571319
1374 2859 155479682379724
2186 4205 260419381105724
1855 8859 431990358104949
6199 6324 45412796142159
3702 5131 224425333684462
477 7854 1601528958465051
5519 7004 320406165971357
5833 9318 90872751208259
1964 2040 357602406689964
6566 8962 206471685781656
3820 5712 281569183841923
3303 7868 302362118651666
3545 5440 123197820680061
3199 9348 238317181174887
1340 7066 88040346918389
3285 7387 286959557600838
2016 4608 373039190995541
1330 7090 696547430570768
3002 6581 107232685791939
2926 7416 419232460281791
3280 6629 368447344048749
127 8783 4147452231464954
431 8037 1417255155815153
7734 9907 18612989486158
6587 6636 269727023766947
8034 8219 228835507645989
6924 7324 273230957665425
7877 9475 200797959452338
6687 7775 18312190601156
2086 2605 708545574381961
4341 7830 88883751098013
1363 8281 854161301396600
6447 6941 243056324570435
2459 3298 539143357234601
7158 8568 104190436710354
7304 9866 221407695249274
6627 9959 229085273833662
753 5064 895873898698188
2277 6732 316749320919292
2866 5119 524494919014241
884 3827 724283519995072
5956 7538 194363267392848
3345 8823 225080869286583
4714 9806 49373734616143
7787 9299 159188307696212
1262 3335 184860250874633
6890 7157 212105312241071
1123 7467 509348768055089
6237 8129 87074910251705
562 1648 696266593895884
1117 3805 804543530134732
2510 8115 22582230834113
26 390 8326998432809952
5343 9310 101813020152637
5499 6700 173664217041282
2740 5748 387044920802054
1628 5817 83528158429208
2586 8153 370293662963900
1396 5591 699461343008420
1103 2756 233648822467901
4548 9907 232515022573246
126 7528 6109988141820764
7967 8546 83110206187033
4978 7604 209673085504027
3597 5159 199680905227438
5961 8633 24506317009962
3627 9509 233909013698224
839 6363 66632999509969
2678 9057 375202937575683
382 6203 2669100942100264
3176 9852 62344254156589
1659 5298 32715797521249
1578 2710 98127168313666
4177 4451 126633135255754
2773 2811 119244995573041
3288 4334 165931634607294
5905 8935 169034218129181
5365 5780 23487503344348
231 2765 2595157005433087
6150 9678 31973342153594
629 2331 719493220831591
2111 8240 251765269505038
7947 8055 5469095993251
539 8234 1966121338271621
3197 9187 383209495777063
1848 4933 458204971261914
1971 9381 605989011647168
5414 7131 275664717818441
8679 8802 72079696936043
3958 6132 169070299440429
2096 6665 546491315477730
6015 8133 160139391552635
6315 7784 174329692089369
3280 9675 339912759579884
3830 7119 368033996927733
464 3609 1541317932418757
4109 7604 183571660839942
1657 2224 466875871967583
388 2651 1504717219681263
1683 4871 778551389583608
809 8385 436611611971084
1204 1429 706488108163180
1978 7353 29312985504542
3068 3174 203119020428150
1561 3493 622083051620867
4350 7333 56016297254452
7323 9227 43582765485905
3324 7201 47736742277846
5322 5485 204952509755528
2754 7834 311306408628878
2579 8419 420506335698406
2791 5436 287223289079001
2911 7480 145226151055119
5519 9984 94337449635385
5241 6654 214206805553562
4684 8918 131969593150669
341 1039 3108018082125054
2178 9530 242082069829214
3401 4572 323121588524400
4810 8919 111257372404215
5878 7754 252821181184008
6130 7071 20458932919880
3683 6515 170890015135740
6758 9689 44829222209508
286 5622 2848924344093614
2202 3060 434006533526321
3083 8635 412927851936667
7648 9091 145403268608102
1156 6190 470837471356095
7445 8331 80525689296684
4168 5729 356489942878583
1135 4860 105883871509093
2798 3473 565760465223334
2 7126 459266311386513653
2454 9400 342634249572500
1634 2188 166569956366978
194 8446 3552004856451235
153 8617 2825285904178721
3032 3136 527127213345400
5910 8598 85867162603397
2324 9511 127257703102315
4153 8727 322511398732649
3038 5190 61749231303971
141 4060 5421994473818931
779 1926 917299861679459
562 2444 910788572063533
6758 9954 22091478446680
3817 5470 197286155366921
5054 6814 305409870129798
4949 5879 190407266441322
352 7822 2649237405055433
1352 6979 691583535814357
3687 5685 140748941093767
6523 6957 55887490001856
2202 4596 153598652867959
8106 8408 21617914240854
966 6964 991045150795436
1381 8974 56077547011413
534 4220 476593117080459
3515 6539 48412165347611
1754 8973 614599424632374
426 2285 1326722161171438
4077 5892 109912617397249
3874 4243 406175809124361
4579 7527 89767404114627
862 8427 425637477538819
1345 3877 592578148348865
1622 3310 640991653676589
7203 8899 225547075162732
5454 9188 221444587497013
6717 8282 163344386844642
3166 8373 349770060389024
1324 7190 466157011807211
5490 7412 151765387520948
1577 3366 27806353218960
7794 9255 14741596996050
512 2497 2234372314724647
2985 6325 133836708944313
867 4114 1142953850657126
5635 7905 99673851200217
1281 9449 784052982199849
1914 9731 429824992195714
3298 8771 21666916682595
1070 5822 154367244948865
2511 9534 402926087590171
1239 2201 650834482649144
6236 8855 49312319100174
2057 8757 212079588907572
1007 2661 50294585983082
6812 9291 60682819306321
235 5376 2244747377256252
8041 9449 128873452645294
1536 3665 42670428287139
175 8289 1594005464431335
2028 7033 545561683227263
1984 3926 474275668031514
3219 5654 240093833314628
526 1980 2135821241647944
617 7217 102578616256520
5091 9343 105043872420116
1267 5950 460508893909485
1566 3140 526266718807611
4264 5433 321302293030296
4771 6976 76052617833003
870 6745 19904121957627
7367 7699 4601101251082
355 4100 599039988437827
3991 8362 33260303933537
4288 6868 57840475832575
73 6821 6136468692993698
2201 7830 174835822959688
7013 8213 3455302411251
7302 8212 127258811975946
407 8648 1141697121703031
1552 9110 751899051683986
8525 8745 90274147885615
4501 7117 11220078659586
5527 9137 118421745300373
2121 9163 462832474427056
1230 6372 715868829531126
3081 5290 403284627817624
7164 7362 230523637627613
1690 5191 171099460677578
299 7228 972719972981080
4259 8203 184935895398537
8598 9762 164178034519433
2073 2716 68792558164066
1447 6425 37977081131606
4427 8659 86879023991246
2087 5509 532022721488621
3452 7375 278215143414289
1683 3861 735211135537835
594 782 887545461086329
3179 7688 171077622319914
1374 7419 352223453485613
4358 6165 373283951559942
5887 8817 58555589267382
734 2322 621318650531367
4876 9182 23371661535503
3045 7405 162072091874911
5497 5621 135214802132579
3599 6816 359746288961804
7230 8056 36717425434182
4133 7732 360550141818965
3361 3679 177014987161224
3935 9953 303600648315555
1482 6620 471438948620467
6015 9722 93599729018458
86 7798 776849725444760
3434 8007 395372915749192
3921 4544 391270520896321
893 4498 836858325054669
1268 2002 376270995725125
3378 7361 238523656321977
785 851 1645650751512886
4068 7424 348573949525444
2880 9425 448778232410711
5724 6261 136826852590631
2454 4891 270933611298182
6158 9366 196315835445053
736 4053 518563234106826
7683 9211 232820201265291
3073 8903 213375924491897
1264 3687 577552950655059
1024 8452 203186714072311
276 5152 3551908561417743
2647 3733 631612277418773
837 8296 441774424404108
3677 6025 157996140964012
196 5954 39052318100519
2949 6950 219928147606519
595 6728 1106510365453481
8234 9760 119269384895361
6310 7770 269492781304749
2347 5182 83961628245754
8578 9198 59962460033223
2044 7600 374501761382164
2803 8960 156828328961712
9878 9916 41155269917532
9172 9648 171058973040290
4168 6130 321612887372467
7042 9209 162776980002859
4140 5743 295645356252209
4737 9939 33602152183095
7681 8797 40293030690981
554 7312 1352854214036110
1783 6491 690451509277390
3825 7640 387416422778258
1162 5871 660149514453058
1847 3524 612882960256616
979 7767 867114109515086
1438 3953 461879536761927
4331 8055 353562620786413
1208 2761 769129395595028
5745 8753 223868361387172
206 1681 1244381882514191
1942 7190 312020063696245
5278 8008 299651254861607
6854 8054 44646482152585
501 945 1854208077008682
3061 9674 422001510228160
797 7776 985012540764227
91 1981 6691199967412519
215 4853 1697400392009374
1238 6421 465262032959074
5012 9630 89333012646438
107 1885 3590195474749205
1012 9900 368681091356835
3835 6175 90681148811674
6764 9626 71296566119213
908 9133 35935588696343
571 3676 1151720768417755
4275 5625 327189402255295
618 795 1515509059260992
3966 6660 153745801910697
5031 5467 377539632161980
7051 8799 8006058798834
4924 7956 276924530140532
4683 9426 204609747916709
5379 9219 244051588898059
422 2014 1644784963004682
2620 3528 432184007868132
3312 4896 145091394689500
2649 6042 278537737792047
2400 7124 520358436665070
9614 9877 158476944531851
3822 3914 316695739330798
5496 6695 56228959523449
1795 5174 415870035639925
3487 6009 401670428792052
975 6139 478530262750082
6140 9036 187890258574665
613 7448 1616789540399152
103 7230 2249071857004762
1902 3300 113338496474190
8957 9754 108348253117790
2665 7192 313461879397549
2973 8807 434249079125837
6511 6933 28685234798979
1507 3141 538905460947345
1920 6174 456021804410267
620 9501 912308865847389
3774 4480 102331539358467
2168 9820 281132820160550
1468 3639 683168814688773
4015 6352 88624488899468
3957 9984 347826652750247
2791 9729 439579803520053
2732 9598 329743941117606
6024 8321 250913421072197
4012 9305 110081805134075
7857 9643 157197931563919
5533 9911 87361639144108
1030 1497 359938038799200
2306 5056 589336233537965
3008 3679 588680806909616
432 2985 539848529730642
6446 7337 273944072966343
1762 9977 34948609060728
645 5266 1257735942467216
2431 2491 262445319531684
2933 5285 395351151379926
3103 9364 240589410901108
851 6800 219970692815017
2776 8120 98732242940892
2615 9045 476423140404327
1038 4362 209839365907623
1223 9506 733365757997533
5189 6983 326781644769589
7477 8194 46529448430240
6107 7057 152017466450672
424 4337 2032311229339723
6770 7156 184477591500381
3460 7897 25021925207063
5601 8862 190252010584529
6647 6801 245211503713040
1914 3877 244604261916991
4550 8532 131120115868716
3025 8723 245151460139590
1745 3413 342233366881181
2737 9678 87809116462520
1188 7340 441904525379124
3498 4719 383453189100407
4888 9731 99878486386150
7425 9272 166473038333376
265 3554 448716461972646
3463 6186 58504042013246
5009 8611 3051567259581
832 3380 357081169457868
6036 9079 241108133305027
4122 8593 32458637071684
4789 6962 7801341390384
2881 5039 197001276940025
1291 7347 180310188122975
278 3427 339607615055896
6318 9975 186509704891156
2409 7807 244211752933562
5264 5892 98950579549251
3530 8399 174046319230779
6519 8669 229254147265029
1981 7774 218166944177170
7166 7244 18208082022383
2030 6004 237801414549584
7689 8104 61595052515325
2550 5453 204265319774612
207 2723 370962274064273
4095 6413 64558930256266
4524 7849 195386121820971
6140 7923 73809085089865
4586 6700 154530067964199
142 6498 5028390642066794
3233 9453 143705616051580
7472 7801 243155129047330
5119 7546 167304118165410
1556 7446 155093983040238
3819 8392 296746308463293
1550 4644 446055203661707
3150 8168 149553544296474
71 4006 14147677987668980
3443 6478 440606766936249
4707 8016 255540645867341
2455 5609 12080415899955
117 2481 6805105761752848
1864 4169 373237797985689
3149 6654 379921720217724
1841 6960 172902307751860
2183 4196 426369823666605
2344 9337 135077975849255
7992 8027 15996212055664
2747 3810 623898250404650
5301 9028 147034076385069
5772 9308 82408453539646
1229 4401 211953211965646
3395 5067 185508066093466
2744 9467 217715511973670
2282 5513 123556113025972
649 3498 964071363322351
5069 8745 216429938080529
3100 4875 467571814954064
302 1309 2490077799131693
5740 9527 217782293322989
3777 5088 214793785683043
432 9913 1199199353135911
6217 9045 741148247052
4531 8101 306336765331716
1088 7585 678154446987464
2351 4792 82454150500644
2370 6128 285869413774615
1217 2223 951762308320530
8236 8966 218806935693784
4812 5865 311455700295014
1510 6289 797660253395265
3817 7341 183042800102610
641 9140 1300623906476266
5704 6615 172805545548523
1283 2064 582595446977170
3608 8594 285523867017000
3425 4052 402059942865072
2682 7824 312025159758479
7389 7624 94623573456309
6719 7717 174367161128751
462 3240 545911975073160
2204 9528 177383125834760
7046 7789 101594093161316
6592 9655 89904701001423
6809 9657 58951012761389
584 6313 1754167779898707
8117 8456 214197728676877
1328 8457 568137661942946
7334 9781 66728837007815
858 8148 794502607639161
2439 7234 168073680333232
2838 6855 88682042271717
388 4538 775168899619957
4889 5301 257637437397129
1367 9727 261622457157934
291 8455 1006616069084523
7210 9057 192022789217581
1749 5292 176200387433678
1884 7503 220223186694992
1660 9927 248533797736586
5755 8724 146964518178966
6288 7305 81557742942893
505 9404 1672627540322285
2779 7970 112115576580224
5026 8345 127628822935761
55 124 13782336416860464
7763 9114 173693921817420
1888 3293 280515086071960
4195 6231 29798913692182
351 471 3901885812638540
4253 4372 436569732665322
3844 5974 117942863173535
221 4755 1919558600940466
2497 9019 181444576363408
9797 9906 89765671082789
1305 2362 139791750447719
4942 7593 189696867163290
4242 8329 152018194611687
1473 4638 878878966982052
375 2492 157466013397602
315 8759 751202914635573
1882 5975 693838229332713
2701 4819 451678561962599
1577 4962 25331057729829
3796 8647 1864426119777
4554 8822 84682607620779
2433 4101 528712382604020
2940 7493 271194307174559
1371 7866 313897791371943
734 7624 1232711111748362
3633 6858 288776268704780
326 9027 1304664601828722
1355 2064 128818013117630
1997 3468 241410402575439
3972 9320 47582472957883
6847 9915 121328878178677
6679 7994 143754085661220
8609 8932 174133762491939
5784 9224 213151980680719
3933 6007 222428613384189
469 5706 1340703793895090
3203 7099 232331722291984
5486 6904 292114021382572
1866 5977 63024535774543
1697 4009 475803958550225
1939 5726 8065816726561
1722 6955 541154373956139
2927 4805 279374218216389
3058 7898 196154294923664
7121 9874 89109559028859
6821 9461 127381617389251
6562 8799 127533877451622
4807 8737 121472174689892
3037 4227 237864960638539
7090 8029 264140284628144
1544 2868 273064539974201
4073 5759 301762458889209
4561 5517 81342740050838
1598 1890 665258791679067
1274 7779 733418690423038
1006 7954 128998662623465
7873 9241 195934720471662
5384 6700 105124861778032
2806 4910 331132489728177
3917 5740 418771029714727
296 3582 3617526132301774
146 9514 3554590426803492
2495 8396 257037579979535
2878 9113 66456182323676
5813 6269 157629357735496
2873 9299 57713206172050
1161 3656 210354607920128
1497 8892 155305782493439
4774 4972 18216913437315
5375 7237 310320431365691
2433 3024 210357521054030
3852 6889 193598920139411
4559 7810 281064314153549
1684 4182 758148915185502
9104 9178 175694528403053
1132 2918 356447321950061
3117 9865 268490523384405
3849 5717 219350157741419
3001 4220 306744591791467
2346 5685 256581485164969
2863 4301 491017009598972
1154 9636 131988570283027
2777 7530 249423070048530
2858 3099 261702971998950
1392 8344 337392350997718
2259 5887 285482378624829
4386 8443 134982601239346
1152 6570 302619465163924
2306 7447 329755628006257
821 9745 721575335274466
1588 4319 142387073743079
4831 5784 345382307571394
6859 9717 215505974540236
199 7804 3812073927362959
5122 8686 53919459230670
7680 9022 212787825052380
4840 6741 17344783357115
5117 8179 111676480295867
482 5360 60042969238355
558 5709 1791390560308003
7289 9162 237309169395161
1833 2497 363558589187422
6057 6953 264837919931401
697 6903 1175515887814795
5038 8848 195996367260840
4037 6163 80725428135773
8264 8348 58708698241705
1231 2521 987942750140516
1182 9527 32204296654969
6203 6752 30447768064302
3348 5576 139085833211151
2020 6818 137178362527123
651 4057 1627645141796857
2506 2701 16064157656771
1654 5736 700535408326189
2907 4457 103284801513458
3575 7737 289427680758896
5746 7818 199051143080225
2100 4718 629191237692374
5847 6111 4532754936592
3923 6962 340612692109509
9127 9530 130180959020213
1402 3854 55724288281561
3123 5570 326637638062584
5653 7249 117384179572362
700 4567 1149272532026095
3368 4066 56377359241490
840 3310 427270049310379
2875 4553 333311100054182
6100 9768 30815123396431
4546 4565 86480863301782
5076 8397 298817936709077
814 4034 815154662609951
1726 5146 457783118136533
1799 6579 462673724205185
8408 8579 133580165054402
8 2977 48740423559316779
247 7511 3324703400021878
2159 2707 322672390269958
3147 8500 104798084621828
3845 5069 332007121284232
1414 3657 829491753617221
2472 8384 332183242522524
2184 8293 373487877481904
9126 9379 111327371197526
2236 2531 560417150347000
4560 8190 237431347304409
5432 6251 98256901950288
975 2516 746971470463297
5437 6865 282638172015401
2126 5948 181739692382002
3182 9940 103077888582770
1074 3594 475823288664076
1230 7830 396288554903590
942 6386 996337924258786
1308 4009 197448285682008
5811 8326 199596227044464
6042 7251 205236690234567
4898 4902 279421227730019
7091 9467 43480038717552
155 8828 190990512096869
434 3151 1442462546519882
225 2304 2929483016331160
2940 4125 271058990392493
4454 6403 51300798325254
2054 3432 418057854939518
4519 8942 276964102012357
2743 8993 269579630182266
6335 9728 238073471193469
8189 9217 144886416180028
8629 9696 173348464096901
8125 8762 199444901523527
2625 9802 389881742173630
165 1991 2238567651329652
1692 7389 176756889058865
8942 9448 106929138196928
8974 9149 13337837135047
6561 9071 157308691794386
6897 8577 73593626915340
8570 9512 112853910564795
3163 5049 28362667216442
343 4867 1326562310071138
6414 7578 197463312848620
3225 8134 381937483057352
5088 5265 155144623246316
1845 8874 652432053289145
8812 9394 218314091414349
1375 5429 155426913944308
63 2457 15381969316633018
2330 7828 185023720684834
2444 3758 419932633615814
7535 8183 138226898402648
2058 9613 79838173756926
1506 4332 704153179109520
2743 9241 187328915202173
5788 7269 98014437764849
7684 9724 79004024519734
724 6554 1025224897122330
7514 8859 70033646966657
8146 9843 219371332421306
7683 8927 68148697924271
4096 5909 223220513508987
3962 5523 23264006014848
2781 5345 357647010835147
1582 2883 935021728638615
830 4595 532213128485137
7650 8572 177855483996090
1889 3230 587121927244336
4868 6565 121088460489765
2702 4508 37883679960690
3003 5439 314552601387849
506 3577 438216822849965
4997 7883 193901350170046
153 3908 5995343086164963
644 6535 1463487817353245
4405 5063 395321742989871
928 6130 657901915501488
5323 5959 189038371275056
1746 2030 800619944805176
6461 8439 126716704100817
863 3029 483397059061728
4524 4620 402886232934408
8623 9667 197422178115506
876 7027 311657121168279
102 7437 7158810312575644
1517 9559 146623397778767
2093 2342 370355763318054
202 223 3412688307649243
7707 7832 161790538853503
6285 8329 87448033205547
3330 9912 103770902979457
3241 3753 83551360028151
7797 8109 209797310391565
6660 7553 110344663584716
3067 7581 253711549628586
57 7453 12893343966435394
41 7385 8645160585010708
6997 9659 95320444280301
5676 9387 61712867279902
1763 6934 540593717150560
1575 1965 182929563603176
5489 6251 6026575626490
4057 5327 351868170739637
12 6103 15882970638026803
1048 5537 444903711793372
305 5865 832121273328082
3093 7756 47925652345855
6561 8392 95157471108758
1133 9122 751725412590935
2220 5858 23468393219678
5490 8516 228548284851942
4949 6624 99514019728124
7399 7686 54088500055330
8137 8321 224082906665562
2172 7362 77128164566045
1787 1790 590048089998385
2479 6557 428696407108336
2929 8802 289272239810543
3884 9934 147896680259119
4247 5162 288296178103282
1458 7104 32512154694588
4387 5043 151704312621682
1511 3068 799970344323741
2808 6472 380233075160029
7011 8922 122768608242654
5392 9198 225690120474290
729 1599 361781866078227
1036 4163 123212290676365
5708 6341 332331013891886
5320 8350 121016051458332
5961 6156 272967329934110
36 5550 7637861536815798
