1000
644448836 934660080 1210182708
503245345 556525335 2522933914
197908424 757926824 3492323079
425791201 764229805 1022036426
137022334 681682118 7365369082
494643857 779839744 1908377524
395592339 533368056 112487101
370876638 966960160 2483963392
17658683 262433197 58650835732
298233681 833077982 22701988
36561868 320371145 25224252380
19131501 544273357 4994631449
843697059 962600995 1570855077
363670594 883317057 1123669032
510166568 666704464 1294791017
153501474 493370805 7937888379
454098440 799709638 231505562
516790037 920550896 2418101479
668807683 984402403 2499730653
121683609 835520601 4901294709
91336357 834489744 9700714692
273928599 454726815 3603472992
254940193 553031993 2500832357
273042541 712866754 2474191797
129619565 894825742 4466685473
258909898 857171668 1136327966
443652251 703314046 3522385328
534788705 552706650 382580730
316770820 675829348 813204109
224154043 529071637 4232685865
418093191 655815844 3262135078
355821502 936773774 1152457049
288219075 688978246 4594004115
89580882 793435409 4764232178
207750465 526906659 1788040860
334746677 370760424 3218690728
468470398 477524790 1207061391
44551140 680530195 23841634644
415718590 793182368 1699216420
326217365 499943007 20584978
42159979 255877791 26196595231
935398344 970397807 869803951
287945323 523479314 4136159421
594522202 793904066 269238516
34037630 452532339 21288448286
12829834 479684679 34515496039
708323063 922770675 1486655898
877717541 881334343 327356360
258606809 428652989 3663742198
722975859 879681038 2091119099
394167426 495084056 3889695041
394993223 855516664 1514542234
172213552 613715010 3201295461
753082174 901764552 1103370877
668484936 938910206 163404144
64464046 232537293 14948368953
790679482 928065416 1717358779
167687746 623439078 6098334756
234999740 848030389 4023484225
783785862 909462791 1270479416
420753129 434685990 1924508084
807149854 888731291 2238216087
102140580 110895043 5824479118
453573130 973381981 2949843957
438072355 868064515 490256244
41637006 497476612 24208128141
29513622 518983843 4260444834
264775260 382682157 2331128478
118489810 321960268 10323273429
50107983 725991747 5882537151
139299663 864986483 2212334865
448732131 457299475 189727203
35049205 151111905 11880964752
28169265 396352369 1779835444
371510452 430913777 3390975947
374803623 376327061 4003597479
79116760 713794716 727831228
416244855 657817406 3559653717
275220689 335774590 1281428799
626703791 736511935 1173386825
203649391 575961592 88616053
341598442 537744088 2286083082
151967704 957427479 6479525272
91816019 815972311 692401163
675804199 723232321 456399773
738442572 959884414 733536603
439020015 860468627 659305421
336880975 953021765 2832745311
746355809 903028754 351394117
442415945 686403469 2576855594
113958039 892585011 8155893344
640892699 958079551 1023364066
332151358 709605009 74201128
233704587 702509420 4119956149
284060833 964758706 1572393290
217269276 574352019 4983480575
152622449 440771227 5893258457
749156491 874248378 339012781
239160511 634519982 989671701
807962735 914256098 817170181
829402823 896204345 2197408563
443610116 787403485 1401193024
19156183 368055903 9159900113
177816828 952021641 723137027
475482122 920426944 1582612223
429918629 774834254 1766387425
798659871 801064048 2478937294
125540156 752779483 5059492538
255759378 712797886 5245347043
619978781 746277776 108699282
594317695 840964516 1169649909
41124315 402684288 11446618770
221422749 692145445 3326302454
684780254 923098474 2481201303
339080645 658856607 3722211640
947878389 997594171 1601811125
804401046 912258816 1078498833
370013420 962369304 534656496
175010776 910445495 4519145839
203373832 596105713 2167921544
679072438 999668692 915935880
387086781 539604588 1379044795
139975168 657362339 1120124655
65435742 282925125 7866468027
235282204 434829323 1053872243
230174280 684946368 4350615558
528521982 751355505 1345098138
76688308 210116592 12579810555
401046638 566569164 2355319416
657384691 918976777 2289691201
451859552 998471715 100437175
531875719 565882735 3467140543
112821363 786317159 449370431
477552242 729833970 2391316779
360310161 433152170 232260520
280437317 832319195 4638207185
227039338 653534972 2339048977
699920862 824682185 1733290869
5817349 357216436 151832719326
542467345 683139102 83509716
255129825 847757219 1550943082
354838867 467613927 3458085437
196402985 615002303 4637717276
152753757 534017369 489037824
404623622 640454174 2502939163
148413261 970286661 4272510588
641229425 689193994 417069746
739868178 799773633 2088003988
53766284 993072369 17664952325
492312679 813742794 769333662
355220522 388105922 1869647176
58289778 742784953 4569156532
380504137 393437890 4859757698
154277534 832265730 2195646176
47829453 137136817 7284252496
784194705 851990360 2351963321
80532043 186636109 3671140108
309697264 959144576 3263252162
470476705 890630299 1875809316
55868560 247158580 4083083677
18253012 957656925 9046620937
120715376 565215689 5041879647
359350721 773607993 3630400725
496425707 678844428 2462251166
679192300 748547393 1961639942
59311577 539476930 9106439327
546232493 560753315 1765797189
117267823 722862298 9604671642
68428886 243973589 18036293784
720323746 940525215 63512490
653301616 676272947 2617448033
153320659 406485552 7120606880
280442374 871100172 2446673562
146465628 218021246 4537173395
18185807 649813965 31047694562
400101636 992570105 2922415533
238609061 256830058 2046077933
261388371 417419469 6010532316
492929611 781150821 1201509243
635354606 770283685 2711402070
346462859 797572113 324823010
446567766 865588605 1107524404
267362413 533671596 1520100773
584612128 720199305 879312653
357129883 757150937 2966912547
184995299 580342233 3840921968
55460456 897404016 581744060
96970041 337394035 9821580838
528208836 692261853 2441417810
483975459 628677768 3523295959
557625143 733931522 1255639597
245483122 837110303 1814786185
764994343 792335690 552969790
69425802 921661679 13989101534
758135816 893762632 53284260
430628400 521593509 932796218
934940258 964586775 417497334
1762682 733787790 183667785343
257848663 886047391 314111079
99414021 689545336 10328313372
765715980 793067916 1797535030
9855576 590840039 101130429690
462677779 538105275 2283364772
298239698 573761090 1084643720
170353472 851581111 2014698347
385326547 987578173 2345568953
284123122 326894929 1078635264
651013521 829822496 2238967579
605497994 870684793 1945394793
636971581 986420791 1647803149
66261999 837118616 9000979550
432960330 478376101 399371098
222439613 708964534 239014460
226024430 237604988 6338196167
633845501 803551897 1329769352
106200319 610113524 6839418506
523341599 869336103 1536499659
432561147 917736705 458793462
225506535 787462988 615828251
209156518 667254469 976075328
571185 749788562 144983402189
239639713 971943321 3442719533
71311189 616295571 7406733496
663022194 695824153 1053056852
87045516 563556844 3503378318
498945804 937100339 898827328
372140431 434924408 642422369
693160883 904363100 676469238
513636775 565028758 2329603874
18917012 702740117 42580847877
537539136 588387180 781094707
528937398 701824903 1971894861
285818465 874752206 3470110381
349797570 694191455 4119106731
132134747 697326430 979613516
58388931 196063518 11681481492
253279334 528987727 4589847322
180181522 672979529 3073212134
366535525 848520564 122258353
4342414 828402626 199312698149
62323035 556413221 1819772096
303788610 572021961 1810123387
39967004 96248931 14164491467
131658212 640269699 6941101525
119723235 586948768 1707836901
109276027 431061498 9732485407
150560478 667939591 4111619284
168399125 703316597 1732396302
78964721 332523535 12289226834
679186599 815074106 758004797
269319149 685858337 2802411610
148207685 661932642 8248400246
284471634 958660395 905049883
340759851 661514100 1782755577
409727597 525299033 3292752353
449141740 660487749 1208396477
303367244 843158652 3452706326
41856271 708125177 21410654903
480278669 637029650 3184170652
594987605 703462865 198184714
806786140 947115165 1346359830
629080807 674908055 1837055228
301811536 648103074 563047197
563330282 661076769 2347967677
440463323 781502098 129926269
605092256 692770249 2311813044
453596629 658804751 1365882614
327904552 571623619 4574027019
506621912 860482803 735333961
197371897 394789440 5110461947
111865334 980149866 484805104
21859844 313468761 10587961604
559133961 691896314 3117949541
801352633 904559790 912783342
601352082 853586820 1372706185
37740414 701828350 18874207302
239800208 697527484 681840656
267575779 734176658 695875543
265794422 993195534 2292036748
82249675 894015779 13119299209
254465322 521488377 3613195411
3221572 811105189 208180246213
453064507 484510384 2816500784
364320181 685681962 4178562777
319112169 873717350 647750277
510856831 856335320 2574306174
532187783 759206350 2819695572
586058829 704491447 889184453
278875944 998675641 2964607639
29764610 289179732 17386882281
355146946 402329813 3992826161
419638743 423700162 178092093
142073078 819822391 2966620262
297625941 357808179 5688955555
237413050 958934416 2686668045
945640082 986003410 1676980744
68118496 175939315 1946140101
402619364 523504304 3795120478
635711720 845385448 947752382
432723347 649950239 3043283974
42192590 674914541 6241511602
255067874 562304842 454254749
157385367 504398527 4788866891
285652501 888384065 3359095061
202015045 385611980 4609652349
68887757 545389371 4507653512
719864082 927121341 448665481
283359192 627334358 2750884129
273282056 645460805 4247714386
410239235 782212326 2002717356
17720909 780861350 18076414002
125901751 402853608 6524143560
286053936 353698815 6286612967
419654327 769421792 2980943176
427309240 716969616 616721040
501339583 843034324 1747241467
340423862 703457029 257239513
562637919 768757893 2915986588
376283808 614624885 1427295869
416770349 446439766 2213486728
89475551 689815140 4796021861
51282074 385199119 16391848444
640122350 812290689 1713555078
321361400 369815281 3387249347
686142262 969745189 153292637
347687309 373404217 652447691
42973887 855427443 11425150682
454610331 600922672 1371524407
583326167 641382412 2970328110
122941364 267281264 11065081899
5045845 125579177 13987438541
873782211 945892338 432425521
35598598 347456508 27056142769
264635887 588286404 3821371932
246414616 896157223 699693316
700569861 742014903 1260708144
684359118 785640792 1870847558
893483459 906607017 382526225
62429531 458079949 7184715638
402332364 529455792 4335052735
272664447 976125575 2223489151
63699469 841879108 8015912007
824457052 904397144 95966115
227414052 436752887 2989628829
602406625 950307265 1483276804
287627725 678629789 3489666635
354247161 904443819 2683426916
675317603 900743650 351416637
267775176 325507959 4406128419
287924028 385520266 1757015895
602801933 801248376 581303340
139861609 195179718 3981399796
261685809 758085948 802941770
19392929 892204511 22560413362
86526418 173227990 4428102321
307353118 738353272 1453367690
522244315 747559974 417769712
28078593 72720056 693676157
96495245 299729053 6936898616
475670468 922556410 2736897429
115193414 307602645 9654225045
98951214 154977386 11741737933
705561616 725297627 2427462127
45148064 348609493 6498088731
59498976 143299650 6733935488
2645287 898692392 186210580958
281930040 804946527 3130284467
151740925 537963536 4729321500
524290912 988687972 367019698
65583545 966240861 881443163
127828013 517177973 7238151938
149002399 828976584 1789322900
595488255 678352890 3036078609
98949744 189904318 1409664525
113738826 391027449 3489429862
148275789 281143959 7091406130
646156545 799444734 1078323722
160338891 255397909 386814527
7309363 525669967 135812628216
282542368 978236242 2742697589
82235757 110745582 6905261820
280453052 928635585 4304842475
545419728 681944918 866152175
440772907 684527197 3272067698
83288321 873071582 7418949580
771533098 790709043 1443286434
717886613 856622637 2191624768
421514759 473371416 2095932238
690703781 945379322 2359781348
441270640 774194289 3517426
574306248 656694506 702723251
515428940 566440305 2792426935
438254075 818888704 1851995931
236608476 606652565 4887471613
66474463 231091002 13838977324
146448403 334326877 478305575
66099265 677390425 14841739576
380058188 397914931 4078482327
226304183 608299305 4969513353
195614889 324235555 1130243580
543381704 805723811 1145383337
413920554 834367578 3460296706
125452403 937861448 7147468116
544935135 892338703 1505342283
345965600 355732100 1389013115
521153811 755214829 641382884
296785470 363648742 4393803553
273518593 602100856 4634118507
5687365 169021821 126789075032
587771361 712784794 1203174365
71078969 286037799 16032003226
51698125 673357264 5329497454
211257526 961881050 5009146417
104754117 779794627 5214971205
190999143 340037392 706809092
581850929 604392923 92935060
462598515 797009063 805598217
209863923 724874185 1813464832
806844541 819082431 263001003
121747054 126547862 15130543566
273069908 562639970 2985559893
59639329 415890587 5503274699
833055461 844715879 977640043
74818495 711869834 4308526073
896443711 969729222 117663107
224867826 251018300 1209144724
43938005 518049842 15261293548
312995903 847185385 1773796482
510032067 734226728 2733102765
100112668 857478569 10854087425
318100310 322992195 5652430723
498887165 850171258 1834093840
243221689 776496865 301192401
701169597 799553402 1451776142
70805100 255513737 807129715
400137436 634237877 1715455474
136215758 653444793 665515348
66953731 255302211 10655595353
255917283 810027251 848188179
250766883 507280953 504227304
14865017 332114680 45911845498
96113856 425688315 4460565932
497162027 913779347 1834457846
296349978 603333929 2067876276
211269883 277068898 2620078848
152452375 723363407 743432000
340511227 985090557 1048035475
212189245 913181952 250149783
217280594 553336907 2253960086
271321955 586196670 4482760802
353045321 983805262 879193659
112679697 481509812 1524746697
573497117 576302505 644789391
157544513 692285580 6872222927
132346274 319131602 7401050022
465375908 582457661 1192808491
147764832 483653718 850278383
184822542 768406595 6144582524
831774851 883462834 1162227280
476466712 816539653 3202407358
281043849 647861772 4017579022
527874632 861367638 1504715687
1657712 373220563 148609992093
73415262 667396657 13604607863
193041911 247425499 2761727969
2240381 220762928 181256251098
52471642 551387254 17139594686
629010955 651195590 642648650
69375133 835364229 14215131159
65550642 854300750 4621642345
80255662 989435434 1214428920
675315023 813896892 789346724
211818839 825115951 4258875238
364129197 564769906 145898969
106327610 363975907 9902916808
470376178 485516533 3601729299
463085842 982663217 1268574895
70746995 718748968 14168759806
439581778 990957016 1237177035
122782605 336546830 7196095153
222891146 731614559 3622866634
710227904 974605898 2327390230
313353609 832326344 1847815491
628164913 782624179 496294217
137088610 418214379 9567445590
505451119 600908578 1411588848
306556910 421619650 18369899
92739877 815311329 2227009137
52082974 401289842 18661985128
376560967 897184272 467972938
182089198 920441143 2552725012
260522608 720033631 1351585062
778011845 778573906 1615706174
69714108 97711312 17090877951
127343344 647028333 2542419647
79420044 788399622 6650025048
664604495 952442946 1146014732
744239652 964930885 619837816
275183057 476495354 1167887558
566712736 708437390 209921036
290618949 480468401 2429854877
93401211 852099509 572323818
881891746 946220553 1000840440
430078329 789582220 3423427095
285392032 647863780 1673047032
263172280 560599408 2629153285
4962265 609897252 33009727914
333434647 712639215 4260600872
450984931 920538590 2274791993
339988631 772824843 1050552034
53602406 918087974 14556659392
427365476 792663361 583323239
694731865 769092900 1214479399
158546081 406899032 2640446467
259740993 622552748 3287338720
308151246 699639313 3639449760
430401676 707464514 432331098
90133900 230751486 14862661669
95420792 441731842 9070313577
117365045 712698115 6539373477
233206073 705533657 2024848326
452115204 955833534 1693840056
427017778 795845666 175698567
240372691 471818986 5656390374
34749716 997731550 3928347634
86069005 692052737 12944153863
17933164 554321660 55204780700
235057846 757161549 1245191143
286524671 333670235 4215800441
365303227 943284014 1913001785
177216726 438542737 1167218393
872563955 897032756 1207126688
338522296 509693899 4614517081
61047799 269426652 17575820544
112558771 866038554 2645858126
173521018 949250131 572519253
595139605 941169365 313624144
109116420 738843472 1958992420
160064427 974808369 4738627307
4125401 543841097 140072343884
233265465 302138655 7128743354
476455493 740053946 692851793
344253797 554901050 483940859
2881500 570544895 72299677670
735059712 835878874 2369076012
236548036 334685607 5817076061
401154233 752298544 3035242636
873703753 874387949 1375373852
407369222 852062401 2522223421
616075670 895127459 2693555166
514376483 987233841 1639129294
175010400 192307862 8120890737
471149169 615203660 2149977765
434500521 434971752 1308208791
592987919 676447541 1762359599
609699636 628023604 1048600091
784359607 871629037 2345354763
438203913 490532508 3621309741
530995931 605624840 530170258
6307373 300987187 36659566475
259648171 422157057 5275757931
437282386 500833883 2738095064
210259145 778437723 2258623721
116494517 495469959 6266704946
354223262 427290282 4772655572
753264852 769003287 336175412
315924565 724714092 4244294673
639830031 764320978 536823600
493736309 615437253 591790375
43057149 896585514 13231907252
421714947 481479738 2513353090
522688626 868111177 1155395545
52310677 107982834 13155759915
78309620 898872893 10062500438
472537933 842225814 318134269
285505440 291384095 6847958450
510907156 789384811 2531274380
535269623 561405163 994940314
224824855 598275759 827596946
822036230 827149156 1400118210
23103560 185721968 44700304814
81652392 440408178 10883984977
937123302 998696922 462535471
298821534 989670178 2987699398
553869705 757255303 3058326013
199227327 970294278 1345609806
160484912 888012358 398599189
5490956 168854850 52859625077
113270848 669332848 385753831
708099441 735331680 746341954
516520578 853170637 2647027001
568612607 748411435 1595887601
84573428 374915601 12970337218
132286667 621062508 3758206546
278233582 548430227 3884830786
712346261 871224153 2250777832
314400270 989095863 2359254067
887888908 998380524 1932796850
467362036 874167056 2321411558
851611130 965009096 451802857
598170241 781959793 1628938070
168736929 582585468 4065359766
177092622 800967823 2987168083
84416378 316601558 11697521680
348655617 988275150 2660821609
727149117 804766841 1301036995
364598200 744991775 645748607
677168329 835769350 275045812
415705686 512863383 3714222626
463435733 798777096 2159263182
21476021 498920527 16903989538
105014556 879807454 7055168048
249248318 540100835 1706299865
329565115 880619510 1859198271
499580170 691845682 86333255
342549979 350396732 52468500
216323410 560817978 2258251816
745511687 796685143 1501533990
216822165 556626641 4823393610
116363316 405944253 6612071375
123720342 998716158 6183245038
226662669 344252676 151074444
691477391 763539100 325232084
73426032 580890991 8472474381
364170484 995084531 3234431160
319710949 459453471 3345770314
456247028 867031562 2788519921
470943314 670673771 1440390773
208845752 996126148 3713937390
216025440 668115993 5065109233
432077836 626585357 2358533857
130756085 868469242 5087068058
486091419 587606263 2143372387
197123726 541392425 6163532027
13799699 439738477 64633374759
71549360 125719986 15694757162
622594337 967046798 1586376351
133388295 501501449 8333926796
561666187 690595441 1037820119
342398106 395824113 1205445893
151894046 994307717 1737058419
404401050 738503234 65075796
202726231 203838409 1678856751
789919215 912983672 179242326
841738546 875456082 364170261
403230528 743091517 3399378111
275680506 587364432 1214803285
728251150 771240045 2538996283
604297802 823955559 1518264852
572119067 856954175 2910495516
549888190 641404122 2224850530
206843500 278627942 5270225879
473631663 746470178 1722531791
149371747 722875522 7426686554
49070102 121707491 3111218885
118821053 565293637 7541879192
134823696 158154434 749937681
516213814 930680928 2542903358
185676461 696253551 1463914285
44667260 409466796 6317121624
20654212 855900519 4654531231
771659918 812283744 1225463315
464359795 671836683 3331411092
524417050 569346511 1967450195
810217113 897802754 874703817
525657076 530251138 1427736031
772529041 806808784 2234487065
138476761 911655319 4321889410
770599864 879706608 945317764
321089381 960138074 3164256080
106139138 585172175 1728170854
14903074 896304722 23797618157
36585313 228369089 15723447772
100928499 621634670 10011455711
773473046 922391433 2288713435
359569137 924883264 3063498764
37225043 978385164 15319395734
381084740 721681081 1331730401
208365430 878008816 4173753812
244846709 261259509 566612388
621761158 990745976 533487624
89456658 140673065 8540163689
162345994 757622145 654879258
42903410 950993148 23046393816
404603803 556232011 2740051053
285914539 353289763 644571697
570244743 990807214 1860457915
606657745 906886976 2735267765
492605480 793519132 1848941451
124584305 395268348 6707319687
148218492 532831454 1067056989
376928355 693114701 3295779095
268030683 560441271 2741361094
243355008 799749465 3208843402
41841385 948361674 9406710841
22850293 254372153 40791097758
729727270 806239846 991424741
307859053 407472237 308277766
171683773 713455367 826598403
320611404 788229295 366914421
198024630 696548227 5656085147
48558156 632717302 16868277367
189197380 523582610 1193218082
80322392 642100145 8982151310
934982827 937980478 2083517758
365535399 641770819 1544233020
168958041 757557412 5363821410
241737422 316282632 6206040324
311791784 701384074 3357548290
59040749 71775428 15854339951
517325374 645568726 2685667216
471782676 794390866 1720782542
352935043 922215281 2754384671
502110085 905392893 1411349276
619040668 794861089 278065198
24717576 543983935 20543876123
210222632 588879147 4303124180
125607692 302144064 8925902375
351382846 994755110 482846097
37446252 570246176 25405864258
839987396 937852924 984806019
290469262 750093946 2747759437
366023445 789009444 217418663
226253980 789603895 5259400768
852594132 951343902 363856062
619543422 736212537 1482481979
786120751 980876810 1566993874
18641401 30050376 41896702799
330303879 827830366 2132305422
100287417 688649385 2949365026
75369135 473303415 13774406271
137826036 717639054 4839425521
761565763 933026720 452788100
531317148 909928574 1624225795
604460001 639133867 2973183784
444988024 774792787 1650129713
82830424 763052577 13284162841
449827358 905291225 344771993
627631956 687723113 2566955974
260909184 733416025 5079976732
270497040 932382830 1759815024
109731483 530903679 5852636262
776711783 876672363 1404438685
117588491 228560357 1945661315
142504679 466162987 3823801689
370058001 481899675 1155005601
117865169 501655264 1775236578
453233389 515548400 4027274975
137862284 806270221 8031259372
80743902 754520575 12591923236
406219205 465999421 3857849078
388965710 616265894 1089774238
196031562 435178106 3655369552
89749583 996595865 7999913054
350755030 559454050 1322700364
654571819 757569769 518810167
170144786 982705783 6886312086
56131263 921716556 1471976457
35461380 726901900 5414054994
753586638 888599507 1509095495
531594754 706671398 2971499203
332185 430657526 2814574267545
350666209 898514474 2786755379
9220893 776164713 70339443281
161573817 504750444 7947260265
8770059 900513723 59678179862
631200707 706622384 569630313
415167590 990492115 892151124
273402060 396786053 3965735869
96259608 801663472 4593478317
308722118 796862614 4218376655
256082849 722843414 1664448446
356544331 584363895 1820093602
862469250 883204917 2003529244
185922481 555495792 2193363482
649586796 701945624 142971948
239774376 587797296 5808585662
84988047 192101036 4408431993
514450655 898173445 2519563087
315552205 942584545 1541632453
2225844 932491908 270692281968
182497881 752968874 2496546937
371683507 410324958 4805840705
136277816 660225169 770049637
407577852 841378004 1725387762
838350105 902914931 850381352
378284001 652129783 2669146945
70025401 975904824 12152758900
47838084 347442518 1081964254
138957018 762673783 5948259503
688128783 922455336 2143325296
390595192 897354580 2374777328
210988290 443986897 6153248741
149765140 400703948 4385678321
253096451 754226667 1937879277
461406905 492568525 4141974153
599950556 767619492 1271192000
133687236 452620547 9204330002
797375820 994219453 1425538924
592332184 975295803 2317951679
12419420 974595223 27630182371
387213641 975338070 201123049
579772783 841211629 2459486720
126119015 787320460 834882662
373422694 505663770 1674365847
233346403 549373607 3685240633
165654179 502888925 6522447486
442653693 569551017 511266036
789287507 946923124 700631511
564144368 795971518 873509730
728620882 947396998 1501329463
777658532 802077080 1064791730
581821906 807251933 13849360
54527038 539847169 19289373623
651229512 672926023 2719491137
532316065 833942505 1895404205
411639130 677023244 3055519012
322477242 384014266 9546950
370861044 622099364 191271157
204939749 611418886 2874569210
465474911 474988036 2352215689
411252092 919331730 970933017
242329427 671338587 3041704657
438475405 767700407 2313373997
392106715 943170955 2151265148
602720452 606450194 2395594416
227690399 575345076 2823070781
314532320 600740387 3703133974
138544069 536273327 5542406024
548153412 753091672 2850779406
50040583 523580363 17620558759
113843896 769829219 1076485482
181241286 213575957 1483414789
191871127 531140003 3805066650
309078829 313617423 2427748292
9093281 288082538 92448229028
29491772 450676473 15793848646
13490428 891991187 25485113464
274199750 712993962 1123021349
207318107 852842106 5684327292
73169932 661472850 7791185261
821893726 937881384 419268641
730342535 980933254 308660004
115986448 397306359 6139896881
710298185 778954805 1874175267
523412930 757241164 1291304038
379253187 895919549 1795350811
15612822 547603233 28079333313
537072489 736438170 2213398690
53973052 167950820 17902048644
552289489 922363944 640484013
250179027 487171502 393823037
381345720 683525101 3500729299
377436836 994979866 2686510267
545493085 893923609 2574339342
42524492 899595581 21256334993
52024945 252744944 10456227434
37600299 996384709 1763248067
636817524 726783299 2844850475
72138594 781052697 13744863484
104898981 440260570 11784652772
984626062 996983607 231389405
670821043 693351831 39012985
142529180 767675635 893121714
43887053 132824257 13436640799
373005467 597234366 1961894218
56696167 127831319 21404666043
421796714 452371221 1903326624
129689330 195564657 8662011187
282063547 941745935 2158165120
300007832 494906840 2085527969
766047042 860332621 1630341707
335809327 841527023 3016934297
580007984 825343763 2431768250
39048034 855209376 7348014873
395184281 851964662 2900319709
77503929 320265069 3920955055
673150787 893691823 636599666
795234575 877227473 168799827
192051249 575401632 1208269279
126283988 531988310 4164244503
35629152 968137394 28435442610
466429764 500958263 3155852204
15434975 147538261 42806636420
330612318 566322369 1095735502
65992658 198775314 4281851542
736048159 800086767 342782347
465578742 870759716 2958824151
369146305 725383557 2715392204
324092119 465371095 1839977795
155703899 758978626 5485412628
506599956 880419166 2236455018
379475365 585521790 1098886235
420472354 633943714 1344092356
15829730 806481936 20537000984
361127432 793903271 837293985
186817882 257975086 5798113533
505596450 793865819 2452139514
469745974 944245354 2423833418
105559976 763509031 4085122412
245378425 982673424 1943989544
280656607 299507547 6239260262
40750375 997739738 2512123308
5329720 963491103 92416772056
467600362 514047389 3663126907
376796914 485464689 4422372779
95438995 845589413 2292251158
477828105 744147530 1430978321
232702444 347510586 6412968765
396240263 828507108 3068773625
121846084 734016749 8066535967
163985959 930619697 4440618687
465328651 963554893 1221061594
437701605 961043171 2985632777
267645926 676255414 4418079066
494827161 515571690 1313661045
482608025 676019128 2850180976
22326051 156460762 25156918523
232313383 859152848 4706894335
22292482 186083445 40654285104
84533718 684165052 11179006504
361234362 673500887 2994152221
373094602 769764025 2930599525
414065589 542241455 3058102040
77776613 113537019 18839844494
205124311 882977599 188317667
812064990 842482541 495320280
121396323 134552217 4821033785
602768032 709423531 463401923
22737645 223590968 44835868475
422045413 566027068 2456688251
899492891 999971682 56013637
138266644 489889044 4763302812
110550432 725015741 5651270656
61422666 211905624 8050385325
130135802 444187569 7456593201
252137238 781079809 938467282
260453634 740566630 3253849687
4268815 601016607 14756549793
246748425 987505355 4259614225
385355101 661173923 2738168475
326447370 579199213 4766073899
271644955 996814806 559702202
188149334 376656245 5413426840
806002751 857472208 169558893
270652471 691289740 139103120
76450880 397808543 8873838370
97919668 747521338 7908912598
323337093 678876215 63440070
54092671 531443469 8529800036
248647872 327552752 5722186318
411232650 756103064 469345088
403970340 641482915 663622355
97136687 555256042 4212977324
135193547 261577759 10462229271
2364621 708974597 369331655413
259652954 654350811 134797435
89131814 285685528 6762039558
493514999 761845981 2480409166
267682355 837697475 3223402716
388358739 482718466 1646694925
317544123 975827991 2432711968
68547386 166416459 11360577636
478009389 553892826 1973626548
217446588 922644739 2304006047
749914135 993172895 1099530768
148639146 272700713 1167305388
944881848 950755668 2069732845
262923099 852097526 1596149292
135454855 833875020 4054881624
704679264 919910149 810036608
217268187 610538422 1538763793
306170268 409635733 1175234161
627769888 729313273 1506724805
288012124 966985032 1112739698
282702922 846699360 719591180
631457005 781969634 485524036
300131347 502804591 2013416437
688139041 937297313 273986611
164855033 654731517 5589831777
549351302 581536347 906591567
392298878 464192912 1357097835
103762304 474838587 6925509001
307530227 423710629 4098414493
49156150 600524079 11941441048
251107793 373916661 2567963890
698407173 732221004 1651122034
573887684 775488889 2617839448
227504325 897236958 1422877652
750867989 874819236 1556656453
184968000 247727566 6931204891
55907123 191200744 1825287012
345511476 475962614 1905398522
153269068 776945591 1923278304
331573337 536203502 1205301136
350866334 377982031 3547522123
261913034 360475397 2740437573
648968983 764699308 801837036
538333881 842245468 100323596
186691572 676702724 4122550237
