461616151787204784
666743334670161765
548053472586111912
279468202100105546
840312117020457886
577601119892493415
25549382217574488
665855685932644482
970399958594108525
4985675146508408
827777001476819856
92310048898627092
706284291958567095
289468335921010218
374210669207991392
929335326641523750
67052149766788920
800343950636898224
995495012521490707
520589569845555279
798617827949551632
616008944775670365
436391955413156517
488466832447090350
505714754035264995
225956179305885576
958248586965001969
103985455434930355
175391053974012128
666426068358214217
832893444719714104
297186513577592704
933549481849498382
383487413622363750
266420990241265275
566222997896988938
285442415877407490
996909022920597500
463479438495148064
4063625124766730
948214352498416714
414277487512080960
768349182670224650
91527261955647314
673918906210432300
431292565894758856
595739923066393896
143958596973942520
590948696408974857
829826392468217176
853592573701597296
409272323204816743
430503570242634448
452792553286372104
63805203896131152
754476253159328604
733210492191827952
805861670217487370
740355934566889540
534846619387234401
411465694274199510
946741134417756300
309681539553223140
912681722003577097
142735597330805165
930107336312954106
118975262213456538
364813262182373004
894136913244724520
275731099802378799
265431694100326386
42970868158844975
338017831640879370
46809822982953210
676522261802772546
751803136627577188
51837948564447080
907470538523159626
193814172610222930
397300151793813968
13332485067204648
477557266571137964
849794865197969432
57143531154229050
159446534088830408
306151326837746040
191660898408199290
705066158493756375
143588631830660891
693227611512769730
824202146913581553
392985142975581709
16787926132363152
722498331097584003
345057570178009584
785582449063485948
668104242881693807
136771814959765250
171898975882209482
350496247886135620
946545360369032538
397588568818265088
166787922512045458
108348754212084372
496181884324499720
488408334492478764
991401582181528368
544383313296972492
987294904648909752
36810502967104391
407300479802328980
427115042321242185
558007927657144932
975456648984431168
833281489559488245
778561135851396198
461026748758070574
142891071789681072
663380600391784104
328741521546388328
370385129183260818
310833079274740485
129264711125569788
418058423166403422
160897309329364765
749524353914682360
417343929195147630
706768270438095096
553088558952989892
877496166137456275
31243991844338272
950607562423020993
44337069379324737
690296802610548894
45684206350881450
972916825650802350
394133408978625882
656221140599390016
869110266646190552
25250426586809700
304156815929896875
697659255837597141
690384866025033995
58086834083801640
620641722357643740
549974191212331227
138539537753377875
802477859598844920
900997612568639872
235983309989848686
346759520479056258
246955386428738730
940030081758911806
285766240690416404
258310425190935180
960410077173376440
206528819712406940
763949397433064720
577473434680674750
186058686635031760
162039594010425700
501520630683255376
890799471029319267
706023525423530383
698525586209718190
486617240823158159
488594021774597560
969104039436984996
963862582297865146
25907599644502330
869763378147236144
792729625474514640
519048303325725558
397500813224539896
549255812929484636
833344785967053790
253083982140065933
966106607187296955
363119918268109068
944033109548867500
78457439822846389
326262090541434810
270767082874203252
283737075487888064
719977204204393117
538799696129939901
30385911671268944
739779812857422414
731460398316506856
963475638552516474
397877542411703075
344480311331697704
215222756470180831
903171590938789470
21856710623483720
220030788121580253
198213575915781825
322972066722008982
62736246163604247
897398297137638136
700276490697694584
980345864152966392
568043043403683825
212846627647844960
285998623795867305
650141995724884171
163959028585395751
816800610586576059
694770356700352410
637770022105877105
552675918798862635
90764387667915269
40469016468764961
734185206992977456
471190806112098819
618660386712149168
501943482454427475
134881769670685866
107957423628259560
155431277597795364
82749306701249100
661832654475595668
473405507079261489
357527155020333042
264152994673489236
292649202595376004
128834704245109680
265446831448079931
626789830408932302
784387538178316744
219415356795720420
594761186514513942
747561673332400585
958083069749058660
108820788645678352
525555530206387119
786119460940152016
436790942531333916
31293969989251675
860985044713992484
101989971908257410
359155223869207962
400009755537299600
757988392368165448
169827159823171200
848443190191502738
505175576500774818
235376481368793500
784192366950504105
280822424596668864
541937872596058609
998835565473714780
198545027466192198
400952464369573128
757943629803963850
323057363744736600
770289114771718664
846155148977111697
871919214312159572
63884259035538375
586566444338974785
598135223099500171
115941830228496272
714136590356277592
36599736031631560
746680565514156992
366925926267168763
953106800034606868
234481729030198176
672466964236743356
48677303153851988
216363043783501152
964180072959431418
387857256207934590
484294301902033110
675970477575208332
121675272280360976
136464138291554465
480595757007663846
988148214707803075
617915206423427166
668014413226398024
659427476713820738
994128901705925082
151406163616415991
823708797018324960
882202219649629675
284468295686060035
646285316531720544
469218213384606756
753184528611714606
37547127012553326
359224248844377546
924324665633066304
511269834468283968
809478633750529880
95567304934951415
863717066660314080
343895364235999392
790560977148337094
247851020878715210
79708920290792428
574453306806015114
726071620450167827
611083627994007965
275698812560653315
181810928663620125
536953178083457448
815534469926331960
538940432396171190
313222206560097268
625817575018287060
994228244470072950
809469013672305696
165120095139268600
549300641847782220
59012538846600570
947320471464787020
333124090969361760
477111722967261230
379855806727730476
741845210842411022
613454557802596650
582420501758236196
61597386242888594
117469025013285348
467497581054659067
354968338125445569
907402916225364152
931770017093828276
67852109792865615
196409506163107812
873651017239369572
697505111663083488
135230571511027888
454294308422419143
684272643462707808
172136303888131053
394741053433753957
991041583080703644
473892461505213267
474692473635600444
41389174568930720
447088089936413304
546870576314449250
704944169763414350
683059642234065072
135630856944233109
647331998600431368
289600386174558082
199968665324824008
324392360082506699
156199519606317957
428205043740340254
255518009896494048
315404268886324806
128445804399762490
14051788557190952
506359542019343705
858973954981121252
809103823171007602
709104475393366654
868173954321300856
259737752219840544
283112195158924950
491134782066223941
653599919140784154
559746479402568500
125744236252979680
54133836251385925
741873756959276933
225992862365305968
962779034195765460
91703689539260604
307453988341915962
688413452721604410
385324683534988305
38101363698141546
979089704217379280
601265690457968960
325875676450843341
927266600419070736
262482758131022352
877323012966223478
564098598100157994
563605792977602858
855985455383920290
467330639100311952
941812254965898529
988638627599040
215294496930198946
753581091437268405
528696294548953125
831941039832414465
714429446161305510
48710125118382798
893810687129551030
792819499442112900
819678547116854502
137897430825304360
371703074228862056
957354785124797202
790876050678569166
509296018058746035
243619658162632400
197777857724500914
718018772496677850
871581162395950063
697621687116089960
387584418408718496
912729521462889884
255879454810046875
867656789564136130
481594461672144834
86444192561788464
27550958596906305
235803760116574365
295134248770060965
106899050095396785
938858148633813694
548876552899466300
287048437945526784
410044306431453456
291699427317136705
54810269044259767
143419415652381366
618124990517032480
405410544982695736
822570103792421568
973028279638444473
905880001891147095
576633068127329020
55783491967839873
542337549499227708
44748655108692600
420884239459543314
75015997145563740
565205196667579884
164951722504805907
84615219620517762
653242106823016763
349753294556534208
590660673351303926
410957818478635307
314064259389996900
93609346674002750
265198153092681494
43071007490400585
351655919151783387
831438807620021725
228423761348426540
139227022119870906
185343546166357935
881969779853900759
692370251203614094
308565007128778240
96238627472610816
915463631352197620
497921437273111111
963575517181406568
787497669743094156
492488170168545960
245263196637737152
899805094414261908
299476798342555895
402003389014925269
821195305140497972
205618988301141670
910556899506496555
281362665634322928
90152310549748226
291331275266303640
717832370372842808
32300610591995832
814898642104686660
860500766336644796
399290886339725320
912572036705363210
376726966864453388
647373581751165750
618940605392301660
956178351808444380
420652652532847182
172943425919861899
987793864460476110
387524744341404046
3260633930663150
185439245870905539
860312644125472046
124123815736816151
388055363551983593
258564605790210032
628746220651061240
695358080409199068
270518720809759328
479811140263679136
448610757009616015
260436400175640312
203727340849437274
66093551757857728
440013009202171699
48175117061683827
456845792958585418
953162675033717430
331461424783646208
470870873592056768
162481034501800630
967807411973592645
688561064642952381
248050816962173316
737228982923853098
161967322521314964
443299340139512100
301251404802728322
602487315911950674
778580596724930298
115692151635360492
963339404898821706
711748100453367624
658975676422776195
354899094434786371
519896582131650360
48827566100992294
900747404754387190
131914549555679720
990859527635341320
958972158617285188
223352909731625228
649877259667087510
503742597518681651
147318626132384856
533929750228554325
938677506794531896
874758731655778849
263559756731357047
83990778136592206
114345100131294195
186251593069031040
651507533089670262
573504173175748094
938400046860339000
200821672272737776
102813960132076259
207284645360184000
926586050967141120
806208455007643712
794136570545105680
601069812489983252
695134072122447308
982928592587423370
554315605600449583
744084136929513600
573641297009991768
284362735195589505
556882885353328706
324398073576992688
968273620730196218
838141301711292228
150001169580201233
226479541407608574
848171851489070551
639215859494628152
373903469179477960
591065823666034509
924322829562174186
127923604512055560
933803885384529264
186964083291198504
162123972116431266
543621607108095381
565026924044501277
376950623258560215
463601745382600773
724842461476777200
96300370769472108
987526343251969140
785107444655129284
272626563878765668
135242030660402685
577258074828561036
918478712346725760
749706613796448648
223619911209184674
685737098365154528
978339554626071827
222414590511901593
54177919773159616
281108567347660768
37370477997326528
269227438756719840
851646233230429812
515662437237791135
895042316866574608
409860169510845768
717090736815629351
882096921097581299
562841694632002050
908316522824021692
706968259143081172
204389030753782368
552069548844186162
531915246929173725
433221002682294514
779596400882871752
685774583978589765
496990698324143109
158076372560142575
102888557056114219
852788582428766973
633268827069956915
348048692362580153
661891425579381492
291000204840148144
445865239346296935
25045258825504040
9088303109295760
352531377613596080
578277821177231844
752642600078448135
597989698178715972
680671970760190884
20647934430816015
118014326696381357
552289448384536320
862306554021774520
630762778986573630
833599454464370572
398510555361287285
641206101901787656
826844496767087520
603151666201126564
578123290236791938
570190512467627502
890678018946544152
864782845685470637
715657253608499454
600841320517303478
878094554808076560
321461523969631693
221306523154888320
228883725294022435
17004908862496800
170639671106222311
75909543527093840
156277529455333682
888563639138207616
227922002747351436
951018350664628950
529294140889978098
998519310374858610
658701481423122876
625650921477862758
499142274752955393
919363920315878513
108801266563241658
740488212951648928
54580508441422224
844351645165784634
214588181920043271
254415269809896140
93870435175252604
484947013917251904
914730400583979775
537073548717775750
372520733185821418
376882416983743300
881836845403870240
519561894136378843
388311274483734624
761386236697045594
155264525472855484
348857133800078326
495816230282955249
869301548037709542
962854623665414100
793175011248475206
549363302617615788
332123721817398840
702864989712099408
71616117154919501
203802078663327584
467000237511005508
87555349444737825
946086820525411840
641793656409876293
101858866073269104
673368727261093146
994263511058982592
561948805151875880
635366210611966570
123737374782401032
804675468608223450
497053410120953604
598707864541428096
376958531861035890
855260358085266149
379754273123236464
54061106894788002
114387633438684728
83623272913509348
872108710324854300
760711334297610360
165830597125352420
641251630879391288
975585578241867400
359633986797831171
740996334968171247
850323180363355554
724699568865466200
513587406131748144
771291055447328278
509341413253811676
703056622305455383
455849211969754851
96769349687704632
485724635770070736
666633949356831808
791937006421416768
125376427318783982
892731560420862168
436380615277772456
575342007580775708
54361768377243060
924929913767367550
163601733687862356
498749946932513898
683809415007527900
482006272401845352
503437468384151514
258184949520942696
895556181667075500
559537054909202736
189859014371545120
544840658167248696
923639680565852920
466412498486383684
992586220036983728
103606941906463654
842352923887977852
977626656819039775
368978917154197680
532215780687657720
578397255927858137
151067164480904351
417332341461610829
241764485045390100
169430448494800510
971352041120892400
945533219068779292
918435953538433680
837270339433294279
259866234930881970
494027002614214944
658671448933691501
285160024929048750
182183977097910799
998747809269775569
77881049692250400
183059444779908960
615366140798807013
901487725016217288
934238736004406770
702898448053453039
640977622076315964
972701321905001469
518333139094161159
189910629215715312
260995307224948740
641926413784476660
394765075344468384
938651805653562716
314735035025824171
403035562751222745
874253942722605750
305534321611874297
48235304733082792
989225147390943096
259748045330873721
824142977989174095
364455519276107490
601084036418879196
366729822370314746
937257969344519826
86985838575650144
473741418939816800
369675872488565589
639017619968753625
794026941424452375
45495050708233560
699166274991685188
844733561515629375
646271412669191400
880051586657672940
478121418744541460
367236514411347521
986781375232144740
428078115602162700
949928093505275484
630789550791504300
854206862145103016
338833037267720580
55746124101903196
844147347386486601
90756507789363405
359651031965224218
603570933272232667
812747507153656526
127343069450236404
301604075760466101
288389616336512086
618345198703377956
420421885714303452
4682777901249538
955302481805444004
900015615714375930
615849545250538350
782189548941020570
1673416962911952
44441481486986060
441221664424775185
552986337703555132
275884563620347110
541597171328992712
645612965655193490
595822713285394595
724163722960725240
460532363406017892
764488613330876772
610219672246567612
904387349852355224
804823013115900915
106762977231551272
145437362474135604
536334734941501032
377917363595932755
814934446876043517
437180006144091776
338682866707153612
222401923658961750
948011145685279987
513300859292737780
183653323428869712
129219008507765736
551224693369244832
696297263787362135
399645869824528452
478386103974811722
426244884646644720
687426535965027636
731236438679710796
221252111179747572
65096838258186567
856909484130792757
735124819993962090
872105279880938115
863114826291445720
451125183727348760
63887740278626583
965588612591404200
907699639250298906
998330242387396281
114626412743491656
13301484785193582
107362611125825090
443241256880964444
450460250812181808
840694848781263014
415447941215204496
675446148985236651
468437411953021698
389539550313706640
660660792934979538
724145974013402175
828334961162230928
274396840550722456
782976620264680950
244677609349181955
244422496341087137
70408194107372150
173980373975312775
424992260085288040
977169171720091584
762261085242508776
598143528423476125
228732386575260960
212140813056368220
131411206730592327
897623388744954762
664310603646572202
351518802132744190
708709009916174423
719171313298824924
253019126374708470
339785813731531770
318837008034807570
207832046395158829
628239175373121824
757412766751980450
760333186939797848
378847367832479280
381700568829646850
903993382764499181
98352967172326000
489845850644114360
896962498105558928
938169446470101045
196582503374477470
416390914408627875
893800579414840604
822570592762933872
842947358348281192
619105552479141433
383157200761155812
897881352288888330
847185032195017786
331690529224937730
802568775077522344
491517874851508230
860733703845918416
809328712293106232
841081112884702176
703998704145568848
736445377277590100
717986829237738305
869596760750115860
31346446552705508
204813490713071264
307669123262072400
151013715047578917
925359450261098580
593960621298541275
26524549498912267
513636698832982016
542092174517374464
383356859830992618
750493879764528306
178879254410302386
626973490415636490
62548719090182275
840929626276075875
666631325616636067
995045996535955920
119480338738796400
679236714419934428
70446737102332736
27055776158082297
569052256465253440
684742044494882528
13894714276182020
418774902697254350
808824469754568960
125015853663445080
164494341939831665
348302498797487863
932482638069426580
870426283774645542
25057531795373990
459387336234249256
742886112056040212
653897963165168145
354391660357032150
582833559503641017
551552109756541104
506394059270105721
405444189102677388
469812659449636360
112297844524788504
980856396016224120
320707160065659579
472500338710391640
323219779897994287
246576798929458426
205915918021907548
508325708456835072
246934268377177564
152509430965690736
169617687037554024
378410610589387389
108720875771689756
736155182449645644
256105695464190650
288538337443313590
589736775907746048
730318998131520974
542581992056744100
385768632716134647
590205528448438380
863400560701284767
258232996561331700
628981247032117584
734001978555720000
78958941058562842
381440912757721452
246209086584804940
246943041566472009
645506747437511778
415710642541413324
281483688574065094
32948232072770004
603225123247615176
