271220258068570764
984214958790635453
816051392142145593
907384362587769419
247843546855852950
692134709281759409
367650559774757828
404787924096538887
747911801234922670
91133035665200082
95971528857790230
930624605693501157
812576431122555528
102889837476879154
168999720633767639
389569577013417386
952742387870900224
73070123474639592
723277759608242586
416672325958800996
162153644414338628
192372202606653200
9838132755582005
182251458362762725
197259269502845273
239600085947567008
839640505172775456
516365443042533350
906762629635477980
989567077723186039
125291244133715562
885388232734054629
640137783230681356
30010214958204404
324274980854147928
981882365612358000
874853815048057203
638682810198775752
649823961738746344
152446188444610850
356105438945755427
973137955652338680
482217986366719526
696120983211832200
452099809911727104
184452696797430516
469705664616356748
126239516060691568
821741736167900700
930610251420492518
718417309923346176
793199408462182656
693166876842965760
879069152246743360
462392791896253022
579510451822544550
840612059294249144
925953983343148708
458353774048221183
902032889834478644
960866657531022657
840258674003064969
133070338298020703
897327042927847408
917528857934928720
677172021851646444
633872366001892248
415362204414847475
243546890576568578
98941117119677188
858139756401872341
56984954867805888
992074791309822720
123569457423342704
970613647233043957
445572635847648512
630090904015651140
492090140793483704
74772037654245878
172082254305768120
446750148066847856
434019382422163018
974396241774678177
625569239817149775
327490006913807205
786960179697409839
114161004652889529
591157779397811226
707885849231317820
854134957202248419
177934920086096526
876294323020114890
683537241619467725
554938863419163936
906362482985139123
220306883833209310
186102292918105970
573623926944315800
81834760169765130
999396050042767400
351899737102688697
797222337538487629
417813335236695669
361887106323372538
671460265085330520
401090803186259667
510813495607820400
349599768594933070
722187425570785678
771256854326945196
913141964475855868
721838324603544375
454210896533303712
884942842228278372
162777145258190113
709051539899627904
895696817170766190
587299820839146646
726113613602116960
327795648465088797
836212122553911876
248228360990371134
609287978247767084
295680458132525141
880727080680945920
855797223637432784
456787708373257233
265294691571924448
543365005574682510
159523367001495260
899519520953747100
315510002533515090
52010548819560514
933779634056153499
91467951201184792
106460147896188438
273386132659961384
894036365119141760
654748908363233100
143722053137478895
622724125085739665
405799481866628520
956418807785446656
629549992498327474
31383888322451112
185580005517887448
724865015318516670
880596513254793114
470803587418634184
111837244879841877
712719394050472776
688900909050793240
889519574754906225
540551170157707148
896597025013665030
168537384783211776
593855230049671336
821427255173160314
158604135215978760
326720882058180946
826634577323006510
681793522641307200
278569886273408444
959342568155405364
751355362869018678
671129393965443307
511769122490085706
123607070540057876
158308244431604238
461969430977130876
534569443624879000
84381903924302376
202300858781605008
781645214110700790
213853971964375650
570950179767328407
266544850410714279
418787860319275759
707089510142891848
258194504192972927
287931938327258304
840336636229236972
787958891837605810
112001067490586050
89145041613512760
478674211926937744
187203740223194528
525475083892514409
363591361007397692
227251774972879640
574267501784991960
115491018720556371
112530258174633644
617794621693272480
78133492993011939
118399727309932050
217993698348122081
928794916100863860
16253125515082374
447224437269933219
964269498955506557
465474825938980570
822490943788067400
423948313621164388
503342468574245055
247768032173554788
931501982250897700
374350301645447140
843712114669471928
217277938195718400
537498105608718301
473634597949153203
685503737840083736
505098900346695911
282014524269361072
677303931402433412
569532048394804673
677683743903472358
295555963228970206
324877918098252060
445327460070133860
921322455934436655
803991697196917588
856724967150631776
251721256804058160
190186085289451231
644018029776550296
219893594343430206
92296027964779407
602491623338863528
335534616610700228
794165073816223335
474409785122352676
783211693174460659
761174892173102735
210366113569054220
863104274959457916
683293650629836080
778101673206673531
399309692515195236
312743917221387348
210396103970316312
133629804621666320
808674477550583904
960631982305124022
761205646620252960
637766731676121476
227094286436254809
853722489318427794
570262107060706900
676825854373720260
975908493493500912
701845151395700940
587989980432132234
152095477141464168
537277040026922220
326628376875396338
859120089394332204
287497120260594646
591580666439920634
780227186278201911
255666292245652920
343983518027895920
368182583553417600
420570911101493880
389879901907349721
483052140325825868
593772603037693116
184729116822637855
61998022126136844
313588739949603294
786218478132145733
75951049684644864
939018563922013209
660609730744352904
100718866629015504
835718580379603620
543659872861538829
532761782662546448
243366227987782784
412731081567944972
2513357528831933
865833999994052704
620180452612418580
240999556350967590
841147920088461216
75915239381166484
205987478214102244
650470259069474080
417060053531637919
32868106804164672
124553162707523270
894695215478732876
738832302062812086
513638023973543476
521862149686928215
107081593158886907
168918915488238805
662829330478996482
841180034282154590
605520969081009960
406640785555642968
178366629003539872
20814153394852416
56274131198043120
282027846456327092
376474488457821506
596567109581483535
9318339447503010
752108396380530170
726362004760482128
44749766070698928
212835259082105578
483321838708400030
816904422134617291
543547320994927032
599206967597891076
563726311940152944
689195531457162597
17318776320408381
471502841103308124
82854013891742808
708879625232138328
802287709378132816
676784633981579376
705328918973776482
355565305089054840
742173880016028648
138408898601639274
230814282009043501
322786740285809217
984324631100044704
273403111782725930
358407132505099636
332054141506361512
14423051022739464
238344893738387568
121789898918755959
866625540861378370
365422337431868340
829286182935409504
845384055380343556
85816442758811107
921798425711959131
486884012548463550
714524415345128433
740076020698209240
997473500130227575
114357874425507768
498657284236413640
32961490735336880
775001281346616064
378361646493758958
760681885452496560
703884108194753994
983606871089569798
892654447648477860
146163776065096874
312543562776724838
783353587738130532
621078525798619383
142480373221247488
434837090409753294
817346867704353723
83025904400911260
818808587077061655
296688180342975408
477037171078827737
566409598478734908
252156820829439436
120710349489700752
515215877152554240
168967329014919645
527457100799095740
61691388725025108
471570262237336878
135724209275254994
744142842893883380
735924361767264648
114110734903723488
609066448176816672
31690640071740344
795882129394277310
472031007429110943
539034676916690334
906679788538472466
850771588743478437
388166779880824833
912075725666123875
245876977453747370
308246872358509320
430757631458949369
237434060734392900
39338053604017470
13759156916056698
938427289997317884
241589320254952692
521909385046550670
29008970385247270
286470429940945074
794667936811565918
30600332670536340
181407408004802400
182447317680128560
205740648915109875
595734754020359008
81744077398122195
680501452409695488
305164286527149286
486134078947790647
184410795411903942
52429610662922396
230427959762713626
80976305095133903
205594560593945640
639904201010040616
927516462023059409
80880266681675076
175980841494492243
575075741062079310
226874904585453000
919110743618004182
981402972803341125
630474898841875725
957174960699408020
755636067488268297
987997366360723320
796981425415674492
40774353652734480
187004979357457278
241175463247684624
463374969648730560
563583235945347762
794206822277747412
606923532117478030
806119209930578758
551380277288676836
309311632240219422
16687106933020392
461832706984517180
430718976910033344
587850849065307168
677878528198067460
695638091505018704
356339073325881868
6325463760125836
775460434099947910
802393464451231224
914504907378477318
393022691288056335
323887536030629999
953591686374820350
517296587869929935
399177271270164456
280534041334883250
689219334982246794
309844305261789357
679043426462747100
368009845640883386
150230979556679224
498973665017414362
836752562844713010
137532088890550250
261350935192708982
530433467204547880
863779966348511835
605480290837791939
877301819830724288
562527292294956513
173534959893974547
799744566542924016
237104805682860096
464556984388144551
341269636575068914
14231004891818850
973771730312274375
194831869073779632
135792051779808415
200127155769393372
745382067023365992
857562134237439288
291120732214963360
581545298658542570
310889365970564618
378703505241792507
848903834404897622
495579664257607125
556708104782968952
402089731752094400
217352071737101125
586074608679933120
926082141526641843
642763332581096280
661159541199765212
855262356361924370
815653708470174672
522203092328392227
469823845397048580
86290611404714556
554648312940032816
342198309965508560
105697898522100625
224833797895743341
381630954626379640
830239012749037683
408005689956739200
33903250868890393
181063457138357178
443927842844288930
692194586134068754
95342743422035010
821417103646758996
86752467360054672
623462108007318498
496174947484310455
139460737423744698
227691933657507198
828445597408202088
860048840585455400
517011960562294828
402556565997802872
73933043876320167
478903721076252604
298115563949988312
901655979561106353
940960919461788162
57666499213574032
363795346025503982
860780985539636825
698061341083530408
74383926334202600
867415418050680567
128519404625561517
672286609370070926
360765984391091166
596808990507281860
703611639964193835
800563537328405760
834512095872541035
710291283255017200
805520739032384896
420937949452146104
941422134464564976
411846380390605446
133112131718940990
943223896077166488
437913468484050000
719638296916448390
105673149702206460
202119214981956917
22068906979176524
647411151026214009
338716112941434720
264510531839739344
281385015776901648
920352775152774840
852059936481404422
25580704310293440
908574519380133762
359286237261815486
750043249512277761
442370288400293454
421386614329717050
278382760019767000
873200748174380493
820122410532648812
509971621159165484
411747197008082769
197421822097122448
491464685213282134
437735331710599620
117719253933768620
78497672763330765
469597498112616174
975386622255754896
203762944896973000
36013106684086500
14011553357364456
336619197842459639
329302485614896237
276861575650081723
253505250218465310
884103182736675417
302539179169277106
504621442743832440
488851505499387631
170789873620247414
454071694224163950
345412388064818838
398793788291246524
197748915921618334
98958922929942552
552395044582661753
929695859581731235
942933653535365109
584085149095872676
682938670697448200
831797133498246720
899375685269096835
666046240550013780
908775658108538136
216138637468587231
557432141647529704
25531778643862932
427787933031509120
558494039194677192
499820299263024373
32477399201286900
957986562911721612
838622820701569992
675620059352992194
312901019962321413
613694049516735096
320036898410693310
113760715829378856
739377782393885538
378973384985854584
862093627205444931
14623855204244488
255117411188447706
161360869383023442
789691447363641120
688114373378393935
274854345093307140
332939902585527520
712772129663494628
638913835212896859
872198864550703121
450357466566994176
101183590754130398
196692663681909720
472563166811185191
748584249382794600
3534570623882752
905405923466314238
918644881051635456
307534741324619388
658519739585401792
806521340014918008
734907791876245834
358313480955076400
964513275565666910
808512882657678310
511483137413994764
723694991746510080
264650045320624680
93422284345630080
243505872524604900
788369083166043679
998512501249518648
503946156309454320
761278024117403340
39250354246045712
597149414211583600
157483803250939521
143003990759998276
116821323496311650
244512881337277800
740671960674638850
100701199167950920
37800870719764792
507093271442918904
389332530212192546
357226580786221961
961004577776209292
563040900428530160
223891815310330171
47483440205398950
376949957350278204
683531939123660954
885687690312729920
342546655452075224
628488006420721773
650166840128405964
897341028652436036
380059256371190304
871577148136425120
369824283017299656
854232852374444988
432416321753338080
463964609521717549
884745746747673390
646544955516061503
937414671139814084
1890404821337048
103129814679644699
498573567228958050
394387427976905784
898038061955085220
27964255135772701
939354511936177890
939659637849361276
167963922187738688
476924836610857008
893991260389350480
123112433529793395
65696464221371400
502219841856189270
459767264470453225
275784506563959283
691030432223171854
793215688795576655
208604436173730772
591768793735938111
929325355328855846
599477299781688146
326313901525231566
943440429552759156
486483289115141864
481535332990851363
506205609894019728
482190396238027400
924403159565398491
404049718271754016
683422285417766690
11366611816848160
374004953468261340
173147197210664544
875403474809335699
221732847795210810
570691454323162242
695498132845968760
494334700354025228
154383928845410250
175077554439956936
79542106907084748
567738311988637390
784708635878888526
368563853323864486
848683613196823088
866988041241729024
715467264875377788
89489350610302500
10278845655520384
202082470852640600
321965240352973220
844179473794268718
240335711354052432
6614742987109677
227631295882622980
124619848341587250
626461985140854917
448230691424303246
393365432301881088
475633174164910720
845197063892717192
844929232740911685
431390102369039618
701904137793682158
775592539720455211
586219300714603467
111028689949706403
849255434778695880
729358998063492469
676391947546994396
4975846645443374
653868430856904848
614743598004103711
595699762235549136
982264113188506494
988278792950120352
225069276132033505
685608939230598651
710907979765590342
207177777570501021
741740604098448792
321334486856687860
413076790787097840
598326487787383305
564987506404557024
410964339029940531
270197708375683945
364794218300680926
686567369655674140
348127502527931572
917557727161298400
646139702945882016
906475567113851600
658847563074630380
234286252785533130
864164005665011366
552729780648924592
131096815719256239
673475071336108052
618478026549555463
201204389326756725
386434295433517221
38668730628405528
91570858114951374
875495864325693204
140318367604459998
432574105952831745
817252241967798882
83783485968544128
689268685262072272
617185983982026693
307790350776270763
290740367550301395
978622123855093740
773395754802446446
882899751651052608
438619703703618360
830491857634599160
287028705606461500
60121521241788706
196235233534055169
424134362996567250
258107152218980768
783211394978582160
656361253861018520
476394438978953778
81120953506666506
912546505584512424
395973450544667190
416422884847857570
975049254309102861
951508702399748160
511937680616297453
378827646093292555
138602937234060450
440901158362017476
239958434092042416
156259363437174298
937770615088293888
593670308823968390
502727200143025260
320205638392729055
637945838964094877
324179445839093712
715940144594452680
442666592801350992
497340161736216679
578902216307725249
239050430682370518
199137804135512520
505633706933827472
734320618796354824
320849887314761217
475377265493187906
923879233840931986
702660362843264714
482179840550054770
626449280342085306
649565912812574520
489634139341007310
898121288705773173
634003229461976796
619496223793565895
831955648909921690
202348039421212926
947176441024008320
561293778453470238
413869636788097109
63186970627465966
998343032618870244
257623997845930720
579025457950670772
855480483600313683
603717514271496312
636944577984806457
422342366987234133
379246174148975980
272332509170297626
557585583369831270
382847795748088182
62781089269486385
399430334180667645
140595745075356288
847524515845821398
739756248099193024
922094210683243188
686780938782021131
726031114419951990
62834659664143657
826322979592081620
383635745514473865
55499271454431618
62960132365312690
271664274860664972
602711854579247636
875097239487831864
23275050086299599
903267295414516956
295598293483824855
87159583632207700
730031049901113813
651890335527720146
407513928720405024
313280998087726992
465324936246041755
482976297264465928
314985369685784130
865139273804176242
666600127829527000
757393555702498560
274376862388109656
553209468241045268
63777414240868692
614751410713984895
395815771633534758
130175506436489550
102215866493870910
366248768237937950
247002685246035061
164926010360335293
70239900414085734
691938655138890106
266350317334112700
51933481264041471
640924343640178328
596319263894611125
509592318955626792
799140211615053000
391624619328292992
553937405938668360
388936907985735720
803163496006179261
872319486307793930
284138773375055346
40138156663721980
554537421208790800
237785704497755700
603778305920676352
962951169150156344
130526739014515400
336942892280761335
193538175599223496
890302949581776905
300397779571560489
322184634412880148
865321855980213059
123852311587525081
930810230580726720
153386691653383392
32790023110635018
975053204033521115
13894311145844988
197175084785102116
435309944381805561
188456662211433116
160819444400909841
960018424927244982
201122346313908699
266649364452794000
991371352133446716
167203260507471720
577108074467269100
401687827167453372
481800100139001148
847776815797121784
148903962823296296
393512130294969462
544651732099870304
649112946372818214
2017473675362814
942620494673996866
51813775763178614
113468850675816340
109798799676036800
370419178169164824
539738293077173583
896835980514717054
478381208069253165
153098144113931768
560125993532403268
925752282562048161
519369289581774720
546575365072557232
746359416219123524
793598662867066135
998402358869206308
330001700114056680
940609329937313520
233964276816482730
586747537491824772
123199074104414990
705735160098682368
374512072541899446
640611542452527360
561149855370588414
542567519724407879
19710639561358200
553772277622865587
926618609841027030
26059762594961180
18688777128231548
840975482912002032
475444517300719683
87591255220337136
169567759871579475
882397598848700400
905481292904889298
187481825687624100
948117995862155625
819517936784601078
557749025725697440
58246603046560320
331323688281218472
299952918456282000
530478843359880888
