1000
508208924 822532260 863416799
482594599 582154813 3730065177
487698807 836059708 2649337514
708095383 733457541 2518576466
1475847 779855128 168250896799
63087467 717315966 11935928579
701766074 834856580 964269031
587107938 885984147 1146340245
284747054 887968891 3468855629
413502843 471691098 413597674
804081094 939624519 221493704
134966313 911249494 7916498319
409531788 791863774 3010316444
120110887 830882975 980455653
33678757 524733726 5340059196
289964593 474848285 2163915916
73176064 905594202 14071927047
7961436 936104618 9256065649
620729637 751767875 2127308287
380063656 471567222 1979912955
452218462 512243447 675129514
417948581 574371550 795203612
873809021 952553970 21587068
247645675 675898599 1005579561
162154781 790187269 1466123633
165610099 627776354 1828436909
115236554 897660904 8221598951
59662106 768170332 9327032705
71123980 799781987 13882804541
679436283 751619393 2773033117
95600308 161102781 2088283639
307789267 732152683 4085899811
240412518 281717354 4934933705
241203602 818673678 161075716
56520552 465402864 6434054837
664250790 809092576 2691740171
396526761 398397723 4402222731
533353512 753009256 2045658867
510251618 944273941 1961709445
43437925 176821867 4371663748
793917977 899525784 844423153
404735437 610886520 3997373415
381220721 829589975 1846203882
131924925 678442510 6302702303
60600378 823815338 8009134153
223372876 280195921 1484060396
244439418 866523444 2463620326
45374584 331556048 3162912180
193091644 265013079 7356467583
194122358 392109227 7167280890
237293144 838642074 3884195430
614126339 636542016 2537696865
400498908 520738560 3061881050
168825440 247975841 8751949887
795844836 951339746 1067052529
787470588 807474150 1453596734
751908926 801253766 2167091463
301514018 575613683 4679652595
59494509 359728853 8978300345
126106649 432884308 9236710372
98846651 871389567 10823464320
37894743 565594499 23659109452
248852147 843136567 692564221
322363193 392483618 5069869221
720372172 790828358 2433899645
121921953 850297817 6350537418
179932758 691627858 4439322544
155330795 342625628 3886340996
307881594 967078802 1042878449
106385956 361026465 1204075496
799539530 871823489 2057596937
280602432 499564723 317149972
779817040 788330365 2530639722
74074633 381176106 1992354526
787775374 970425473 2232288333
120309075 516162298 4566807637
228514548 416541420 4270006662
161811451 610689256 3846927638
378957120 936934741 277114979
744419130 929633070 416270836
684854132 747736907 1249798611
270394539 996101873 2040851548
317155890 506164149 4997354082
347376401 546424174 2945681580
81780272 931572885 4356056328
514883149 929600129 2374982545
742311794 983387781 269880686
225775692 268254891 4822057724
208812836 482456597 4857302404
121762843 258861431 10314325901
388953834 483204147 825710174
170478533 707593110 6378618890
352076695 941354928 2667564791
300854744 986863567 2406866661
335852793 650972709 4091009939
662927345 928201070 569672559
60269962 914078589 3291407188
45326665 778792747 13391885805
600515014 739576923 246925070
821474680 898809958 2328498025
526748473 849211709 1082444279
321769843 745087639 3547587929
536293170 671935623 1400881968
240181731 859248121 1927889211
536774503 575771923 2417108238
131463407 340811569 4227838856
562405725 952498818 1444552898
166318265 728936653 2581595036
154534163 431447244 6347190813
201440938 920498796 4666568070
837929023 896703926 2108092138
592108573 635482385 2354988285
175234664 695136245 3245427870
113666106 972011194 8695883823
695392283 773161387 444614095
357536424 990692778 2698871722
209187502 665839843 5627002946
902999101 965659693 1258573129
104187424 194884706 10695164321
114120923 412640184 3666739786
26629749 787852170 32462808061
223769118 388180400 1748772206
840226723 885823008 1412968454
748692116 876006443 732461593
335731040 389562040 4884124580
842869865 888498616 1978532085
285072207 365998397 2850417229
137731376 179816600 3401537241
88395466 298079845 7969862300
75359005 549164783 2407329055
336412109 659458169 4037890068
761788090 940567825 749616605
699793318 988373213 126945106
419889097 645621012 3670199888
517976794 855534824 283500150
674365966 762506494 297485700
52601251 808240279 5535579965
364063820 520978240 4171785580
298779804 916414878 2905877296
465933815 699548414 513909992
202697347 665424349 4008016936
111788127 904759129 4078593348
677287836 843593396 2545874320
82517219 866648632 8355735591
183270421 213056473 318546753
318451016 599273827 892433208
543359049 699180231 2370779815
374182341 533764213 4003174351
657617722 783319172 1316959622
60951957 761968831 1981616600
373256818 616899702 3064785734
293998162 398391523 4072420756
463296755 965143206 2841623164
47780332 50653277 21984849940
543672294 697676494 2934268320
115579857 265481288 2093027087
133913564 892194126 5100228092
825184486 932041190 1876767562
262458998 862009919 788294019
377633239 759034177 1295623325
370577692 405290989 4270272288
413499925 913754541 2394981056
208919854 223498855 2579785667
220072418 384655789 6853241768
272275761 490018946 4292857198
454277063 468397047 2910178559
779027042 898424578 1226563182
526987393 761328256 396911261
354487486 762003406 654336121
268016571 858230587 2261941201
38977934 553589522 14680310722
887003876 981975351 181062157
549614808 826378764 612881559
725098421 942443669 1907366351
751565235 880192372 527507554
124315491 250677324 6870381568
321053318 485788267 1378905126
133522139 469804390 4027876572
163448063 860329541 5147962861
576116521 586500753 888392455
503765562 829242005 918782442
196827843 370952009 6534750548
236142662 475191395 4994984402
313113458 428521709 619067365
412321320 724958045 339168635
299691076 474416190 2606200725
337401268 939164602 754170124
940962831 950843099 1111085252
109911493 174051898 5397020121
780413215 832570885 564146028
800419307 884899116 1366422143
144462447 194722401 1392559527
697573286 832456303 296495330
254275622 351850225 4185471298
200770281 385127077 592045791
26965425 765795065 4545407916
669860491 843650809 583824769
709687778 885664332 2357435935
726269367 836307563 41813309
143443965 372240193 4319204525
320598311 611416523 4584825943
88756512 194270911 7640410808
163465335 924805144 5920959183
125025101 740582186 3963358340
540849247 953372299 1458612096
192178812 878289357 1571360760
250899130 913716029 4732120801
340541266 882726679 1523364335
17690551 715103023 48872658403
798051204 936899505 504172326
427812605 947054309 1823934078
571534013 981100946 1311465903
468072317 962013892 2177096830
298719769 491674874 2718181364
166468688 605991668 2159476408
51637397 386088186 14870811577
12484211 495854288 46768775073
231024614 763432468 3821063304
23348626 676090849 13095541913
241509540 947183117 1688190818
396340452 707388211 1753135880
348189318 847606309 3733008622
570832642 625481779 2693850184
219734862 487991070 5654519276
109948086 467239198 2828197287
326026009 644462706 878454335
40311315 281443742 18264376204
726546661 907637686 544926079
363198709 586688643 411436804
13253704 807265636 46204694201
671508436 684409255 989927326
77470017 749613568 11310689871
704678222 918323611 1189833104
91501103 507722134 10102186509
495495419 821201551 2463093429
15863545 842228369 13510750746
114439773 787075479 8638592239
820732615 825101936 1660673524
640546001 819203441 2164574684
435545947 635002734 1545634135
236915898 425994900 2054212447
315437708 337954428 1289554925
430323560 615365380 527688532
399327162 593522626 3387592416
45047523 427210420 23573472388
237741254 913326626 4035266926
918739796 976098021 1347559480
377952170 781771419 891341375
57891062 443920222 16670195671
126416542 742676883 5278823796
817909545 847288090 1626321286
182669964 309296740 8497718092
427541732 912348685 2410855729
7633334 168263465 80523708087
771042378 861345859 373838424
595210442 783909030 1588049234
95251946 387322332 4272397827
299940678 539894615 4455573690
837121702 856153306 679236254
649440832 790065314 1659682097
207084329 490684390 5357758045
124244430 240282603 3121791935
83688957 244478704 5517269829
240188685 996219262 1902468827
350800092 583626519 1919507003
430439849 669560962 1488062785
184372762 527163638 3536298555
207736572 431571927 4234132882
460224115 856839949 616982969
436662851 810981456 218429581
492292248 590580463 1167981048
714450391 970515577 1910556086
589015926 743871539 231048037
203572779 761389326 5845988354
830523532 969390034 1476883109
530970744 710140998 331517557
341771094 403845370 4514654255
119006973 947844111 5141877856
535864054 867686930 1608213000
539852224 554427970 889751692
19609508 251073170 22691365620
184036361 702604956 17234051
419908408 443010597 4016390987
480612427 864327897 2007925345
114186138 514516596 2578984751
77407407 629750421 12202188702
738322030 778607666 200322585
65933204 422325703 3611929794
139894232 964883858 5323872511
348770669 784521312 1727411115
402674529 756775704 125056267
785851010 947676799 289924628
196377406 408828555 6744434949
813148042 815196234 1814931844
442623572 563013031 2072742025
472786465 705485433 1843521609
548894120 724351463 342917052
247407683 752695885 907173880
159190998 788294857 5004575598
125055934 219299349 10562192011
469582683 470599602 2576188406
515463426 903225564 1239093423
108417776 842000983 1857015425
788598066 941739852 48495676
290332820 462923490 315388766
147188731 226658126 3160384107
316911146 622361875 1792862177
450131235 618118773 2290451634
110542605 939408605 94215729
429072971 691274933 2840870104
378315595 872161256 2752819527
200547714 686614210 288312293
140027711 810092333 1782680627
430322894 562169354 1982905068
111258751 157991363 12512947294
360624325 919138314 2098605946
394997268 807367897 2259163544
108097407 666164182 6061211877
257357379 867175082 3472730121
27551551 984750700 646182296
676202346 759123158 1318395773
444474446 806627407 289125534
406212888 459910916 3286435027
137635852 770677353 6870076830
128434084 968059264 5968624420
88461286 762423704 8898420267
424108945 501297810 1547671454
35722046 946340275 21560611056
673728706 961752189 349350406
210039703 982248667 1333893455
407327877 840422708 1176526073
25383684 783921925 40033488761
481229335 795927559 911637264
405678805 802366403 1330162734
803780407 994236362 747094571
35979384 414103130 435699469
136929672 487183022 2229867992
59481089 426633398 2333007161
783665085 910728905 2057435678
123858705 806762615 3403265151
614903864 760463279 2439144919
302204618 665250166 4068165757
434595961 779555774 307546362
60026979 551425579 17028066309
462934510 985436295 1545813209
57762293 560591958 13644673087
254855859 842817983 3781997449
455993576 906072713 3288348475
151682556 328853778 1101675842
678226784 796884790 1360995105
213870705 378252419 241260293
607970768 769792531 2281500880
27488886 488755027 14538301538
154214879 923599530 5756215916
63287194 517660240 12481803653
220842679 382320137 7026611358
557022705 684374705 2906881709
439055806 816307833 511959505
39887978 916435066 8176575634
290473762 926593003 3542226386
319724263 625151897 2936028427
740358976 906180115 349679535
596046054 887009527 1219764268
69916297 593696365 13067071199
188853713 486048863 610448796
51322617 181620550 20462494818
203414576 973726726 1763232906
139275951 874710557 3970487967
553919204 668362373 1870007961
561634 809330466 449281567994
653786736 860569928 324900520
474940622 680830784 1841546468
129368615 629136799 1574662214
392110396 452582676 2510613101
126602604 484642348 614576331
279072099 794713852 2283163040
208124474 447132566 955673535
138938795 505966800 6826638440
491073462 539621301 2862382699
363731592 852744192 447538259
197716638 396347221 4617200913
50134648 347115021 723407782
296073709 651169866 3910355861
338475336 726114873 2044657802
896666194 933750066 1178433629
190103361 628440533 6212149812
24964611 778725727 35171622157
29554219 622105911 13758012504
745215539 958933904 2175043756
43129810 315552683 6480053956
510396060 958337829 925584022
199292559 897942497 2641149865
516638204 956254425 707871020
39940605 879650486 1029633908
519897811 560346041 51019867
516084916 866646373 2901184334
406277498 456489804 1123873827
255549004 535681546 3016596861
321436621 975444632 119987098
574159091 608996091 969336922
724708055 736114102 2176079769
404892498 465129565 141365273
631175648 911323254 486471267
254067484 691415440 981980831
388430749 425508203 1013188841
289426510 858798176 2752012452
965826942 975309139 168449865
514824832 562690229 2531183000
762224410 850788067 759044417
180602399 366727883 4017335447
518868774 551710089 689662375
238808776 583729871 309364691
271072638 452634524 1359141539
302586011 911608328 356442129
465197889 778702066 705972867
64625978 190807243 13255324214
62473511 741197259 16097931700
427137233 575909103 329793580
380179167 505406758 811085684
364360070 584173141 2562744008
742825182 894498600 559055268
302806001 796905698 4188661622
73573455 444215273 15548386325
22012485 203197526 31744464223
285567830 642637924 4841277223
765073550 866511747 1859708257
32482695 508795838 32357948924
236234839 549834396 4823176423
511105949 601786305 147532251
350860691 735680200 787182560
343164208 757878751 1021023340
107506640 990353381 4778087111
296769726 710508646 2692269998
450203654 852932659 2695254007
565448198 874728408 1767191739
153951418 916079653 6116158453
435114602 817515715 1941665338
234867446 376704484 2138061437
197554677 715889521 107777907
629424764 714174487 1380404231
459711974 970985111 1380521938
29430946 396943477 21454846025
259544816 737671374 3530741385
82171912 842520084 9291306714
121988263 789314908 3372546717
83280332 750507171 84382125
919287595 940917567 1667698401
509852052 807241564 2567771294
437716626 546185984 3763609515
251128814 915699739 1994229043
151573924 534318511 2742998271
494036003 826730886 3083655591
152867731 909116249 3952959268
572583854 628813320 1331961219
423345850 987847952 946644285
240932098 896862217 3629115754
15562529 57577363 25290993090
388105140 519084858 3057792738
105843638 722959315 3985952423
141956836 143203359 2107360738
111425554 628415334 5272108959
73607133 603406833 12754532681
411881210 838743225 497886032
854974814 891075142 598981037
405025468 908031985 1893787158
208455202 425207295 6175152492
619237048 944731929 1618686034
52798568 154689473 22287389080
297570543 743967941 2646517440
511721918 692598423 589676043
214717649 881519107 4631868102
68280854 90837984 6082687683
176898417 806930782 3201831492
249083162 856596841 1768504894
43614063 244536489 384489771
853353615 877817608 2250421486
162459384 496352054 1591792670
149964043 763228255 1083415413
455800756 743641768 708184876
152590779 338489861 7086924361
15976788 213256594 57696771640
537506192 651850208 988220509
394191290 725189392 2277208989
554670317 710251873 998211032
179390001 621334979 2720562178
3232433 252125431 265987694409
334269221 507913425 2458293220
708003258 806889352 1476250814
559305800 901033207 1165162633
33003053 229317275 7533639595
86206560 470830200 8043258784
587790413 782661501 2758778552
336131435 575014186 3030059780
91322857 874869831 7995526837
244954610 375067104 5771805171
305209044 646060131 3934947074
606150257 903484473 1439495536
153144556 639375867 3802661908
549284685 674939489 284945739
88242467 939600614 6875805445
176468144 955603822 2297247033
145948025 918012198 839353818
3651239 471364599 62054382992
647722510 761019090 1090662520
15847491 603844657 53764224745
263513191 507338310 2352539496
182775239 561485684 245872814
500037769 592236289 667827968
360565769 681412883 1882679403
203474942 839297300 4226597579
330662970 903810893 393827836
411140431 943719081 2868303369
49321516 748320319 1874846879
760550111 851243671 1552164726
266622437 544765960 2771768587
252135546 375080656 924933439
598902491 753954243 682178996
263593645 983699836 3985062250
208825324 315342928 6845850522
125127721 484752534 5198422097
187452314 573425988 2849534606
252862055 895445691 374950525
649669173 997914236 1217054827
21366066 473855893 14581885761
442676841 976632779 2960055913
393408649 690994808 3753563711
249689936 474523548 352477488
229505954 757773905 2065208069
127881725 882796700 7706132326
27288764 59265361 37359112704
478897778 611437700 276977319
214412555 266680053 7298188489
470317349 644415684 472696595
70212326 109862993 15694369184
11823114 728478264 31008850092
219236780 807562020 3461237500
339513171 972088728 2796227594
695086310 713366064 2273980786
184399377 679759000 5753227716
188083240 754495306 4717885481
34638817 976765035 24079539266
171360428 383808575 3553187116
295107768 666042550 4603552517
894659634 908197093 913815494
484226010 949355977 415109785
166814168 961771458 6635054438
138733400 577370850 3914971816
25092910 716776173 29682942440
11601162 307251042 9452772625
37104637 991947963 5651036333
254795516 846872354 112673496
170291437 588627479 4901649011
377719240 529649478 1536250378
301048861 711414620 1250439146
907694795 960938442 602822735
370856445 481957758 4391308445
656084939 948354059 2197165540
493419080 998938487 77451655
231949941 439778314 5983097671
313310077 846236120 1571313042
135090173 157178877 10324076020
243954703 732089602 2417586645
79896075 786987805 5809626509
200694100 846978617 1715777304
281500653 691677354 4364388674
530314949 572317400 2979467067
914849534 970931779 1082677097
674130969 705321263 1194554757
315021136 939851365 836750322
64254394 465789315 8703854977
132038817 830740801 3842123528
181030598 307214347 1033455488
84355965 182612931 1360410944
178707083 957109221 3118391272
657215711 956779696 2503566904
504534380 702800175 693793458
354430750 729887983 150948894
328619916 471403986 72360592
430579818 902976199 1154569740
174866183 231285053 3306963409
415176727 861860549 988089440
439533370 628059036 980392798
93271527 752823090 10653194680
16467523 28685643 28918579336
19729476 189331213 28242316002
150958141 603305236 4048613735
494989303 552577547 654116066
31491783 717456030 15051626910
251962025 856206929 1774312286
330238491 590419922 1883034237
177280831 363333838 1659718008
31725846 764438983 3248642412
120759637 153106169 8182256594
745295755 872209896 2313327101
383127021 704764376 3799093234
4687043 471091566 125856835688
385277675 593705150 2922887540
570839 298380156 1459936100889
297739665 929682312 3988079183
392676780 794411034 2534584281
472267096 891985658 2943106409
218384259 380746016 1557388542
350894018 957162147 2170985479
750621083 890462092 62686708
83716510 251635160 6809991220
341103489 540073380 2671423215
246295546 393964913 3298044174
196264008 222095295 311709934
708811889 791734457 2561523186
33701050 212768646 28825652065
344038996 500868606 3312685929
328181127 934302141 1288343476
562841529 754270133 1903975965
101114382 610456052 3689356398
47069404 830262227 2553889626
156917613 522453618 6127087921
437915484 893733323 1289437103
487070303 588402119 3235100922
530659582 584461180 52578973
400220721 716017109 993742505
179996262 570491579 1179313203
331778136 982400176 3184018138
457771705 767576669 2399658811
31266782 592605742 9254424656
266345315 404039601 2074058901
739371931 864169753 1788829477
383998678 452647797 3075347062
82859369 289713154 13536815282
55463456 244128380 9964652070
821548284 890702042 236761893
510339717 835685575 620781988
106566957 110565021 8708498821
85318961 626679055 9968475137
190978504 896845568 22448802
510237271 538857308 3454713346
520681101 864155493 2827368923
780794626 887213931 740503797
383559232 700160072 2657393222
244970284 538969940 4788735609
623371242 808392431 2088022573
348942698 428431120 1863193323
356054429 942043682 3732744753
186617557 248270922 7589033832
350900588 879343405 2039294587
612143371 852453528 2031186558
443603690 808237267 924032204
450729696 477196672 403042093
118140501 881079585 2337527058
610379039 662178544 2482174512
461198523 877045950 3303533451
693448803 832143642 1332324345
15262330 834471523 50791829140
201469898 991815169 234394206
323540680 387772875 3385616573
797425526 992782243 356119043
185102483 463294925 1081233864
467243239 499488998 483904176
277160936 577675371 1305475799
655430325 716708232 2163490275
29994730 296853970 3696524360
240677218 994068881 195086853
68971544 112024720 11878828821
294985882 355479744 2415065712
68935597 335454504 6246936815
259098289 410989137 6047307272
487641658 629775601 2048654331
399366542 471111101 1035859427
81297871 678722278 654027493
188740413 435050091 2863639119
209185082 290965216 5616781886
348907902 757615826 3707502868
111881188 115440301 6029005805
315284977 446232459 3401828459
146597082 457994884 5854653993
673343336 707670958 2600685037
188047628 294276281 3312584653
678515760 780481738 2401251760
760817322 825244380 934227249
341392383 933711276 3417081442
106000828 921959960 4548385927
52775051 256957694 10596969354
141231345 893632474 7254569555
180862203 287962512 5820033081
587288327 623573092 3099470108
170774077 218260026 19730874
415228139 757451041 384522810
39876825 179281598 15283792316
323494904 762261348 1736537065
78163105 907119959 12479271559
814008719 828916801 68089654
132906690 690369623 8428428938
352811250 844931249 3775463140
430662748 741457359 616544795
543601080 806053776 1469021826
42684468 153426574 26771016124
143852235 566323098 1073214691
146031766 509900671 578719590
692505110 943044918 1257773203
81360565 678177784 6328929196
20667613 398443537 14035955106
90205709 592705176 8826498746
73601335 779873315 11794299910
197506851 967512889 1271797263
142805991 349637321 5836387126
291094178 973973262 4146683702
377312929 768993786 2368367327
642265929 807559278 912140893
206425836 684064092 5949529784
403725628 836900792 1786276370
67487371 338851411 8556272823
514511096 946766105 1518525591
310379105 855667736 2117078295
556352236 771275307 2860081483
244665784 815763427 2146737887
166811551 598435717 5238986716
551404673 869484718 33686733
331814353 409957076 2039453935
60287094 102645885 4558884215
393033543 422003401 4301698749
235896522 557479860 1337699544
8759121 807085508 65861065522
236418897 450359132 4486123245
810238747 818570052 1214010224
531687807 768085026 491364236
844917290 865859996 409413420
468265235 935830053 254861813
806688226 992142627 1276023587
472238295 616146726 2935253670
460484002 861692761 1228104347
495736700 624930608 3070009013
161371136 377279323 7670634336
11795978 35264019 80942365682
3999900 524090441 22543648665
15560392 427948801 684596418
454168388 728282333 722428742
137126329 724252413 2792494561
25998101 808546178 33514883701
479371576 998209983 742122469
358274077 406674022 34728268
355184260 858875164 905916475
161792637 648933012 962282324
170926735 946584757 4326903568
135151238 898991755 3815104575
143050208 706245380 3306822967
518252755 602960739 1706592369
216214484 530708375 5501649490
441629189 967969472 2786097970
328817041 588704792 2044724005
112139142 929640015 7014253017
318770587 892845870 3301748963
600383871 699752068 1814160342
888181707 937790844 243400601
128821485 904501176 7531419703
849778157 971456635 1609082460
83278287 454395842 9610620672
51826211 999463443 100988751
14898572 701324215 44820327450
159898464 453668501 5199637380
179239192 807351435 4061334946
643983121 688595979 2951768595
245581472 406636693 6454612917
751773949 788379596 584867630
855875677 979090549 1501312165
8613678 177227414 86543728135
624379304 679953471 636508024
61482326 938161039 12854922376
2998978 764612191 107568255356
15017496 611844105 28181503209
134328741 240401932 6943054485
343598312 885268233 2282536144
897252147 932787654 898601992
369432131 449711885 1332210626
864093873 910818334 822682261
540275740 949432861 1993906357
39600307 983837561 9144876913
54346800 574209637 18481329929
12022632 439696640 55213126297
652207540 799742468 2523316870
129795951 179784580 8740675529
41177955 471514872 6186483729
75491866 77122927 22652134835
51013948 884226514 11459975338
594495151 814318657 381507465
16795516 679041978 41090306051
821696149 964768659 1393748142
854422110 939681315 449605738
241672971 298653474 2892918718
410493363 493219629 172601251
594318048 674190659 289900581
582789983 805393314 2589290719
529035054 695003885 467130340
5857305 163347751 76500249892
216153618 767542317 4845651295
718598375 777269824 224384946
264462856 707982477 3579864195
116403800 375259911 6946801341
77734387 213157689 5403469556
320327481 342814457 1755733120
573520785 889854795 2806095982
26743981 358114758 31078128747
8986476 965980945 99161598634
445708341 648521940 1660433283
176381480 524472946 6291976473
10999790 161216233 27874412498
414075158 594910362 246254505
351215037 541473664 921141998
462939776 623639649 1596271358
729736517 870962120 650046265
80257588 929608440 10601238296
263348476 709398792 3417603689
32694351 222632667 16710977001
360854862 970741621 308368120
336805452 633708275 4149427656
717760030 822472482 1033122216
923059722 991211085 871248439
521279604 723494743 3218185481
102847656 283581045 12606964783
262460083 646530501 2742358325
150459901 890962358 2942987335
417758606 502931860 607367466
247884302 695079896 2412974268
10544592 993235980 22998132720
305614883 720281034 728237221
80517888 887972076 12702817103
461422705 492846892 2491181862
276376460 688377270 2549301925
728765651 855213902 813796653
481447963 835828311 2088306535
99353591 655260732 3757619559
137664132 680265895 6253071108
146265611 955933894 3489529458
858395049 969160579 1092549673
270571106 965940761 2738871083
264607334 273468761 1777557375
65565260 848611482 3271908798
774681908 915450495 1205031677
855553597 980437239 1607271382
76028319 740700719 4653307289
75429966 262201442 8115256621
671287906 745576297 2615426487
610047278 852521174 1976027519
723970606 885788065 1210372545
546001098 626058274 2147965246
436225480 693037209 2426334221
52729755 991792860 9779413310
428914947 604127199 3580580646
191353174 448908899 4725582621
536292645 542557538 2296953271
92347570 367948883 11270024011
250669662 645535600 1120687470
698165536 719686787 2672759920
343070853 748723700 2385754482
96656221 320869037 5571712460
599801203 978260113 169937697
178091489 825972921 6814474800
95126552 957053061 2977408512
342260349 674251857 2550536337
491678753 494425211 3470170084
68270434 493278103 10066918987
402811039 813131742 2364571794
312421188 369735481 2494118995
65062690 332926514 6968063488
373376914 527302382 1245840576
272508862 884512781 2676506337
578032047 764554621 1163075872
427083097 427869244 293729319
54884457 853276914 7745771781
708247424 949075942 346651802
699447378 787990153 2287258066
57414196 591284539 14135653195
344615390 381537084 5092507658
63834751 448663506 12289457458
582030510 773887423 2185571897
466831501 652532747 230891653
399518738 741250983 3183064067
635148465 948770820 1008359830
685565067 777415208 152343539
498687146 805297863 204434180
301374802 382937412 1610838811
358188188 681999950 2566409930
217931122 252421614 7482284071
465959907 557555232 91695590
173902386 232039756 9086831651
385741089 386121031 1531871339
95581153 772981809 1024648511
772136947 938344201 1723467568
622965167 753674738 1911380602
497944429 533191016 1582684947
12113501 769590516 26269209879
845725247 886059125 1075370564
157683592 211174674 5350039625
236278362 471856802 2000655768
82548681 97032639 19396313660
148734760 394944771 6169635817
953412860 974613102 1571524774
172406822 915784107 1891058810
619270674 660407294 1731003401
2804854 455866771 22878133175
191042209 341120731 5020034655
277709246 349765042 2556950308
299009045 676461070 627792478
287879955 799007371 482992767
118229483 957040053 3480467717
397927363 849342041 911539553
120360821 277125237 1965394940
346046801 443459726 361368746
37112734 467651441 20123841605
237210865 932533840 1408461976
884775447 967927640 112351094
24645076 557343388 27156145416
199481535 768667055 3765129215
505048751 707643844 1729121712
513829800 722545668 2661268916
66971796 807574530 6332544399
322170688 927247748 2316790595
649898452 839830680 1061571446
161288297 562149140 6408413596
535356241 913998065 2583818436
135818694 695702206 2500464765
74963882 461731945 622362835
310043150 330742936 3465223190
107965650 675469368 2554450288
121652864 894563846 5638066003
860884198 873411213 2221078152
366437450 411502221 673400401
94202805 736605052 4034208743
560846068 976035355 543372650
456262704 476652685 3819117806
912569931 985976410 633848170
444042196 838854344 1109649079
411184129 836858054 3138475869
67804627 156924284 2615854330
313232454 806068808 4126380494
47973364 975164903 3354623405
365368485 793546521 131065935
55625212 524185265 19389110415
596773302 865582145 39334378
755920066 846494308 493772554
277205703 908995497 2049241082
491632188 907383622 591020945
125044290 996084717 1447551434
239061534 714159423 5360043028
511752804 949163099 604901229
175445768 842975130 1836158619
49027092 165765463 26201454564
424995707 654604685 648849722
211270588 485474616 3920356559
10800846 192381242 39278381832
376965893 755294404 1915997065
406442571 838340875 3097101996
207524100 551003068 987767708
20158537 222946192 21285921193
118363174 165141032 7899630821
96400006 742033562 7608312074
399864115 883817227 7328080
110664502 173170730 13961123086
57626521 65688143 1687915012
577752283 760769290 345547207
259130200 863110551 550933488
684736002 803111438 1002196522
490475347 914409754 1690697866
52094742 544214966 18863424127
658149747 825459017 1306391261
409350113 901306021 543865491
737051638 765303206 1491855639
356269687 799352623 3756586834
346563440 370742152 2899517709
148416830 469287496 4847396678
402428485 980082644 2616165655
132059933 460199117 7733850608
160842211 942441850 7266718630
709277832 911773811 827198099
134866380 474898598 8955032568
495093165 666926091 823376062
271354916 889408232 2821993747
305602270 670940698 586756741
380502390 597674663 3035547202
527968201 858659599 1145504842
736132622 768177024 1704176694
632716269 783500494 1603098875
339589237 639056387 2446730596
668732610 758639352 55456187
618381907 945982852 1480911809
366211015 619245534 4026653056
68419940 695652964 418340511
149543509 625434143 154853459
705578327 905384424 2120755404
497604910 753714453 1586267798
617124972 972297679 232021258
299781057 560520199 868157227
651607780 948862371 2284138379
166003526 781658116 6613001624
501537705 670521664 653419938
326489375 875752701 3986610211
874041657 955366818 1795423332
521811884 678225640 1891234908
344929240 928092404 231624854
488509181 748844420 1120680939
103884279 242894550 4122285470
277696584 417949149 3179524743
