889317112
-1
-1
-1
-1
-1
820158281
701789232
-1
-1
298993690
62111157
706950650
-1
-1
297856573
365818979
400536646
406506036
-1
986997260
95106959
-1
-1
300585115
668163433
-1
-1
52912180
195405702
445001676
465237191
625370067
266596312
797296157
50104475
284323440
415055444
448847193
493769391
502944765
679524585
151285914
744869142
458354342
439933503
587653746
2174206
835386936
116299376
881882784
714691424
985261581
347907868
305333538
847262455
-1
388671302
328752592
396847229
431584920
903563573
835618793
119455315
366580090
277281457
289429565
924359028
948548465
928150141
977027877
133615113
188490307
401523727
552729256
465111314
543475534
586202980
795935803
987815247
86639551
563792711
-1
-1
-1
-1
-1
198014947
738398229
-1
73509064
860492271
597539754
112479145
284546702
626425316
757376990
811820596
854861115
911667665
923041302
927649160
682296467
742958525
770487385
689344175
496041551
63485019
295662882
78619543
322976923
367539108
432795664
463625571
482250509
411501476
354395552
527039282
572087345
583308085
601070196
576331742
773413647
776140262
824043877
460949940
923544957
7625400
19140458
248390541
256407361
273862254
337080728
690750037
694370658
698229771
844918208
4107202
153569749
157074192
286530139
139445478
319751646
630006191
723026855
748820661
283337282
773808471
97917520
177705419
239071633
290301847
464136695
190268609
487354630
495307837
105352654
501582058
503896618
525844388
603608482
643901025
374367100
426387177
104592101
286333752
437573423
688458728
705702752
805709318
100261950
414289052
633518779
645105835
831004094
448069338
93437191
838465362
885214551
902221719
747706181
917164421
921422770
363694061
928907495
694514747
743256633
932436043
237027408
314306839
15450760
647992853
651391181
699792164
88480361
274140205
51546445
389048458
436514259
446475459
451861374
481415920
703238782
736499719
386453262
300108408
766395757
795349767
846078175
881991914
920624123
197905471
929927084
90178540
244891283
954583854
135915838
340359438
543347237
178764833
821571851
174329109
717460442
753028493
148299822
188329173
419732084
138394393
427747065
200329479
266781106
338075048
486664892
67310611
86506667
105119013
359997344
503345095
538215632
552239977
565145223
844767612
69734293
87377428
481858564
800249251
694699090
873559869
882879086
943290721
435041548
21101189
414859326
535689697
732905787
733742582
778837124
570152282
836210196
748701831
728970696
151933045
922516415
925492913
182351323
75236769
263906995
565887372
734606314
850456541
931389412
954676482
963278277
300835328
482433218
457049242
964603682
166266694
367666890
127508888
590415349
874326390
972206537
873219370
975792793
888241696
283717541
307132720
917395407
975961921
976170143
126547744
60989136
181866534
122498065
609862810
734070740
830883124
11317586
657467802
641513986
982117789
983251612
984884075
589505775
510108275
629636600
754373755
109938759
104199027
111406633
132299868
95665980
223296556
474799194
565020062
628721638
12605365
689185137
705711799
714729466
728339816
11515267
768522923
801382877
313627957
1812082
451606767
710305709
806055911
847334142
891633379
69886639
163038456
265319156
408498638
82315956
197760259
72038206
402824823
441308946
907837508
590155160
659561243
671432034
909352167
758961939
918621182
427607411
674802568
498693965
517318783
520682573
761941882
986429182
79079094
483058483
570254953
22290051
190709365
378824395
562966352
994788998
-1
573101857
-1
62737555
800889833
-1
265834496
357786241
-1
372833155
803168963
-1
-1
107585293
694309668
-1
-1
120436347
382370992
472405753
474091377
328058624
576654028
690858199
306786432
502190004
119717798
283328380
445304965
452206843
455294707
384878473
330763282
512199461
31120043
578499892
694702894
334713557
697199140
748697832
11346376
21395800
557904812
599848398
192831408
607455701
633705322
30188068
445057984
7488839
573180535
689930380
696658491
275882142
449390255
561256391
247357864
364895003
534688803
655310766
734510335
399445365
215398322
757429848
775672805
122865741
276630334
780413419
809346954
824871317
825037245
192693764
838996363
304039946
557348850
713532545
261118166
170694972
864167423
425461950
877985685
94641480
666983945
680936439
690465335
902964531
774612051
364554824
908792294
914669133
457148436
733526429
917673764
924831428
464235580
23461322
245657127
925588778
365816325
724749219
913463324
926647400
173703077
366878903
482739228
511132371
649919935
320984933
375014917
485873479
10386157
189971949
193486741
231118940
349328090
381948581
54207111
79886542
431439391
401359210
452964898
761548929
804832551
832096861
838376539
927605009
993784003
-1
-1
7571249
254739760
349139896
554543614
507913466
252982872
289927732
81687306
470868842
625867101
640405567
689269032
18653700
87788270
199428038
540132543
698548809
774105716
850659455
873445762
700727963
989144369
333031106
-1
