1000 5
2
1 543616147
2
1 630247652
1 607091797
1 488591290
1 311908674
1 302834675
1 793048780
2
2
2
2
1 243573487
1 593286631
1 39762719
1 921204072
2
1 471584549
2
2
2
2
1 431725434
1 540126210
1 898474578
1 612447525
2
1 206210975
2
1 106259951
1 721821313
2
1 912672188
1 40046989
2
1 285405029
1 580534365
2
1 269977642
1 465462157
2
1 245703142
1 229239906
2
2
1 482180844
1 22206226
1 174106194
2
1 91714456
2
1 598751915
2
1 235123905
2
2
2
1 900368824
2
2
1 854895510
1 261894634
1 150804355
2
2
1 613918512
1 102391024
1 188041109
2
1 274678444
2
2
1 703068531
2
2
2
2
1 16292426
1 915519047
1 343480589
2
1 21146550
1 367126837
1 296413839
2
1 624375750
2
2
1 439836683
1 480483906
1 455536883
1 998955148
2
1 859455828
1 138668940
1 462129102
1 654746898
1 151001933
1 656810227
1 857671869
1 897004460
1 369279308
1 356838973
2
2
2
1 984039525
2
1 535998594
1 737817100
2
1 885692240
2
2
2
2
2
2
1 979992843
1 199121224
2
1 569921261
2
2
2
1 142910045
1 604742291
1 326474094
1 710016694
1 192234119
1 386883196
2
2
2
1 624202558
2
1 955410464
2
1 94812435
1 218387556
2
1 457690177
1 55851345
1 275513194
2
2
1 801433056
1 268925921
2
1 6972449
2
2
2
2
2
2
1 657287180
2
1 528610523
2
1 767348606
1 23120031
1 246184811
1 939054021
1 278298778
2
2
2
2
1 258043410
2
2
2
2
1 406359831
2
1 510800143
2
1 132953705
1 572658626
2
1 913971924
1 809338231
2
1 417761030
2
2
2
1 364139714
1 798285988
2
2
2
2
2
1 466223465
1 635182333
1 218975916
2
2
1 786243735
2
1 384592316
1 322571821
1 795946398
2
2
2
1 708722750
2
1 315099048
2
2
1 976769114
2
2
1 736139925
2
2
1 974347896
2
2
2
2
1 544253791
1 670389858
2
1 93099367
1 456951571
2
1 492322522
1 470046923
2
1 667412271
2
1 71636703
1 914878949
2
1 664317106
1 889770196
2
1 597088600
1 601784188
1 813464338
2
2
1 567907254
2
2
1 944524143
1 974905356
2
1 976743620
1 471392446
1 898975455
1 721408854
2
2
1 920613942
2
2
1 818291515
2
2
1 617199747
1 767384380
2
2
2
2
2
2
1 461172060
1 544059809
2
2
2
2
2
1 433895412
2
1 832803589
1 323917307
2
1 452259427
2
2
1 259731901
1 294597560
2
1 872799971
2
2
2
1 20200782
1 7814410
1 704599389
1 527658301
1 48546280
2
1 239151049
2
1 45958104
2
1 810890358
2
1 562271318
2
2
2
1 871314291
2
2
2
2
1 157448135
2
2
2
1 2938984
2
1 696619147
2
2
1 836759255
1 212712566
2
1 447270802
1 478258444
1 84991770
2
2
2
2
1 219913143
2
1 543313868
2
2
1 797752889
1 956873070
2
2
2
2
2
2
2
2
1 169081417
1 468761932
2
2
1 690227267
1 833940429
2
2
1 558661114
1 705039049
1 243122869
2
2
1 774981110
2
2
1 152203195
2
2
2
2
2
2
2
1 416111397
1 888454233
1 779618223
2
1 363942981
1 423002449
2
1 695165820
1 642353413
1 87721711
2
2
1 28814962
2
2
2
1 217939019
2
2
1 591342162
2
2
1 938321240
1 893691658
2
1 43903539
2
2
2
1 170407123
1 152053318
1 782195548
1 702857343
2
2
1 568676454
2
1 606794100
2
1 440902594
1 388652993
1 685161771
2
1 597886345
2
1 249882623
2
1 846668566
2
1 719221437
1 34731273
1 463102873
1 87733950
2
2
1 375583497
2
2
2
1 661870526
1 69653103
1 962538424
2
2
2
1 360813677
2
1 172849518
2
2
1 683509583
1 475787631
2
2
2
2
1 285849766
2
1 788942485
2
1 157275747
2
2
2
2
2
2
2
2
1 918490402
2
1 526537638
1 141834784
2
2
1 713305808
1 748004312
2
1 951544238
1 96474596
2
1 562845000
2
2
1 506293870
1 40980165
2
2
1 125155435
2
2
2
1 424018886
2
2
2
1 241844661
1 177345399
2
1 74970765
1 600154998
2
2
2
2
1 207282190
1 23832811
2
1 620076718
2
2
2
1 59209846
2
2
1 584975724
2
2
2
1 677351302
1 616778291
1 839179784
2
2
2
2
1 512137752
1 648195880
2
1 11182248
2
1 412868044
2
2
1 668952153
2
1 389843052
2
1 800517086
2
2
2
1 311755701
2
1 333842692
1 629126646
2
1 870599166
2
2
2
1 991581764
2
2
2
1 77936800
1 907414252
1 217756142
1 515989390
1 471480306
1 145705691
2
2
1 815421816
2
1 338560921
2
2
2
1 328896421
1 281079022
2
2
2
2
2
1 523614372
2
1 749754874
2
2
2
2
1 67067730
2
1 479580709
1 222367068
1 612602207
1 709187590
1 681526368
1 79461371
2
1 124143142
1 434470935
2
2
2
1 282991839
1 510643233
1 517045217
1 7980315
1 23324143
2
1 297784631
1 886952511
2
2
1 281657262
2
2
1 660467304
2
2
1 410980156
2
2
1 983103131
1 782415813
1 805070620
1 81153869
1 902671352
1 614127763
2
1 109603441
1 641643671
1 994104593
2
2
2
1 157308945
1 401828853
1 907157242
1 980179056
2
2
2
2
2
1 170760753
2
1 726084114
1 189688424
2
2
2
2
2
2
1 840252232
1 736393899
1 31832265
1 643842263
1 369099608
2
1 516969586
1 193369742
1 865818552
1 720632768
2
1 928641173
1 628339176
2
1 509106358
1 60552797
2
1 660478625
2
1 250040840
2
2
2
2
2
2
1 211799231
2
1 951049267
1 212405828
1 378739971
2
1 753156692
2
2
1 136562145
2
2
1 465515488
2
1 486408072
2
1 787206491
1 675189481
1 348857490
2
2
2
1 356436250
2
1 344875762
2
2
1 157148919
1 908267027
1 742494818
2
1 905812093
2
2
2
2
2
1 218063117
1 947295807
2
2
2
1 731587414
1 803870471
1 543236506
1 849976687
2
1 296579549
1 4283003
1 468960071
2
1 340724315
2
1 783047955
2
1 922002885
2
2
2
2
2
1 113855201
2
1 433379429
2
2
1 806883859
2
1 488081143
1 69411096
2
2
1 602393136
1 490272671
2
2
1 130818525
1 571613697
1 379073094
2
2
2
2
2
2
2
2
1 630329973
1 765728646
2
2
1 123309942
2
1 378052005
1 778204773
1 868199823
1 261436397
1 164762363
1 399579083
2
1 316939985
1 336031142
1 122870988
2
1 145745778
1 977327449
2
1 826785225
2
1 581273900
2
2
2
2
1 907234395
2
1 651544253
1 149286318
2
1 641571278
2
2
1 446075025
2
1 298055281
1 56189101
1 376747708
2
1 83335549
1 422079966
1 641651794
2
2
1 908854108
2
1 879482274
1 285833824
1 840644722
2
2
1 688381385
2
2
1 401204
2
1 266457341
1 822330737
2
1 158950799
1 511467503
1 798670381
2
1 530665162
2
1 279344930
2
2
1 433681340
2
1 260214945
2
2
2
1 806608419
1 472410285
2
2
2
1 540022566
2
2
2
1 663931474
2
2
2
1 759951114
2
2
1 396879869
2
1 557596432
1 633828143
1 465776404
2
1 116883674
2
1 113968883
2
1 707144759
2
1 428994347
2
1 317568831
1 151588980
1 293719290
1 337668045
1 421355213
2
2
2
2
1 278206010
1 668594612
1 615684322
2
1 128570691
1 389012549
2
1 905948596
2
2
2
2
2
2
1 857811398
2
2
2
1 395726982
1 393844579
1 975437633
2
2
1 698081757
2
1 703742888
1 412003112
1 379145906
2
1 728557532
2
2
2
1 782971116
1 923108933
1 423706897
1 385236631
2
1 598407203
1 45890649
2
2
1 142907741
1 846639118
2
1 619559049
2
2
2
1 265074445
2
2
2
1 702729865
2
2
2
2
1 912768151
2
1 665296406
1 195028587
1 848178816
2
1 511261417
1 393288976
1 396847176
1 247321028
2
2
1 907827029
1 975530818
2
1 266674296
2
1 23628549
2
1 936206695
2
2
1 98969983
2
1 659450448
1 60601218
1 547334437
2
1 52043622
1 394640209
2
2
1 540028903
1 731381511
2
1 933629774
2
1 289546271
1 558315261
2
1 946014546
2
1 489725905
1 223557633
1 437573469
2
2
2
2
2
1 256625722
1 357343817
2
1 290061700
1 845531990
2
2
1 53643862
2
2
1 502027353
1 572521873
1 370174711
2
1 458085646
1 620744695
1 988001714
2
2
1 995146506
1 986446852
2
