100 9900
40 24
35 61
15 85
55 72
96 40
89 31
34 98
54 34
22 56
44 53
40 90
2 70
36 89
14 1
70 43
3 67
59 92
34 51
17 24
64 1
96 80
64 65
37 42
52 79
10 96
100 49
79 91
36 46
22 91
88 95
90 34
85 79
81 5
96 64
40 87
24 66
6 96
100 61
63 86
63 82
78 93
28 56
92 26
48 72
82 6
50 1
67 84
4 56
46 86
57 72
13 30
89 44
21 14
56 40
1 37
66 76
29 14
8 6
25 99
93 31
19 7
36 32
13 76
55 26
28 18
10 27
69 34
49 45
56 64
45 95
97 60
31 65
53 27
59 46
98 2
42 28
92 59
38 51
83 66
15 25
69 59
92 16
54 50
62 64
98 52
37 5
27 23
48 54
49 10
92 70
35 44
35 77
58 63
8 9
34 89
42 65
84 11
44 14
98 11
77 3
87 79
73 2
45 27
97 28
90 63
66 20
19 61
48 97
93 99
11 23
75 79
65 99
83 93
69 30
84 87
99 62
26 91
42 100
57 19
98 84
26 100
76 6
24 18
41 99
89 92
78 38
28 87
86 35
33 90
53 97
29 88
86 100
40 68
89 36
94 86
54 15
60 62
28 3
61 11
82 8
13 4
70 85
60 99
14 42
15 49
74 40
16 59
82 51
16 40
43 46
34 69
10 20
3 4
93 70
8 36
54 78
64 31
5 20
27 58
65 76
25 87
17 15
97 93
51 77
50 58
92 67
71 24
36 87
46 22
26 5
44 20
52 26
65 84
59 91
6 14
66 27
64 12
12 36
71 83
24 73
35 22
91 93
45 53
37 14
20 11
90 73
45 7
61 43
55 70
4 97
86 56
69 47
37 61
12 29
47 6
58 80
7 29
93 32
80 77
85 96
32 2
85 60
50 51
96 11
40 15
4 93
19 55
23 14
61 78
57 65
52 89
10 70
42 40
65 62
78 99
26 25
29 10
50 96
42 58
88 13
78 60
24 98
55 28
62 100
3 60
86 89
32 63
36 37
78 36
50 52
4 73
26 18
26 85
77 72
69 57
6 84
11 45
71 9
87 97
69 76
59 29
99 9
61 28
75 38
11 5
62 68
9 11
82 29
48 56
54 82
95 17
49 26
84 59
36 66
46 1
74 3
82 17
9 53
63 79
11 13
55 38
78 6
70 12
3 97
26 74
14 26
42 22
71 26
25 40
83 96
39 82
95 35
61 77
89 68
7 36
63 25
67 31
79 53
41 25
26 51
81 49
87 91
41 94
20 70
75 19
9 45
44 98
31 25
64 75
1 29
38 30
53 73
8 78
71 76
43 73
86 13
41 60
84 77
45 74
77 87
13 41
94 11
76 23
52 12
36 86
30 40
73 67
53 7
73 46
80 87
91 63
74 96
28 62
86 70
77 50
11 36
59 49
7 63
19 75
40 94
1 80
39 92
8 59
90 66
87 27
30 84
81 99
24 25
68 80
35 54
47 9
86 60
7 30
52 38
45 21
9 51
21 20
76 48
55 30
13 38
83 88
40 57
99 65
69 91
43 41
97 57
41 76
63 71
1 7
38 34
33 63
73 10
92 72
46 90
78 23
85 57
85 21
4 25
1 10
2 20
17 63
41 77
74 71
32 53
25 2
60 71
97 16
18 69
1 46
42 51
85 94
79 36
2 87
61 30
11 20
22 33
77 26
7 90
97 14
94 57
58 23
8 48
91 83
51 76
1 95
34 64
95 84
60 6
76 26
14 70
96 67
93 55
6 4
60 86
72 43
18 1
5 83
41 52
25 9
19 95
50 5
70 81
99 5
13 19
34 94
83 84
7 92
73 60
84 90
4 41
73 68
58 78
76 36
14 87
62 80
97 56
99 1
1 2
34 90
15 17
18 46
43 93
76 57
5 81
75 11
30 80
78 32
97 32
62 46
55 79
93 59
44 35
60 92
28 39
54 76
55 95
80 94
36 21
7 56
67 100
32 73
63 89
56 9
53 82
96 85
47 96
44 23
76 13
79 47
16 21
5 6
75 52
18 92
57 93
46 36
29 74
31 47
26 48
46 61
42 88
42 74
12 35
45 68
27 72
28 81
95 30
6 13
79 6
51 31
25 48
54 97
37 59
46 91
83 38
72 17
43 11
4 99
17 70
39 61
30 38
21 12
46 17
3 62
61 82
2 74
90 46
55 56
87 7
60 46
61 59
41 97
38 2
10 32
28 58
57 79
33 7
95 8
13 34
93 65
11 70
15 6
18 72
76 3
59 50
44 63
52 61
37 62
83 1
89 10
27 54
84 42
68 44
90 71
19 8
62 96
50 26
64 98
21 46
17 47
8 7
40 11
34 72
53 84
5 87
34 56
19 46
99 83
57 74
12 24
35 85
46 69
25 86
84 96
76 39
3 20
36 93
93 6
45 57
59 58
45 28
87 34
9 88
27 26
32 13
42 12
20 86
48 66
9 99
100 7
23 40
84 27
81 42
82 71
26 8
82 22
57 83
46 5
30 13
69 20
60 77
80 99
85 43
45 59
1 93
98 33
63 31
39 33
24 1
9 14
17 38
21 49
46 39
69 39
92 37
19 34
21 93
64 29
6 25
76 91
16 44
78 80
87 46
36 16
80 28
90 20
57 94
31 78
36 79
53 52
97 23
13 65
13 92
22 76
28 69
13 33
76 83
65 69
20 9
63 5
11 55
54 51
52 92
62 71
7 12
5 99
56 20
97 38
37 96
24 43
12 41
22 31
67 94
62 87
79 94
47 88
40 7
27 40
77 11
98 62
63 43
71 33
60 49
79 24
70 76
87 66
54 14
77 28
94 67
70 48
90 74
88 26
2 5
38 39
85 33
7 98
35 41
38 68
14 56
6 69
31 33
95 34
54 30
9 90
97 66
62 10
5 91
10 5
48 59
87 43
93 83
72 73
40 22
26 15
41 53
84 16
51 44
35 30
48 9
89 4
23 82
47 7
41 90
16 54
49 81
88 58
77 47
65 14
43 34
20 57
85 4
71 40
75 23
35 98
56 27
5 58
16 2
27 21
73 83
78 4
39 20
94 59
100 47
50 82
88 85
63 68
52 88
79 22
19 78
84 12
61 71
71 69
78 35
76 55
85 36
25 50
98 4
94 6
85 81
62 44
61 8
84 20
29 8
18 45
35 64
1 24
31 93
84 35
11 92
81 88
39 58
35 63
97 13
41 98
49 56
23 19
77 9
57 36
18 28
57 31
80 40
90 30
56 74
50 80
98 22
80 97
49 27
23 62
27 50
34 60
95 41
98 80
59 44
91 81
23 5
91 19
31 32
10 42
47 12
13 67
81 45
100 24
71 84
63 16
76 60
4 19
51 33
22 35
89 65
97 69
51 30
97 49
84 49
47 24
33 85
95 94
42 82
59 32
17 39
59 79
68 32
58 47
27 25
78 39
38 62
90 77
86 1
20 50
21 80
6 56
61 74
64 41
91 16
17 96
71 22
76 43
49 59
71 67
18 91
62 84
37 98
80 85
79 71
89 60
2 95
24 67
97 24
26 83
9 97
15 13
1 42
34 16
7 50
24 17
99 18
98 53
97 5
6 48
3 11
100 16
31 30
26 93
18 67
28 50
81 4
59 87
72 52
17 64
75 100
74 4
36 5
39 75
67 6
39 14
78 41
40 83
1 60
99 3
78 30
70 99
6 79
8 41
87 90
24 35
60 75
30 96
62 75
73 43
61 2
1 12
44 45
35 33
21 36
59 4
87 3
97 95
10 19
63 7
47 13
9 30
91 26
61 5
19 32
97 29
45 33
67 37
90 50
80 14
3 22
11 16
51 50
93 64
54 41
1 71
10 81
12 32
78 3
74 21
25 68
35 91
74 17
20 40
39 62
82 35
44 69
4 86
100 70
20 90
7 1
1 66
10 14
42 11
79 56
89 3
33 19
84 86
73 25
69 94
58 79
52 78
98 26
64 5
90 91
54 66
63 78
83 40
36 52
88 3
72 65
79 32
13 86
82 56
69 60
78 72
19 93
68 24
29 26
69 46
80 15
66 75
37 86
84 6
84 52
57 35
41 31
4 24
57 50
35 26
47 97
13 87
46 28
54 49
37 41
76 4
98 13
76 94
67 61
16 50
8 67
100 90
92 7
66 37
88 1
63 21
33 1
86 31
57 58
67 93
83 11
96 69
70 5
6 94
84 13
6 38
15 3
73 49
48 12
56 48
51 1
17 26
37 72
54 89
90 25
53 83
39 80
70 9
5 21
17 46
42 41
87 6
63 55
28 38
26 38
59 60
25 26
33 98
53 29
68 12
70 22
72 32
6 54
63 59
81 62
52 47
38 81
53 16
61 18
38 25
40 29
81 56
39 45
82 52
27 11
32 24
13 39
83 63
2 81
21 18
75 89
39 43
12 26
65 25
57 63
71 80
55 82
33 8
53 94
3 25
66 6
3 39
24 3
16 90
12 74
49 80
6 20
7 32
83 77
99 42
93 2
79 39
9 74
86 75
28 8
46 50
7 18
43 31
40 80
53 48
1 43
26 33
87 24
41 62
23 28
57 22
80 89
20 27
68 73
83 47
25 61
40 4
9 19
24 93
17 7
38 7
78 88
42 36
27 74
65 86
68 91
18 5
100 2
28 96
98 77
71 48
15 70
35 65
7 27
12 20
13 61
73 93
67 16
74 72
44 42
73 6
93 61
43 22
94 2
41 22
50 34
15 67
87 58
14 92
10 71
38 1
20 94
1 56
82 48
37 8
73 95
85 72
77 39
7 16
2 96
37 16
15 30
98 51
80 34
19 30
44 66
49 7
39 29
38 77
88 98
13 20
25 81
25 97
75 90
66 85
69 82
5 54
64 70
39 5
93 34
30 16
81 50
86 32
17 33
11 76
30 68
60 70
18 73
90 32
4 76
72 99
82 72
36 26
39 73
48 67
73 32
8 37
53 34
4 46
22 60
12 85
80 83
58 87
19 4
30 88
100 34
9 49
65 46
38 52
80 27
97 10
56 98
1 28
15 34
44 85
43 65
77 37
73 12
52 41
46 83
97 63
34 39
63 88
5 29
1 97
85 18
52 45
54 58
77 27
97 83
66 79
4 64
55 6
48 85
56 8
89 13
56 68
22 69
97 70
35 69
96 6
3 90
97 47
38 17
54 61
72 34
9 84
88 16
50 32
61 32
32 36
82 99
76 65
74 98
76 7
48 55
84 30
79 48
10 41
68 8
31 66
54 92
13 10
88 62
5 90
65 95
68 75
22 71
58 13
51 42
29 19
48 2
86 83
9 46
27 12
21 40
12 30
61 58
84 39
87 32
87 68
61 91
6 52
59 98
54 25
27 3
12 52
45 66
3 31
18 54
63 80
62 74
62 15
70 6
59 2
91 9
60 17
84 66
53 69
56 51
88 54
17 74
78 62
53 42
41 56
75 46
49 46
55 92
67 35
59 43
31 21
21 51
53 26
96 97
39 100
55 36
54 96
34 23
39 3
60 63
35 93
50 60
44 41
32 80
8 19
37 77
43 3
62 32
13 64
65 74
83 24
88 79
5 97
43 6
71 99
34 49
78 61
8 88
37 18
39 83
1 94
82 2
67 47
74 81
70 57
26 52
6 51
8 46
53 90
3 92
71 90
22 67
18 71
58 51
70 13
29 42
26 63
53 38
31 16
16 45
61 85
38 23
64 51
79 38
17 32
66 49
59 41
72 66
32 35
98 24
38 14
28 25
71 88
81 25
8 39
17 21
87 78
62 45
79 97
29 70
11 88
50 73
39 37
32 11
17 98
66 62
61 79
51 5
56 79
50 29
86 59
73 27
21 76
10 62
44 26
46 68
88 52
56 49
10 36
95 69
79 89
36 17
65 66
100 93
19 56
72 15
7 96
32 97
32 57
40 10
62 98
32 92
67 92
21 43
98 44
48 6
80 92
26 65
81 47
10 64
3 35
6 55
53 93
18 60
62 63
20 67
76 58
60 34
42 95
71 8
38 60
65 91
26 55
37 35
65 60
61 55
24 63
6 11
58 71
84 40
71 11
53 79
4 84
5 32
86 57
69 9
81 78
68 39
74 19
76 8
66 69
29 59
57 38
67 77
38 86
52 44
13 50
51 18
60 27
28 21
60 85
4 68
83 7
42 19
22 74
37 13
77 68
31 17
57 90
16 22
12 27
96 24
61 13
13 47
11 62
15 32
92 96
67 74
46 49
88 66
7 42
39 93
66 53
50 83
8 30
28 1
65 94
24 90
34 80
16 87
58 65
74 38
51 87
41 74
77 40
9 15
38 97
68 58
24 54
52 55
33 86
18 11
8 26
51 55
64 22
11 99
100 25
62 66
99 34
83 62
9 7
83 49
93 52
77 8
45 14
43 80
24 7
49 74
49 36
57 44
7 53
41 75
91 34
13 8
13 46
12 86
55 73
70 84
1 45
31 11
50 38
51 65
68 60
21 7
65 41
40 77
66 22
93 28
22 25
77 14
90 14
17 71
27 61
8 80
95 42
67 12
54 75
46 21
99 76
88 49
39 35
50 39
10 46
45 50
18 77
15 55
98 88
97 85
28 93
77 15
39 25
81 44
6 45
20 91
33 73
19 97
28 82
66 59
28 89
37 40
16 95
28 61
35 70
55 15
88 36
42 50
12 38
61 31
98 70
62 49
18 70
97 41
59 45
13 6
83 44
73 99
75 94
66 9
32 69
47 2
3 85
35 97
28 10
46 10
23 43
95 5
36 63
89 66
43 77
96 9
80 38
52 86
70 21
100 91
17 42
62 83
53 40
52 16
70 30
76 34
17 36
56 84
73 30
62 30
97 86
42 7
4 42
6 37
98 42
11 50
67 42
17 90
44 21
100 85
57 51
94 99
58 6
28 65
98 55
31 75
43 18
67 48
14 15
24 92
23 30
14 33
74 37
26 19
81 82
3 68
22 90
83 65
73 89
20 41
6 3
22 10
5 50
50 98
26 95
17 80
93 69
30 67
3 84
1 36
3 70
60 78
27 75
41 40
46 18
44 6
87 26
64 91
65 33
29 5
11 97
56 13
12 9
74 70
64 69
81 79
5 25
90 39
71 72
58 42
43 100
62 36
74 13
33 74
98 36
30 47
74 66
82 75
92 58
9 76
10 61
68 89
27 55
72 58
80 41
12 5
78 11
68 65
24 88
11 83
50 100
94 85
68 40
81 38
96 62
94 46
7 4
54 22
43 82
19 17
51 21
99 39
11 44
75 40
76 46
51 64
3 69
77 25
39 97
47 4
75 88
23 86
89 100
27 53
80 6
1 49
76 53
79 93
83 19
96 72
75 71
65 47
100 78
40 12
93 91
15 39
16 51
24 95
43 42
58 77
90 48
100 32
96 53
88 55
17 57
42 35
71 20
50 75
86 67
86 65
37 25
18 34
19 39
62 8
3 19
49 95
53 76
53 6
76 66
32 84
27 59
57 46
35 66
7 79
69 77
10 34
48 18
48 75
93 8
47 43
44 91
95 1
56 34
61 44
75 17
61 81
1 57
26 39
23 12
55 58
28 67
77 99
76 5
36 38
1 100
39 76
69 23
25 34
1 18
38 75
47 61
26 67
21 5
65 98
30 76
88 83
18 57
91 89
5 96
79 64
74 90
90 56
49 55
10 9
19 44
94 19
78 15
82 98
16 27
25 95
82 89
58 46
97 7
52 31
70 10
55 90
49 85
21 38
30 61
66 38
3 1
99 6
25 23
20 61
97 68
76 87
18 51
87 59
47 14
19 62
77 22
7 45
50 33
7 26
48 64
72 30
11 34
95 29
98 59
87 42
83 2
18 22
53 1
87 95
60 72
55 25
69 83
21 8
12 71
88 38
96 27
46 19
53 19
36 95
41 20
75 29
5 22
28 59
71 28
42 8
67 19
11 96
38 8
49 83
52 49
4 16
33 40
47 50
16 19
60 54
52 20
34 6
50 8
38 90
93 81
64 37
85 54
10 80
93 16
49 39
72 8
84 9
84 55
24 57
40 86
9 16
51 24
83 85
21 63
6 1
96 33
53 62
78 64
76 49
11 90
41 30
66 78
17 13
21 67
68 15
63 90
87 80
5 100
18 90
18 61
67 79
4 6
33 27
6 19
68 77
91 59
73 80
4 26
2 33
22 45
50 84
75 42
94 95
89 97
94 37
3 21
11 30
88 65
22 53
17 44
81 51
2 12
100 63
65 5
37 73
49 66
91 28
23 1
95 66
66 46
46 78
24 65
79 19
10 48
69 50
79 37
85 40
37 22
37 80
49 58
11 27
25 67
53 28
84 1
7 44
23 57
2 9
6 87
69 53
14 90
26 12
39 30
50 92
30 2
28 70
50 10
38 45
32 33
35 23
74 73
24 39
48 8
98 94
10 30
81 41
4 21
34 50
70 88
95 11
14 69
74 77
28 46
14 84
62 23
25 70
51 25
43 99
35 60
67 15
22 13
52 69
36 12
24 36
20 58
81 34
15 68
50 89
100 18
49 34
2 89
74 99
76 90
32 34
91 51
66 4
56 41
28 44
2 94
49 37
10 97
42 89
71 15
2 49
65 68
49 3
78 82
82 88
6 90
47 3
12 88
56 28
92 32
8 34
36 25
95 58
22 100
30 44
25 12
93 44
92 34
17 78
70 71
1 54
60 30
72 16
89 45
23 64
64 68
21 84
28 16
43 49
52 98
18 53
22 63
29 95
24 84
17 66
83 82
100 84
34 48
9 38
38 58
59 78
49 19
10 22
87 47
28 73
7 51
63 44
58 95
1 33
33 66
61 19
9 98
94 80
91 49
62 37
89 51
61 17
27 24
59 21
20 56
48 31
84 72
84 37
69 67
37 92
26 9
92 20
63 62
5 11
89 1
13 32
26 99
29 98
11 46
81 17
60 79
98 49
43 51
3 87
77 21
24 44
42 43
5 64
58 15
25 73
48 63
75 32
95 40
83 56
50 20
11 35
34 77
84 94
35 12
5 15
3 40
69 49
65 59
10 51
92 84
83 18
77 85
76 1
28 36
9 58
38 57
26 7
91 14
31 48
58 35
68 17
6 43
76 16
62 53
18 35
76 96
72 84
99 38
88 97
6 62
5 93
91 55
93 27
42 70
37 55
68 33
9 78
89 30
39 95
90 53
71 70
63 93
21 85
48 100
62 72
8 55
20 60
56 77
34 33
94 69
43 36
58 16
7 17
80 47
20 12
78 100
69 93
44 96
29 45
59 23
57 68
47 84
82 34
10 31
73 85
97 82
29 9
5 98
57 99
74 79
81 96
57 18
57 8
42 2
63 85
89 37
31 63
90 24
29 87
31 89
44 76
33 57
85 88
49 31
38 63
38 79
91 1
26 88
86 22
5 72
19 9
62 48
55 59
100 22
36 74
85 62
56 53
36 42
22 98
72 79
63 84
54 68
47 28
43 13
39 31
100 43
66 8
79 60
78 42
95 12
15 51
9 71
18 78
80 100
22 54
82 76
35 94
92 94
90 59
55 4
71 14
35 16
43 74
30 65
14 63
11 12
66 17
56 92
8 44
33 77
65 78
37 71
96 74
30 14
87 4
85 19
2 1
31 100
50 63
30 26
66 50
42 27
28 78
7 23
24 6
51 81
95 77
59 17
39 16
100 56
72 80
82 31
48 68
28 11
45 64
68 76
38 71
42 60
8 58
100 5
85 83
76 100
71 93
77 97
23 45
72 21
41 82
49 40
70 69
37 24
94 100
39 86
4 38
52 80
58 34
57 75
46 92
25 94
12 58
27 84
98 7
24 55
43 94
21 59
27 71
14 72
10 68
61 25
1 73
99 97
12 99
78 27
33 14
25 30
91 52
12 22
54 81
41 16
99 41
42 71
74 42
34 7
14 43
24 21
65 40
43 38
34 45
57 43
90 2
75 61
91 25
5 18
51 45
4 95
73 64
43 5
68 83
88 2
61 84
14 59
92 79
9 10
37 1
37 26
71 43
62 12
4 60
48 92
41 67
50 53
90 87
43 61
92 8
90 94
38 88
56 52
47 90
42 13
20 88
24 71
98 43
50 44
84 73
41 45
37 12
18 64
36 40
93 36
21 25
72 51
15 40
30 4
89 96
77 30
58 14
69 88
80 42
14 66
13 44
17 49
11 26
79 21
29 47
94 12
41 87
28 80
33 6
64 34
91 56
23 31
14 40
11 74
23 32
4 77
70 67
42 21
88 41
59 94
65 32
37 74
9 22
38 44
74 10
93 42
53 92
1 13
54 42
71 59
6 81
8 43
33 12
49 28
55 77
96 61
34 25
44 46
49 93
55 2
37 69
45 75
85 27
86 14
29 30
35 86
54 1
56 23
38 35
51 99
70 1
89 90
30 41
15 47
84 29
77 36
88 37
83 80
1 96
7 8
82 11
41 11
95 79
44 95
21 19
44 37
29 56
86 85
23 36
66 18
98 6
67 22
4 11
85 6
48 5
14 76
95 27
66 44
19 67
16 68
10 12
86 15
4 59
45 11
53 85
7 34
8 57
40 53
92 93
79 8
99 27
60 19
86 8
100 76
88 90
86 53
24 83
63 58
92 22
86 20
88 99
6 91
47 75
89 12
49 4
23 56
66 30
44 22
74 60
57 28
90 40
21 81
48 38
45 20
87 2
96 46
68 53
38 80
91 40
22 42
96 95
74 45
78 86
24 61
46 75
67 59
76 56
3 30
11 61
15 54
21 98
20 51
37 84
87 75
16 80
96 86
3 52
88 89
96 100
54 9
30 17
22 28
23 81
91 74
94 3
99 36
11 98
37 32
25 96
21 73
54 79
64 79
14 62
47 100
25 58
27 90
43 29
23 95
44 78
41 7
89 76
35 80
69 28
61 65
45 41
81 19
92 51
98 41
39 88
57 25
42 91
98 86
86 16
81 46
21 83
74 58
24 77
35 52
97 51
72 12
45 79
21 57
65 53
73 51
52 50
20 73
25 60
72 39
27 65
58 41
74 9
62 11
45 90
28 45
16 39
11 4
12 67
66 77
26 24
28 60
71 98
48 7
1 31
13 49
94 24
26 96
8 82
19 74
41 8
17 43
21 22
57 100
85 2
88 31
85 15
17 40
23 6
9 8
48 3
17 10
36 80
14 75
98 69
42 85
64 48
100 19
40 6
6 58
36 19
52 18
8 15
36 53
93 96
4 88
86 93
62 81
69 36
79 55
4 30
82 39
21 45
45 86
18 79
97 91
74 61
92 97
77 45
10 35
50 35
61 10
74 69
10 73
32 62
63 57
6 28
73 28
70 95
34 29
42 53
39 41
88 91
53 64
95 88
25 72
12 83
41 27
88 39
27 88
42 15
35 19
85 74
13 63
89 8
29 86
71 82
24 22
89 99
94 71
67 95
79 86
26 94
21 55
15 100
30 31
85 78
46 43
58 50
51 84
6 35
95 15
96 48
59 70
3 61
49 92
90 3
48 19
80 51
92 76
91 68
75 35
31 92
28 79
16 43
70 74
3 34
55 3
16 92
81 92
78 98
66 74
5 60
83 25
98 75
99 29
36 59
93 40
58 12
75 87
5 35
41 64
80 12
96 50
6 89
49 78
52 71
31 62
89 35
69 79
6 32
76 71
83 28
48 51
21 41
71 100
7 19
31 80
88 17
16 69
80 48
45 26
7 58
19 1
38 24
52 5
91 96
97 42
21 79
92 29
81 95
1 35
83 70
2 63
18 55
5 69
36 92
94 43
10 82
56 65
56 2
23 54
76 47
98 87
88 12
88 20
10 15
48 44
37 30
85 9
38 61
31 1
79 67
58 92
31 26
78 74
54 2
32 60
57 29
93 18
37 94
100 94
72 44
44 12
98 18
40 13
27 17
92 5
67 55
6 47
59 5
5 67
76 14
58 99
40 23
46 8
74 14
13 17
47 11
71 86
87 100
44 92
55 93
52 33
38 87
57 81
57 89
43 17
26 16
13 71
78 65
62 94
48 53
99 85
34 31
29 21
59 88
44 32
27 8
82 65
36 3
63 49
83 74
23 15
48 74
80 50
8 31
97 18
64 61
73 91
98 9
5 51
79 43
13 22
24 34
60 69
57 26
35 71
3 47
65 93
79 12
73 9
48 34
76 81
58 52
84 43
47 67
90 62
50 55
19 50
33 88
36 62
29 25
4 57
43 72
79 80
44 80
60 93
29 48
24 70
12 16
7 75
40 61
28 43
20 49
72 64
23 69
80 68
97 19
67 9
68 25
8 49
74 64
100 45
70 90
15 89
54 99
21 97
87 57
31 27
44 7
68 78
91 20
13 72
91 75
61 46
74 22
32 91
7 11
26 1
67 27
23 68
19 86
1 77
44 51
19 14
27 97
69 41
3 66
82 53
35 55
8 50
28 92
97 8
64 33
80 7
77 69
100 8
72 82
93 60
7 41
61 62
69 70
63 47
99 30
53 80
32 9
2 93
46 71
20 3
72 68
84 91
9 35
26 78
88 33
58 96
74 18
1 58
72 74
84 36
41 71
26 43
1 3
55 54
19 49
39 10
58 18
9 17
4 71
43 20
91 99
47 95
26 34
86 42
60 57
85 77
96 14
27 34
5 71
87 38
51 43
29 82
32 72
70 62
71 63
12 37
93 3
62 76
99 90
97 48
19 41
25 35
50 62
51 14
72 22
55 23
83 92
84 45
4 27
91 29
91 42
23 51
59 93
79 100
3 91
50 16
13 2
47 29
20 22
19 54
65 19
48 98
36 55
61 76
72 25
43 47
16 6
10 11
68 82
15 66
93 89
6 100
2 27
63 18
33 58
19 26
99 54
50 48
83 41
95 47
99 80
27 68
63 69
54 73
40 93
10 44
22 58
82 95
53 78
25 84
43 15
60 44
66 96
14 100
68 72
24 49
60 41
7 87
94 83
80 60
78 20
49 20
13 82
77 95
53 44
8 27
92 25
44 9
72 18
45 94
92 49
41 4
100 87
93 86
76 50
65 70
64 63
93 67
94 45
7 74
86 72
36 39
96 77
100 44
58 27
8 25
3 42
20 19
66 31
22 70
41 49
2 51
8 47
33 10
9 93
45 96
95 10
57 10
53 39
38 18
87 96
49 11
69 21
6 71
56 55
42 87
72 87
95 44
44 19
10 78
41 59
38 16
56 60
43 32
87 41
23 72
80 53
1 30
93 68
81 91
37 47
84 34
16 97
24 46
34 24
98 71
12 66
100 72
38 43
76 2
44 2
89 42
57 98
2 91
7 60
9 41
12 11
94 73
14 31
92 87
91 8
70 37
34 83
18 94
22 5
33 87
66 51
67 7
59 48
29 33
38 26
15 87
32 23
31 6
71 12
50 25
57 67
18 68
23 73
59 53
25 14
91 88
16 4
45 31
2 72
23 29
44 57
68 69
86 5
2 56
68 10
71 74
95 19
44 10
29 94
4 69
32 94
90 61
99 14
22 80
53 21
88 64
47 65
70 34
84 15
44 40
29 35
77 32
78 17
3 2
2 13
51 89
13 68
58 98
22 11
4 10
87 93
32 8
45 34
19 5
61 34
18 40
4 74
31 29
81 100
3 48
83 90
55 40
63 87
37 57
59 3
10 23
29 67
75 3
24 80
25 28
77 10
15 43
83 67
11 78
3 41
75 16
78 9
17 99
93 33
32 27
92 69
41 14
63 28
48 50
43 92
56 25
26 98
70 93
29 13
1 62
2 42
40 28
87 14
54 28
52 10
37 21
86 33
54 52
37 4
24 82
43 33
27 41
55 45
21 3
66 65
31 45
82 32
90 88
70 66
6 64
55 81
9 67
40 71
9 61
88 14
77 76
94 52
70 20
78 22
80 55
12 72
72 29
86 88
85 63
34 100
65 3
14 10
80 26
52 37
79 35
20 54
40 74
11 60
94 72
44 15
42 31
58 86
25 43
58 32
93 29
80 58
21 44
45 10
81 97
88 45
24 47
32 50
93 75
79 11
55 11
98 30
42 86
100 59
5 45
93 56
49 82
82 24
73 58
72 90
54 95
71 16
56 7
67 87
30 23
64 71
53 58
93 54
82 15
59 83
76 10
87 70
17 48
94 21
48 14
100 46
14 3
15 28
16 34
38 13
7 95
66 90
18 84
45 98
72 7
100 80
9 82
77 94
88 11
41 92
69 45
5 62
20 96
52 6
95 100
30 89
17 1
42 20
30 99
17 76
100 39
41 70
70 77
19 99
39 42
72 78
89 27
89 69
85 24
5 37
90 83
16 8
17 37
54 23
41 50
19 51
4 67
69 4
35 3
77 54
83 37
65 75
62 17
58 76
3 89
59 76
18 33
94 66
27 31
11 71
69 86
46 48
88 28
87 17
48 81
23 66
43 48
98 82
88 76
64 56
33 42
18 100
96 99
17 34
55 16
85 10
96 57
12 91
99 46
14 37
73 59
63 40
13 99
99 66
49 68
11 42
72 75
87 21
39 65
8 63
70 27
85 47
10 26
61 48
79 62
45 84
15 9
40 42
52 85
11 93
23 18
25 74
11 66
52 100
94 88
50 13
6 70
79 28
30 91
57 78
38 21
96 73
60 9
96 5
20 16
67 11
33 52
54 46
67 71
34 54
39 46
7 78
36 99
12 69
3 45
22 52
3 81
70 59
11 47
34 28
95 99
62 35
23 70
48 39
87 72
37 7
68 100
98 61
30 59
78 50
75 2
41 80
15 33
83 17
75 24
39 9
15 94
46 4
27 76
71 85
11 32
16 57
92 19
70 82
16 37
35 59
77 88
63 99
6 57
26 57
12 81
83 22
18 37
67 24
25 63
48 84
20 79
49 61
81 84
35 90
31 76
80 96
98 23
82 87
84 69
42 78
34 53
41 72
59 86
34 86
88 69
24 14
67 65
15 64
87 23
21 39
5 9
8 91
39 21
29 75
15 65
37 78
37 29
30 20
39 1
23 84
48 99
40 14
80 24
72 24
71 64
13 70
47 58
97 15
45 13
50 37
30 42
56 81
43 67
75 76
13 62
6 23
6 99
40 33
36 27
96 56
32 38
97 88
55 22
95 50
68 98
31 87
11 19
78 47
88 21
64 85
60 67
84 80
2 26
89 54
31 86
24 50
7 52
98 54
49 16
80 93
69 62
55 65
27 96
2 7
53 31
3 26
27 98
19 77
56 71
33 79
19 23
44 83
42 98
68 70
67 13
76 35
35 76
47 39
99 16
18 47
54 63
73 29
3 95
3 23
29 83
82 23
17 23
24 16
84 17
20 99
99 75
5 89
66 93
81 59
10 100
17 25
41 19
94 81
71 2
87 83
54 45
55 17
7 66
63 65
87 63
5 75
6 29
69 11
45 23
88 40
56 3
50 15
86 10
87 94
35 39
14 89
59 8
45 29
92 95
8 24
42 83
52 13
16 75
20 39
89 11
32 85
48 90
55 44
25 19
12 46
36 31
42 61
11 31
65 17
96 1
12 50
29 40
30 54
34 42
81 89
34 21
43 26
99 20
64 74
74 57
65 92
19 90
91 23
50 56
95 33
20 74
69 99
12 1
26 80
97 90
54 19
39 99
92 15
88 7
77 44
85 95
92 99
93 58
82 100
22 49
67 82
32 96
19 70
17 56
20 36
20 93
34 44
99 49
86 69
6 61
27 82
26 4
24 100
14 35
21 28
66 10
74 53
31 98
67 58
54 67
43 71
34 38
89 72
77 59
37 31
79 98
80 35
61 87
83 23
10 45
12 44
22 47
2 10
63 13
21 33
73 4
72 61
46 16
5 27
88 61
2 76
60 45
75 53
33 15
90 9
90 64
59 81
87 10
19 42
23 58
55 21
77 1
38 12
7 6
51 79
32 82
45 93
15 44
20 59
61 3
67 69
55 66
78 40
25 18
81 2
78 14
7 10
28 30
28 23
51 48
57 92
25 29
60 91
40 37
86 87
55 24
89 58
35 82
56 36
32 1
14 79
60 64
51 86
90 10
12 97
86 91
79 92
96 63
58 24
74 76
11 68
52 8
27 48
62 59
67 43
3 80
43 78
51 71
47 71
60 51
52 99
89 22
41 58
1 8
58 90
34 15
29 62
62 91
70 63
23 55
100 29
54 10
41 36
60 65
9 73
79 15
61 67
99 56
88 25
69 85
36 54
12 7
78 21
73 61
87 40
95 67
75 97
89 20
67 66
76 37
51 38
80 98
74 63
46 85
79 20
34 3
97 27
69 35
62 57
61 54
68 31
88 92
54 33
65 52
21 95
24 40
22 44
44 87
90 72
95 76
97 21
38 46
35 62
58 37
76 63
73 35
19 91
23 33
72 67
60 25
4 20
64 25
2 79
23 2
37 43
36 78
69 73
58 81
51 47
22 19
60 22
64 7
5 13
72 92
95 45
71 18
4 58
69 19
12 89
40 1
52 93
29 89
8 28
12 40
55 33
80 17
12 60
31 15
10 47
65 34
36 58
8 86
57 62
47 36
23 24
33 36
22 30
84 61
95 82
97 89
15 29
64 28
89 2
97 2
48 11
94 64
84 88
1 44
73 57
46 53
79 85
65 27
14 53
78 34
26 47
23 63
97 26
31 37
42 63
70 7
83 33
52 24
43 55
20 29
71 58
18 97
43 57
75 31
90 15
31 83
54 7
45 100
33 31
21 2
56 26
51 66
69 87
34 96
37 63
1 55
88 22
39 54
47 76
54 38
76 70
24 20
30 98
8 93
89 15
59 40
38 74
6 10
90 98
37 34
94 16
98 16
7 65
40 84
82 10
18 7
34 61
30 25
4 75
98 91
31 54
73 88
97 54
79 88
58 59
81 27
1 15
65 82
30 79
56 14
86 23
22 32
50 88
20 55
42 99
13 54
14 21
9 68
70 44
80 91
2 55
34 55
39 55
74 86
82 54
39 22
26 76
64 21
47 30
43 62
81 31
57 70
4 91
53 70
83 79
24 33
44 52
6 98
46 32
52 58
27 52
48 94
73 75
26 61
75 62
22 2
49 30
49 96
48 71
54 5
44 90
83 30
87 77
70 26
72 57
80 13
12 77
59 20
36 81
66 40
19 6
57 7
21 92
85 44
20 6
14 61
47 78
7 59
8 53
90 100
13 9
68 48
45 37
18 86
31 55
15 16
34 22
62 25
48 30
59 57
28 53
17 69
69 18
7 77
39 64
34 4
91 62
99 40
98 66
45 71
65 73
22 65
30 33
47 17
40 72
8 77
83 72
62 5
32 66
32 15
71 75
10 79
40 27
55 50
94 70
37 6
29 53
45 32
95 90
32 3
43 63
93 98
27 73
59 75
15 4
41 69
51 90
17 89
2 77
9 48
34 20
95 39
62 65
77 90
79 95
80 18
68 37
44 34
56 50
55 97
20 66
12 34
81 23
94 18
28 27
35 99
61 33
36 77
36 70
57 2
76 12
44 54
60 76
14 30
25 10
1 23
38 15
70 94
35 2
68 11
26 53
35 5
35 43
88 68
63 45
28 47
73 33
47 49
66 24
35 95
69 48
12 47
74 65
95 28
100 65
36 33
40 38
86 2
67 54
22 77
30 10
60 8
49 100
20 85
41 12
7 48
54 13
5 47
2 43
92 9
20 77
54 4
22 75
6 68
32 87
15 20
9 6
59 71
2 62
90 49
66 92
51 32
85 46
61 93
90 58
40 65
99 96
2 8
8 73
72 95
19 20
14 2
28 7
44 67
68 4
3 54
14 55
18 48
92 4
96 38
71 27
14 44
100 67
91 2
93 14
36 24
66 63
16 71
17 29
32 46
2 86
98 92
27 91
53 22
47 60
54 70
20 68
61 66
43 8
7 68
22 27
65 43
30 83
57 86
42 94
30 15
29 43
46 20
66 13
49 91
15 53
49 42
6 15
55 13
23 39
91 92
78 25
51 97
17 84
2 71
71 30
42 57
48 57
85 34
19 73
83 68
62 20
50 23
53 63
4 65
46 41
31 40
10 39
32 78
61 38
29 52
24 62
55 7
96 13
66 67
20 76
89 75
44 84
94 25
45 8
33 83
59 13
36 68
13 93
68 41
72 89
11 39
44 97
94 98
23 48
86 98
72 11
58 31
41 86
16 10
54 93
75 86
31 8
51 100
8 20
41 34
64 81
35 49
36 41
67 85
11 69
47 81
26 31
2 50
85 100
92 43
8 51
5 61
70 32
77 13
30 81
41 81
82 25
17 6
71 55
51 57
40 19
11 63
28 19
37 76
57 42
65 38
89 17
94 7
22 26
12 28
18 80
89 5
60 48
26 27
46 6
47 37
54 98
69 74
9 32
65 15
79 30
14 51
36 22
41 37
9 42
79 45
99 55
21 30
39 72
12 17
79 61
4 14
71 35
16 36
41 96
94 33
74 34
63 22
5 38
41 42
30 64
52 68
29 78
37 70
51 7
83 9
92 39
53 65
2 65
92 27
90 75
80 63
23 88
93 74
5 94
47 94
9 20
78 68
56 16
80 86
84 56
35 21
3 71
22 40
17 12
49 94
9 34
16 62
74 97
93 30
40 44
57 69
67 3
25 3
70 16
15 24
85 42
66 72
4 2
95 31
22 46
72 88
44 100
100 88
71 19
44 39
49 18
39 7
47 8
72 9
33 32
99 79
56 57
78 1
19 69
40 92
75 70
59 27
88 72
7 88
20 87
76 15
78 84
28 5
47 5
49 14
17 5
68 50
49 77
31 50
33 82
51 82
7 9
28 86
97 98
40 51
56 82
9 83
96 29
55 91
45 81
21 4
98 73
18 31
10 87
83 76
35 34
6 46
18 99
84 44
11 48
17 41
11 91
98 68
53 50
12 90
72 76
93 66
23 83
82 45
46 9
84 57
73 26
87 61
22 79
74 26
22 39
85 53
50 7
43 97
88 43
64 94
90 33
35 42
56 86
33 64
14 38
98 57
81 58
22 61
10 24
17 88
79 99
6 50
95 91
78 77
91 70
93 15
26 54
12 15
64 36
8 62
17 87
68 3
71 49
87 82
2 37
55 51
100 13
77 5
94 28
5 4
12 2
34 79
57 59
53 5
82 18
78 71
14 4
59 22
12 48
71 34
92 10
60 2
80 66
16 46
54 18
77 93
29 85
82 59
32 21
93 23
60 4
41 46
19 96
36 97
82 9
51 17
16 13
42 59
83 4
52 48
59 72
52 95
39 57
88 34
74 33
43 7
67 56
43 40
90 29
98 39
51 16
5 26
99 69
24 60
86 11
68 46
31 14
2 14
2 35
3 37
99 93
22 89
77 73
20 100
75 95
69 33
29 34
10 8
52 23
81 61
6 92
85 89
10 59
49 76
80 37
62 28
86 34
46 40
68 16
37 54
39 47
16 89
88 82
75 45
50 42
62 18
20 83
31 7
65 9
13 40
2 19
58 64
24 9
74 39
50 72
35 87
16 61
8 16
33 18
4 9
6 67
5 80
15 73
8 70
2 58
44 77
10 72
33 2
41 2
20 82
22 66
95 55
73 92
63 97
31 42
71 6
38 36
31 51
4 36
90 28
47 18
89 24
18 58
3 5
99 28
89 21
23 94
94 36
94 77
61 86
50 6
80 70
80 11
53 49
19 80
69 92
90 43
89 9
61 37
29 38
49 84
87 84
2 66
3 15
65 13
86 55
5 86
83 52
33 92
10 57
56 33
88 67
16 67
45 76
97 50
75 57
75 78
28 52
17 77
59 39
95 52
29 63
53 71
33 96
15 69
21 53
53 24
99 19
37 88
7 54
20 95
83 89
95 54
19 10
98 15
59 1
22 99
80 82
1 82
45 73
79 44
9 50
25 47
59 37
11 59
43 96
82 40
60 3
86 82
40 48
7 5
14 25
85 39
70 51
79 87
81 77
7 49
60 31
7 99
81 74
21 90
63 19
5 55
43 52
31 10
52 84
3 36
40 98
46 99
82 37
39 67
46 84
13 5
72 91
52 35
12 55
41 21
67 34
41 68
16 96
96 8
13 23
68 85
69 52
95 98
37 27
42 5
96 93
12 76
33 68
2 40
59 19
32 31
82 4
91 73
85 13
37 51
48 70
69 6
2 92
61 4
65 37
60 68
19 79
95 38
18 44
62 69
36 9
68 29
83 46
42 54
61 96
46 72
65 35
29 71
100 50
58 75
6 93
66 71
91 41
6 53
12 49
76 25
99 68
6 66
4 37
36 23
62 26
62 51
90 51
92 60
93 5
56 31
90 85
81 55
21 29
97 78
16 33
8 3
18 24
53 91
42 34
38 53
85 52
27 94
23 9
72 56
1 61
36 2
63 17
41 35
48 33
23 3
14 67
48 82
17 20
21 16
37 10
52 87
73 23
33 56
93 72
78 8
55 39
96 47
73 19
29 22
47 21
41 26
17 67
11 84
22 4
77 56
100 6
97 80
3 78
49 64
88 80
6 86
7 57
52 39
42 9
52 57
27 6
40 43
8 71
95 7
64 59
54 44
49 62
26 20
100 52
11 85
44 61
28 72
39 56
81 93
15 62
87 35
75 47
96 20
48 35
55 31
96 31
36 48
65 2
93 12
11 73
17 91
11 24
93 76
83 95
72 54
86 47
66 48
94 32
92 81
19 84
92 78
14 82
34 91
63 60
55 49
76 85
37 99
44 86
84 3
9 52
45 72
39 13
99 45
98 17
72 49
88 35
86 80
10 55
38 37
1 63
25 91
64 13
68 88
53 88
28 31
87 15
4 100
84 93
7 85
14 20
86 28
84 99
61 80
28 55
22 50
91 13
42 84
81 8
51 83
11 41
3 9
49 79
42 48
12 54
30 8
28 90
62 60
64 42
46 95
95 68
53 30
82 70
74 1
78 26
53 47
87 81
68 57
50 86
83 50
85 73
82 33
30 32
100 74
39 71
32 70
92 53
80 25
99 24
19 3
44 31
37 79
30 35
31 64
51 13
53 25
15 14
68 71
61 95
26 10
88 63
8 5
8 64
79 65
14 64
41 51
16 58
36 85
77 96
49 25
37 87
94 35
5 76
23 87
63 50
63 41
88 46
27 83
74 16
13 48
73 50
45 38
29 76
38 100
16 49
49 86
46 23
57 4
12 3
82 14
52 30
27 81
99 10
69 10
2 82
92 31
6 9
68 64
52 21
12 94
84 100
66 32
48 88
97 39
4 13
83 86
86 50
37 49
88 10
66 55
52 67
87 12
69 61
33 54
47 55
17 52
50 9
61 41
62 52
30 94
46 33
94 23
57 15
53 13
80 29
68 51
98 34
41 18
12 84
64 84
26 50
80 32
31 72
8 13
18 29
46 59
20 5
17 19
85 45
31 44
81 90
43 19
54 27
65 58
6 97
5 88
54 40
99 26
27 93
31 58
1 47
33 44
68 18
55 18
42 44
8 75
7 43
78 28
31 39
99 25
35 13
46 7
44 4
53 41
46 74
70 46
15 57
100 12
84 23
64 76
40 8
75 51
100 37
11 52
64 90
31 90
94 56
23 21
41 39
74 7
76 17
1 16
7 40
8 79
18 87
38 54
80 90
93 37
49 90
87 99
16 52
25 5
34 12
77 41
40 9
85 90
24 56
9 75
87 89
34 78
7 71
28 71
22 84
96 75
70 61
37 89
33 5
58 70
99 61
15 52
75 21
49 8
13 7
69 27
40 39
14 52
77 83
86 62
69 43
90 79
55 71
78 63
18 23
36 57
1 11
24 96
53 72
36 90
69 71
71 77
33 80
50 18
57 97
23 42
84 83
40 30
86 44
42 93
25 44
59 26
49 98
50 65
99 47
47 40
15 46
15 81
71 42
82 20
78 7
93 51
9 56
17 58
51 11
23 71
90 99
60 87
29 96
75 30
86 79
92 80
26 77
64 99
2 84
16 82
9 92
87 16
93 39
58 1
33 65
12 75
35 53
90 92
82 92
71 50
6 26
89 53
35 28
73 82
96 65
16 88
78 73
40 46
73 53
5 14
33 48
58 40
34 58
21 71
20 52
57 52
13 45
12 68
3 98
95 18
7 81
82 97
42 49
51 74
64 26
91 7
46 97
89 95
7 64
17 55
75 1
23 89
98 63
57 11
19 47
58 48
90 22
28 13
5 73
21 27
50 21
86 6
35 73
100 33
62 56
17 86
100 97
56 19
47 68
74 82
47 35
49 54
7 55
15 99
14 29
86 71
85 68
79 70
36 10
11 64
10 92
75 64
39 53
9 66
61 22
16 25
13 29
40 97
23 96
41 73
53 55
88 74
6 74
20 31
49 50
30 18
57 33
27 47
14 6
77 17
51 70
2 88
53 99
15 58
71 91
4 62
60 26
44 55
42 29
94 82
74 92
29 65
87 55
11 49
23 60
96 84
40 17
29 69
67 89
87 30
20 13
13 89
2 25
20 34
35 8
16 29
94 17
32 65
91 53
39 28
62 89
8 81
3 83
87 76
59 85
83 27
48 52
62 39
63 73
59 33
40 73
70 31
38 33
40 85
71 37
37 17
16 26
32 22
43 10
77 4
83 13
16 56
18 19
28 64
28 68
57 20
56 54
85 67
94 58
38 4
18 13
54 17
32 56
44 64
87 45
93 50
98 93
95 75
46 63
6 21
46 66
67 88
60 53
66 58
33 13
15 38
91 72
95 24
87 65
92 90
89 87
44 79
61 53
93 92
81 72
14 95
72 60
22 17
22 93
79 29
54 74
4 50
37 75
92 12
40 63
3 88
72 83
28 84
97 76
70 38
100 40
88 78
19 63
18 14
3 99
85 97
67 60
81 9
37 48
75 73
35 84
34 19
8 42
19 83
32 16
58 7
4 51
89 26
33 91
92 74
40 96
65 24
71 7
79 96
67 73
6 5
97 44
37 44
37 97
24 19
76 80
7 13
32 26
96 35
63 29
38 27
71 79
61 21
29 24
89 25
65 88
32 6
7 62
67 28
55 94
46 82
77 24
83 55
39 2
83 34
93 7
59 90
8 65
91 57
43 21
66 11
5 19
92 17
25 1
14 83
44 88
36 61
81 67
8 85
89 48
28 97
16 5
89 28
43 28
6 82
72 97
7 47
9 24
60 52
96 83
21 47
61 36
92 42
22 37
20 18
73 87
3 96
57 45
88 60
64 92
58 29
57 39
59 80
40 16
77 48
36 83
95 93
60 81
80 4
9 54
45 6
98 10
69 5
55 53
79 84
53 86
27 99
22 18
94 84
40 47
29 12
48 13
44 16
74 55
94 49
4 17
2 64
31 22
76 89
79 77
38 5
56 63
97 53
58 39
14 47
12 21
58 83
99 52
49 24
9 44
76 44
44 75
71 78
87 44
3 8
8 72
29 97
71 60
70 100
45 42
33 50
72 96
84 97
40 25
82 57
24 91
86 24
31 99
56 91
51 41
68 2
64 2
1 81
98 38
94 20
83 81
21 10
13 53
59 10
56 72
30 62
6 83
100 23
100 81
22 68
62 47
49 65
68 95
96 87
44 13
93 41
66 3
16 79
58 69
99 86
68 47
25 37
81 73
92 64
90 67
44 99
14 28
32 90
31 56
10 40
2 39
71 23
57 12
49 2
88 15
10 86
80 20
38 49
48 87
39 90
20 23
11 72
95 43
80 44
100 95
75 4
32 4
12 61
8 90
21 75
27 43
38 92
17 3
51 68
20 7
32 83
57 85
64 3
51 9
72 6
32 39
65 80
54 80
80 59
51 12
76 67
26 37
42 96
68 1
35 58
17 30
2 17
26 92
29 64
63 54
41 32
44 65
47 72
28 34
39 4
29 58
37 56
97 61
85 49
58 44
32 51
4 70
94 55
48 15
53 66
91 61
17 59
69 65
86 84
91 65
29 77
100 82
54 16
80 21
9 77
89 16
70 49
52 29
90 27
36 64
68 28
100 68
31 5
60 11
91 97
71 68
78 91
71 38
67 30
79 41
11 38
81 70
21 82
37 100
8 100
28 77
70 54
53 87
62 86
91 39
69 13
1 67
84 63
92 75
36 4
92 68
20 98
6 42
30 5
54 29
86 54
23 44
92 21
67 2
27 15
22 72
81 57
14 48
76 24
81 14
63 36
45 89
33 94
100 9
98 85
87 33
96 12
96 76
77 57
25 38
53 17
57 73
7 14
42 14
10 28
74 88
65 39
81 28
69 26
12 31
66 60
4 82
43 76
1 9
24 27
33 28
57 24
87 53
95 21
55 10
63 6
71 97
74 44
80 30
99 98
91 64
42 39
46 42
57 87
19 57
38 67
54 12
77 19
49 60
63 11
84 95
80 69
61 69
58 61
25 51
62 33
88 6
2 22
60 94
30 22
51 35
40 35
40 41
87 49
48 43
17 45
51 3
85 35
54 56
62 38
30 85
18 21
41 44
53 18
97 20
14 24
74 89
16 18
73 56
96 58
90 96
88 5
13 81
88 73
26 89
52 94
2 75
100 14
5 30
23 78
73 40
62 97
31 69
25 46
43 89
70 33
16 91
63 77
44 27
20 43
38 50
48 21
56 1
43 98
36 100
76 74
46 88
48 73
15 88
70 14
55 80
49 13
74 36
27 14
54 72
52 81
96 66
80 19
63 76
5 52
48 16
25 11
40 3
99 17
37 60
18 62
73 7
69 56
8 32
54 59
94 15
38 85
68 99
65 8
25 15
31 53
46 11
79 46
37 36
90 97
89 56
3 29
68 21
23 37
58 89
50 27
36 7
90 17
84 53
96 54
49 70
35 68
62 41
83 42
7 70
21 68
28 20
72 85
86 19
73 86
45 63
82 77
18 65
74 43
70 97
19 98
77 61
24 28
3 12
63 51
11 2
66 91
76 77
69 95
5 82
79 14
56 5
60 37
4 63
16 48
70 19
62 54
100 71
62 92
93 11
82 91
98 21
30 27
82 41
58 100
39 70
42 80
100 48
38 66
66 23
60 73
36 82
67 1
60 66
36 84
31 2
9 31
75 58
67 14
57 41
63 4
32 41
27 35
51 96
24 64
41 88
3 33
15 26
65 48
70 56
21 32
60 50
62 22
87 69
98 31
85 1
77 80
39 27
2 61
7 3
26 22
99 50
1 70
95 22
79 63
58 11
56 58
10 94
25 85
56 85
34 9
47 91
48 79
90 21
55 89
93 43
25 83
46 76
58 85
39 26
39 81
85 91
67 32
34 52
23 97
63 48
20 47
79 16
39 34
54 60
96 82
100 27
42 77
59 12
79 73
81 7
15 77
31 85
71 36
81 36
88 59
70 87
3 57
96 3
90 45
74 11
73 17
11 7
38 3
8 68
60 42
83 32
74 94
22 51
75 84
30 82
40 52
30 93
30 87
54 35
95 87
91 50
92 2
9 25
1 4
4 34
3 6
46 38
25 8
57 82
9 12
84 85
61 45
95 13
35 14
18 27
95 46
51 36
70 60
41 9
21 74
82 21
34 8
33 30
8 14
78 29
57 64
56 29
80 2
91 22
67 96
76 29
73 16
91 4
3 44
28 95
7 28
68 20
12 43
36 50
76 21
6 65
72 13
47 15
84 41
10 84
96 36
89 98
47 85
56 15
15 23
52 43
34 11
38 96
54 77
1 65
75 69
21 23
96 2
86 92
16 11
19 16
70 17
17 75
57 21
35 10
5 49
89 43
100 15
40 99
56 83
25 41
33 22
23 10
57 71
70 18
82 38
81 87
68 34
44 29
82 96
45 5
96 90
78 43
36 8
33 72
56 21
95 23
5 7
87 88
36 45
77 70
21 72
11 87
64 23
42 55
79 51
6 73
11 57
64 78
41 79
32 14
95 53
75 7
4 31
3 82
1 34
56 42
94 61
13 60
18 26
45 40
11 15
40 49
51 75
63 100
91 21
66 80
65 36
57 54
5 33
43 24
77 79
48 22
15 8
27 38
1 90
100 98
1 27
26 64
27 45
36 47
56 32
44 3
98 20
16 76
7 91
2 46
1 19
69 2
62 55
8 56
44 70
99 78
64 95
93 9
72 38
10 38
37 52
72 94
85 5
3 50
86 36
45 62
4 7
30 29
76 20
81 10
20 92
18 41
94 10
32 42
70 65
9 26
70 24
61 14
32 30
99 64
48 17
71 96
97 43
39 91
93 17
74 67
2 45
21 99
96 43
94 93
66 88
95 26
82 90
84 81
73 77
26 87
86 21
49 1
45 91
43 45
28 66
52 46
41 89
79 69
75 34
86 95
96 55
47 45
21 88
66 28
58 10
43 88
81 33
57 60
50 59
13 95
25 42
12 73
15 7
79 90
59 42
99 32
47 59
39 63
55 32
21 31
75 28
1 75
40 56
69 31
73 70
61 12
16 99
10 74
53 43
4 12
94 87
61 9
9 80
58 62
47 16
19 60
58 57
12 80
59 52
20 4
30 49
85 75
64 35
10 50
15 93
98 96
24 86
36 76
66 95
80 23
85 82
81 83
9 33
11 10
83 60
41 95
38 78
75 26
55 74
8 2
52 14
5 78
54 37
84 74
75 74
8 1
83 29
24 8
7 21
21 96
40 66
8 74
25 89
19 58
47 31
61 39
85 76
46 51
30 66
60 1
83 53
35 83
96 91
64 50
66 47
80 22
13 31
69 7
3 73
29 50
85 93
82 68
28 91
38 55
75 41
7 61
72 100
12 57
22 57
98 81
52 62
83 8
14 73
6 76
81 80
99 37
41 48
59 65
21 86
26 79
51 49
19 100
84 58
75 96
27 86
7 83
52 59
73 41
58 43
94 51
32 59
13 83
91 45
85 80
46 34
46 65
33 76
95 36
51 8
28 24
82 80
58 19
12 100
69 38
15 2
32 77
24 76
75 14
58 74
5 57
96 7
4 94
9 63
15 21
60 14
18 76
94 41
89 34
56 22
7 33
71 45
1 25
69 3
77 100
23 92
68 66
96 59
54 71
87 9
45 39
77 6
87 54
91 79
1 6
21 54
16 86
82 84
44 28
41 23
95 71
45 85
90 89
25 59
52 83
83 3
33 59
46 14
45 1
16 66
62 77
48 23
94 50
17 18
1 41
93 25
32 95
18 39
22 24
51 37
67 36
9 62
17 16
68 30
88 8
8 69
29 49
59 14
18 12
12 87
11 81
64 40
6 8
15 76
5 42
45 92
78 59
92 36
47 53
35 37
19 71
49 5
58 17
43 1
31 20
13 79
2 29
69 66
35 32
96 70
63 2
2 97
20 21
19 38
5 44
50 95
32 10
56 38
56 4
10 43
90 68
40 54
73 54
92 13
82 5
78 24
30 60
91 100
14 32
65 54
23 61
61 89
44 50
89 88
46 94
40 59
41 84
44 56
74 47
22 38
26 17
48 40
53 74
44 89
83 58
67 62
32 19
68 13
73 98
61 26
44 8
14 8
91 85
14 94
5 68
21 100
43 56
62 79
70 23
35 92
38 19
74 35
24 99
26 41
14 93
86 61
51 2
100 83
55 47
68 74
13 90
83 48
9 2
49 87
75 49
11 65
70 2
23 85
5 36
30 63
52 91
46 60
20 48
72 55
94 30
7 72
69 24
1 21
73 42
82 86
79 57
80 61
25 88
17 53
59 36
1 52
84 28
8 29
55 63
33 45
37 39
49 15
94 65
93 48
31 49
88 53
84 75
15 48
43 83
85 11
98 37
93 22
63 15
38 73
93 71
87 8
66 16
51 59
59 62
61 92
46 58
59 84
52 4
78 55
10 99
73 3
57 5
41 100
21 13
33 25
12 18
2 59
59 61
24 51
92 38
14 68
11 77
31 46
50 14
66 41
64 58
73 20
64 89
64 45
28 49
30 77
25 32
38 65
14 91
77 75
48 1
19 53
26 82
30 71
5 12
37 65
32 48
55 85
72 5
2 36
56 6
9 86
50 70
68 90
26 14
8 18
50 28
84 98
29 28
10 66
99 67
37 53
87 98
89 59
77 29
22 29
76 73
51 23
34 2
10 77
16 65
77 51
6 80
57 14
88 24
82 19
23 53
51 98
64 93
5 56
33 71
91 6
94 76
11 75
46 81
52 25
98 19
53 77
62 4
34 65
78 12
29 15
47 57
1 88
16 15
58 5
21 48
23 16
33 35
49 23
6 88
52 1
7 15
89 38
30 78
90 84
94 47
93 38
84 38
100 38
75 27
93 82
23 17
39 48
65 96
73 39
37 33
28 88
96 10
22 41
48 29
31 18
87 92
13 100
88 50
11 17
10 3
100 75
71 21
36 14
45 51
76 19
6 27
71 94
78 56
79 17
76 32
45 80
26 71
37 50
54 94
6 16
75 12
40 5
1 68
36 44
79 76
49 67
27 78
32 99
20 8
76 62
25 80
10 16
33 26
53 9
19 65
6 17
24 78
25 49
54 87
85 14
67 98
79 27
47 41
26 42
59 95
20 65
55 84
34 95
59 47
35 17
12 42
100 53
65 50
80 71
29 72
14 97
98 8
76 68
4 55
55 37
75 5
25 21
80 56
66 43
90 93
49 41
39 89
16 100
67 97
26 49
95 80
30 70
64 57
84 14
25 39
85 37
12 39
40 75
72 71
78 13
42 26
57 77
93 1
74 23
59 31
45 97
57 53
52 66
48 69
90 70
64 14
49 6
29 41
66 87
12 92
9 65
97 62
87 19
45 25
63 64
13 96
39 18
13 15
23 75
7 86
47 46
11 18
52 65
50 90
49 99
83 21
9 59
55 29
9 79
55 48
93 87
60 47
97 96
27 67
60 20
1 99
17 9
72 37
6 31
73 84
40 95
70 92
47 70
56 69
46 96
34 18
69 37
1 79
34 76
92 82
88 4
36 67
91 98
23 46
54 3
86 99
10 83
96 49
30 55
58 60
36 35
91 46
95 92
61 83
83 69
81 13
76 93
95 89
84 24
63 72
73 8
24 75
24 97
60 80
2 60
66 83
27 7
82 78
40 88
75 92
49 75
57 17
4 40
31 4
65 11
19 64
90 36
70 91
93 62
64 16
57 48
21 50
73 22
80 72
84 54
24 2
52 64
73 65
47 66
45 82
82 74
34 71
71 47
7 38
75 68
22 23
31 24
46 93
59 54
67 68
53 35
89 83
69 97
69 96
8 4
76 31
73 97
42 56
77 81
54 55
46 55
53 2
39 69
61 7
95 48
25 4
34 35
62 61
43 14
93 19
43 58
86 90
14 88
74 50
32 64
20 25
85 32
82 93
1 22
56 94
96 79
80 78
12 64
80 57
42 45
63 98
38 28
5 92
76 27
81 30
92 3
7 97
83 31
24 23
58 73
49 35
92 91
83 87
77 92
25 100
28 2
12 45
24 37
44 94
39 44
31 61
29 32
16 47
20 46
21 11
92 85
48 47
43 4
65 10
66 56
61 70
38 42
73 21
96 23
17 73
66 7
84 71
31 97
88 71
36 15
88 44
26 28
21 65
97 94
96 22
63 67
82 43
86 74
86 29
15 60
67 29
78 75
70 4
42 66
34 73
36 75
15 45
74 95
29 91
18 36
18 52
99 43
93 57
25 54
14 12
30 69
33 61
81 40
64 86
72 81
11 80
2 90
34 26
89 33
66 98
93 77
33 4
75 50
87 25
67 23
65 1
53 56
31 71
24 4
68 42
19 76
99 77
83 26
32 49
60 43
87 85
70 73
97 37
12 10
63 9
21 87
39 12
30 48
62 9
89 78
25 92
17 28
34 87
3 10
79 5
6 44
98 14
53 37
74 52
85 86
32 81
34 5
61 57
95 59
71 29
66 52
70 29
72 98
93 79
10 95
30 37
19 68
99 48
87 29
41 6
89 82
51 58
5 95
89 61
70 79
9 72
26 59
20 33
20 15
43 12
97 73
2 83
98 60
81 68
71 66
93 85
18 88
31 41
90 35
37 68
33 62
97 3
78 81
10 33
46 77
36 98
3 75
4 32
62 7
56 39
74 62
8 66
94 79
75 63
29 36
5 24
22 1
52 77
92 65
95 61
6 95
18 96
95 70
60 74
72 40
90 23
67 26
16 3
25 62
96 98
67 25
100 73
41 38
10 90
32 61
10 93
37 20
65 56
67 50
66 68
52 76
39 8
74 68
34 36
98 95
95 25
50 41
27 36
59 96
59 34
64 49
70 68
72 41
11 82
42 62
64 72
46 29
39 38
85 25
62 70
15 97
52 74
89 86
2 6
16 53
31 36
65 100
44 49
77 43
70 35
15 96
78 49
82 83
26 90
10 54
70 55
75 77
41 17
58 45
59 68
58 33
25 71
10 18
49 12
26 73
66 1
88 48
75 82
13 26
77 12
4 79
100 21
36 60
31 88
49 52
19 18
60 35
85 7
89 18
58 53
30 45
76 18
55 64
44 24
48 95
64 9
21 58
64 97
81 48
34 59
75 65
64 15
86 48
33 29
48 61
55 87
59 67
41 65
48 45
18 38
43 87
82 81
79 78
92 46
70 11
40 20
65 90
5 46
6 30
67 91
75 44
53 100
97 72
46 26
81 21
77 46
11 53
53 3
41 61
1 83
4 72
87 62
11 3
76 11
40 76
88 77
32 98
3 32
29 27
35 36
65 49
100 79
80 33
27 100
98 28
56 73
43 95
37 64
17 11
69 42
53 14
57 40
50 11
88 30
92 61
65 29
46 87
31 67
32 93
26 69
45 78
68 54
77 18
12 96
37 91
24 45
23 47
24 94
78 92
42 4
35 57
98 3
25 45
56 90
64 17
68 52
55 34
100 96
76 84
88 81
59 77
96 71
41 85
91 11
78 58
1 5
42 46
27 5
81 63
29 1
13 1
7 80
68 19
72 14
1 69
80 16
83 51
92 14
38 64
41 63
88 57
77 82
82 27
12 33
30 75
84 67
14 96
64 52
40 21
8 12
22 82
68 86
66 14
1 74
79 13
90 41
14 16
64 27
68 96
25 56
60 90
56 30
32 47
26 3
73 31
47 25
36 29
79 3
21 89
62 73
56 37
29 99
15 74
33 38
40 58
5 79
12 19
100 42
79 83
73 34
97 4
80 76
17 92
97 11
48 46
82 28
98 56
13 18
19 40
6 60
74 54
52 96
14 18
59 7
39 24
3 28
46 27
20 64
70 89
68 23
8 87
48 24
68 7
83 35
59 11
21 52
31 34
95 3
24 12
13 66
14 49
84 22
10 88
22 95
73 69
48 96
81 66
11 14
20 35
7 24
82 58
77 58
55 88
77 55
94 39
49 33
58 20
66 21
65 81
81 65
61 50
32 40
44 11
38 20
39 94
99 11
43 9
45 52
91 78
93 95
11 25
60 32
11 86
47 10
94 8
49 72
15 10
94 91
45 60
51 26
85 55
13 27
45 56
99 15
95 64
9 21
73 90
69 64
71 44
96 45
98 74
59 82
67 39
9 23
9 13
76 78
75 20
54 39
99 92
5 16
29 66
77 98
6 72
67 72
6 22
63 33
6 75
60 96
74 12
53 54
1 38
35 45
17 22
47 79
14 9
60 38
26 45
98 65
17 8
33 3
48 93
39 52
73 48
71 17
60 21
89 73
52 82
78 97
22 9
10 53
99 8
18 17
63 34
13 97
46 70
96 92
43 2
75 59
57 34
59 99
28 9
33 46
7 37
27 69
17 65
15 61
30 9
93 35
3 38
97 36
57 27
28 63
61 23
20 28
59 89
9 55
42 10
20 69
8 89
60 95
95 83
30 95
79 18
16 30
68 9
41 5
24 85
64 83
11 79
57 3
86 7
15 78
32 54
33 60
51 85
99 95
97 31
62 6
49 57
89 85
32 44
9 4
24 68
69 90
18 82
98 89
74 8
25 57
40 81
19 33
44 58
41 29
58 93
81 20
10 69
26 2
46 31
4 49
63 8
16 73
12 82
50 87
79 50
66 97
1 32
5 23
31 73
89 70
13 37
89 47
27 9
24 41
47 77
15 71
56 35
66 34
60 83
35 51
58 67
78 33
75 25
23 4
48 36
11 67
49 29
85 92
72 45
69 8
78 51
18 20
90 26
89 94
16 81
96 52
22 59
28 75
95 74
45 16
48 83
6 63
10 91
32 76
43 35
43 70
11 1
9 18
96 81
9 3
89 14
93 49
35 20
22 73
1 86
47 83
40 89
84 33
57 95
45 36
75 55
94 40
69 14
2 53
14 85
89 57
50 19
48 37
67 38
83 39
83 75
52 15
16 63
3 79
48 58
65 97
83 64
90 80
94 31
5 85
52 73
81 64
58 54
73 5
60 18
73 52
66 42
50 43
1 40
9 95
65 72
28 6
89 29
31 43
55 75
35 72
76 51
94 42
94 96
63 37
77 52
65 61
16 74
68 63
18 3
99 71
94 54
84 89
6 12
82 30
44 48
78 95
10 49
86 25
24 29
62 95
77 23
82 1
84 4
92 57
71 5
26 23
75 13
18 8
88 42
42 37
38 11
4 61
34 46
100 57
3 24
54 6
55 78
93 78
56 80
99 91
93 73
45 88
53 20
3 16
2 31
61 88
55 12
46 12
64 11
1 76
30 56
58 55
95 20
16 12
66 33
23 79
56 10
65 45
35 18
35 46
77 64
45 30
90 78
16 60
75 98
92 98
20 37
21 91
53 81
77 49
62 67
12 95
56 87
64 44
51 91
53 10
22 7
79 75
61 6
19 43
92 6
37 93
59 51
23 90
50 67
98 46
67 20
33 70
25 6
67 44
38 95
90 86
67 57
9 64
56 18
30 57
26 46
83 6
36 43
91 37
28 17
62 16
55 41
63 66
24 15
41 33
58 3
35 81
44 36
55 20
28 74
27 20
41 93
35 88
23 93
99 44
46 98
33 20
4 66
29 20
83 5
20 81
27 44
77 53
84 26
66 89
86 77
3 100
58 30
88 93
47 44
65 26
60 59
48 78
55 68
22 48
94 78
13 59
18 6
25 93
82 73
53 96
15 92
89 79
40 60
91 30
76 22
67 41
33 24
10 25
53 32
91 44
30 24
80 95
20 24
13 25
2 73
45 67
67 10
59 64
97 65
5 74
70 78
81 98
77 91
85 48
66 35
49 44
77 2
78 46
95 32
11 43
16 24
49 32
2 18
92 73
14 58
19 27
3 14
55 61
6 2
5 77
3 76
2 16
100 11
100 99
10 67
78 19
61 29
94 22
39 96
99 89
81 32
53 61
89 6
97 71
69 58
36 20
77 84
48 91
32 5
76 40
75 56
13 35
78 54
16 17
26 11
99 53
81 52
61 51
47 27
48 86
74 2
69 22
11 40
52 19
84 62
64 10
97 40
90 54
97 75
18 43
5 63
39 77
60 39
49 69
86 52
31 84
62 58
59 15
21 15
63 20
76 33
86 63
55 14
47 69
96 94
31 35
46 64
40 100
94 34
72 46
94 13
85 30
46 73
22 20
28 42
79 7
58 82
16 78
74 78
30 73
84 31
71 53
7 89
51 60
14 41
42 64
45 24
20 26
43 53
42 18
17 85
15 72
42 69
84 47
7 67
17 14
68 67
38 72
79 42
3 65
39 78
31 59
32 43
10 1
94 44
24 26
14 36
18 50
47 64
97 34
34 13
35 56
68 62
1 50
20 30
61 98
19 12
21 35
67 78
15 95
24 48
19 21
38 91
76 72
99 2
25 90
62 24
16 20
39 49
1 26
54 26
56 67
96 51
15 63
20 14
23 27
23 99
15 79
93 45
34 66
1 78
18 9
86 43
59 55
60 40
84 64
16 42
9 43
2 47
60 13
31 94
82 46
12 65
86 38
93 10
56 17
18 4
56 70
25 36
14 7
54 8
18 66
20 72
79 49
42 79
41 78
82 61
80 52
59 66
70 25
71 89
14 54
60 12
31 77
34 68
19 22
69 89
36 13
73 81
46 62
5 66
58 56
95 56
69 84
67 53
23 59
45 83
97 74
96 41
23 77
97 77
34 30
39 74
87 39
97 30
28 57
24 69
77 35
59 69
38 59
20 17
13 85
94 48
55 43
80 84
45 55
51 94
72 1
33 17
29 55
56 96
22 36
57 66
23 38
23 80
11 89
33 21
1 85
43 66
82 50
15 80
13 3
66 2
34 70
50 46
61 35
13 12
8 99
93 90
12 4
58 88
63 75
95 97
58 66
18 32
71 10
27 80
79 26
1 20
58 22
26 35
60 28
70 96
50 64
28 4
43 86
81 86
39 19
82 69
51 88
55 57
17 50
31 28
50 74
39 6
87 60
94 53
42 81
35 50
7 100
72 62
74 49
26 13
8 76
86 81
54 43
67 81
94 5
90 69
31 3
61 24
76 99
36 51
58 68
91 95
1 91
83 71
51 54
28 51
78 16
22 16
35 15
21 42
99 87
2 23
23 34
85 16
96 37
34 47
31 95
96 26
50 22
84 5
89 49
12 25
65 7
65 89
70 45
71 13
2 68
28 40
15 36
43 69
53 75
75 80
33 84
91 47
96 30
19 29
64 87
73 62
74 51
8 60
18 85
53 8
24 42
13 80
53 59
77 66
72 50
94 1
64 62
91 90
94 75
87 50
90 65
64 67
3 27
57 30
49 47
65 87
4 48
18 95
50 78
3 13
40 36
75 91
36 30
63 24
80 73
73 38
85 87
67 86
21 66
27 42
85 98
29 7
75 60
99 74
79 81
39 51
68 27
29 73
50 71
34 1
95 4
70 39
86 45
28 22
40 78
29 92
67 75
12 23
99 12
15 22
56 78
8 33
61 49
5 84
51 4
41 83
42 16
19 88
64 47
97 46
72 33
15 56
59 74
97 52
47 32
63 96
20 63
73 24
9 100
79 25
45 43
8 61
4 3
46 15
80 62
17 35
38 84
18 49
91 15
3 58
79 34
52 17
13 58
49 22
23 25
37 15
46 44
1 14
76 38
23 67
58 28
10 98
92 77
50 66
40 82
17 51
84 2
75 22
99 23
42 75
91 38
97 33
5 34
35 9
43 39
39 87
22 81
76 86
15 41
25 69
61 16
47 54
50 30
26 97
93 63
9 5
8 45
99 70
43 64
57 56
74 59
92 48
54 32
95 86
31 96
9 1
98 67
85 58
67 90
49 63
76 54
72 10
54 83
4 53
100 58
96 32
74 56
82 12
35 24
75 99
97 17
16 98
53 51
12 93
99 94
37 45
80 39
99 22
86 37
64 77
79 4
81 22
63 92
41 43
97 87
38 93
47 42
5 59
69 51
34 63
14 13
88 19
17 95
81 71
95 73
40 69
22 78
4 47
29 90
94 68
56 100
52 97
8 83
71 41
94 27
5 28
78 85
11 51
58 9
38 9
38 83
52 63
92 1
90 19
13 69
91 36
85 17
63 38
29 100
63 12
23 26
78 45
61 1
52 11
95 63
30 90
29 61
22 43
97 81
3 49
52 40
11 33
40 2
18 81
25 82
42 90
2 100
33 9
6 34
22 97
27 33
93 97
78 90
64 24
57 96
87 67
41 1
92 40
13 94
78 53
20 38
96 60
73 47
63 91
93 53
49 71
2 57
43 30
2 21
71 56
44 47
7 82
64 38
86 73
14 34
98 29
84 10
84 76
85 66
24 89
33 37
55 99
69 1
13 16
26 72
66 15
42 1
7 2
70 52
19 85
78 57
44 62
68 97
88 75
35 4
80 36
100 20
4 22
53 68
59 18
64 60
17 81
85 69
19 45
74 46
77 71
1 89
17 94
53 67
94 38
100 30
66 94
17 27
39 60
66 36
30 12
35 74
47 48
33 51
50 54
95 49
60 7
50 91
78 70
96 89
23 52
39 79
88 32
24 31
78 48
57 91
3 55
100 60
29 18
4 85
32 71
30 36
94 4
5 43
28 83
21 34
10 4
21 78
13 91
90 16
35 78
45 54
65 23
28 85
90 8
50 40
30 97
87 37
99 72
99 35
36 56
78 44
67 8
59 9
12 14
71 46
63 61
81 53
63 52
49 73
13 28
81 75
46 67
55 86
94 60
51 10
66 39
83 100
96 18
13 36
99 7
23 20
79 31
53 46
71 57
68 35
17 82
90 31
21 61
82 36
69 78
75 37
84 25
61 52
9 47
44 93
76 59
42 92
3 64
58 38
34 88
16 77
16 38
74 20
36 96
30 52
95 6
64 73
81 54
8 21
48 62
65 79
38 22
38 76
68 43
58 21
36 28
36 71
44 17
21 24
4 90
9 96
85 65
13 21
11 100
54 86
66 19
69 54
10 75
31 68
82 60
65 83
85 70
86 18
4 15
65 6
64 6
91 17
81 85
28 15
42 32
80 9
48 49
26 60
42 73
80 74
46 89
82 49
52 53
27 56
56 12
42 47
48 76
38 69
45 48
6 77
90 37
22 87
92 86
39 50
47 56
63 95
92 100
4 28
34 85
92 23
86 58
27 64
52 7
2 11
45 17
83 45
91 31
59 63
50 61
22 21
91 3
19 15
74 83
16 64
91 12
86 12
10 13
30 53
10 76
51 6
58 36
74 30
22 8
3 7
68 36
47 82
67 21
62 21
42 76
62 42
79 23
18 2
80 43
89 19
37 9
87 52
75 93
73 66
68 92
66 100
95 51
87 13
26 84
13 73
95 65
51 22
25 64
11 22
66 29
26 30
57 13
87 74
33 11
89 80
14 71
28 41
55 46
84 65
25 98
26 62
52 51
45 99
49 17
72 59
56 76
4 29
22 85
70 64
52 54
83 16
80 10
58 72
98 12
98 5
81 39
35 25
88 9
83 54
1 98
76 95
31 13
56 93
30 39
11 29
5 65
5 39
50 79
64 100
55 9
60 61
19 87
65 51
50 2
43 91
37 46
19 37
28 35
62 19
41 57
97 25
31 70
52 56
21 62
95 81
39 15
75 33
4 78
10 52
28 48
14 77
2 99
57 9
77 16
51 73
17 93
97 100
56 61
14 65
70 41
47 63
26 21
20 44
77 31
88 47
67 83
18 15
55 96
97 1
9 89
23 49
1 51
32 20
56 45
10 2
92 45
64 54
46 57
96 4
23 100
81 29
76 82
79 72
40 91
8 10
44 82
62 3
71 25
89 52
16 84
18 63
54 48
36 1
99 33
4 52
49 48
32 75
100 77
72 19
62 14
67 49
26 29
28 54
78 79
5 48
8 35
14 50
30 21
22 94
41 3
72 31
90 4
70 58
54 88
33 95
2 4
45 9
91 76
19 59
13 75
14 60
50 47
29 37
46 45
51 69
93 84
67 5
25 16
17 31
73 1
89 55
78 52
64 80
88 18
16 1
92 63
53 89
54 91
7 69
21 9
19 11
16 93
14 46
62 2
79 40
32 18
58 91
81 12
82 62
39 32
14 17
39 68
91 84
92 33
11 28
76 98
51 56
47 73
77 62
14 27
27 60
32 52
36 49
35 47
55 35
73 45
87 64
46 37
84 92
97 35
87 22
11 94
85 20
34 82
74 24
27 51
16 28
80 75
16 31
31 60
67 80
52 2
79 52
100 10
30 100
63 94
84 46
54 100
87 51
91 60
82 16
29 17
28 29
77 42
24 74
90 52
88 84
35 89
78 37
7 46
84 21
48 41
10 85
84 51
65 67
75 15
19 2
10 60
1 48
53 15
99 4
5 31
35 79
47 38
77 67
98 58
47 98
83 98
56 59
92 47
29 3
38 94
85 12
8 54
91 35
29 51
4 18
80 79
35 40
13 78
82 44
59 28
19 31
32 28
48 26
40 79
69 16
31 52
99 60
59 16
68 26
86 68
90 47
100 28
30 50
2 30
48 20
12 78
94 90
41 47
86 30
71 4
80 81
85 64
35 7
2 48
24 79
9 81
25 13
62 88
95 9
15 75
34 14
30 92
29 68
33 100
86 17
42 33
78 10
33 16
25 66
79 33
52 75
79 82
87 11
96 17
65 16
58 26
45 19
43 75
80 45
68 56
16 23
11 21
32 45
62 43
69 15
19 35
50 69
21 26
61 47
81 3
52 32
19 48
87 20
11 58
29 80
64 30
56 47
2 52
45 58
35 96
14 57
30 86
90 55
92 83
13 57
69 72
61 40
85 61
29 93
61 64
96 78
47 51
64 20
53 11
12 98
94 29
43 37
52 36
89 23
63 46
29 54
43 60
1 53
24 38
87 1
84 79
37 2
70 98
71 32
27 95
76 79
79 59
60 98
67 45
91 5
7 22
42 25
62 27
28 12
21 37
70 53
27 66
75 81
72 4
71 54
47 80
77 74
92 55
39 11
46 3
97 67
73 36
53 98
86 39
35 75
14 80
37 90
32 68
60 100
52 72
77 7
68 38
91 71
76 52
54 90
69 44
45 15
3 43
86 26
77 63
48 60
57 84
94 63
81 24
39 59
98 25
43 85
66 12
51 19
72 23
55 100
76 97
2 54
32 74
92 41
32 17
12 53
89 62
28 26
6 39
96 21
29 60
90 44
42 52
20 10
19 52
27 85
51 40
3 59
90 5
97 45
60 5
15 35
42 30
36 91
20 62
36 69
43 23
93 4
51 63
11 95
44 60
57 16
15 12
2 85
76 9
37 83
9 70
43 68
93 21
27 89
43 44
7 39
25 7
78 5
93 20
86 51
89 32
27 46
88 96
50 12
51 62
70 28
77 86
72 26
66 64
37 82
74 84
18 75
16 85
84 60
65 12
80 67
66 57
97 6
51 78
2 78
90 13
79 1
1 84
61 27
66 70
58 94
57 76
85 84
60 24
61 97
50 81
59 25
27 19
50 85
19 25
46 30
22 14
22 55
96 25
100 54
96 68
58 4
84 78
98 64
57 47
28 14
93 47
54 85
91 43
27 92
72 69
93 88
46 24
32 79
34 40
38 47
20 80
18 74
46 2
46 100
60 33
65 64
4 1
39 36
20 1
71 51
60 82
68 79
29 39
50 36
96 34
47 34
91 48
92 71
74 48
93 46
89 71
64 8
26 68
73 18
71 62
54 65
94 89
86 40
85 51
36 94
33 89
100 17
82 63
100 62
45 4
58 84
89 41
100 69
56 97
82 47
72 70
46 25
87 18
8 94
33 49
43 16
32 7
48 25
10 37
21 69
91 32
55 83
20 75
41 66
53 12
92 66
38 56
98 50
28 99
75 72
23 11
51 53
2 98
79 54
60 97
89 63
34 97
6 78
72 35
97 55
13 88
50 68
57 6
31 38
73 100
16 35
26 32
60 84
54 47
21 56
51 80
29 46
30 28
70 47
25 77
51 93
19 24
15 11
66 26
59 97
54 21
99 13
98 83
67 52
91 82
15 86
43 81
7 25
85 28
37 3
33 81
47 99
4 35
21 6
32 37
11 56
13 74
63 39
87 5
83 12
51 20
50 76
8 11
40 26
89 74
14 5
62 13
85 23
9 94
33 41
98 40
21 60
27 10
9 27
45 87
55 27
22 15
20 53
91 24
15 5
30 58
31 81
37 66
71 1
100 36
61 15
83 99
68 81
33 93
66 54
61 73
68 93
18 98
68 94
94 62
4 54
40 64
14 22
86 41
44 71
16 9
48 27
41 55
2 67
9 40
88 23
25 75
66 45
57 80
61 100
57 61
74 6
15 59
73 74
8 23
15 91
81 18
3 74
3 72
99 84
68 6
7 84
83 94
38 10
90 11
62 29
4 81
87 31
61 99
73 96
37 58
70 86
48 65
69 100
43 79
92 35
31 12
14 11
85 99
57 32
34 32
82 85
79 2
75 36
100 86
89 77
69 12
84 48
86 96
15 84
94 92
4 92
100 89
85 59
38 29
60 58
26 70
23 65
58 49
42 72
13 51
35 31
50 3
44 72
80 31
9 85
47 33
32 89
10 17
98 99
45 70
91 94
57 49
8 97
100 92
60 55
81 16
92 52
80 5
67 51
98 48
46 52
88 86
51 61
55 62
10 6
79 58
89 81
16 70
46 35
90 57
61 94
27 37
17 83
34 99
51 39
72 2
3 86
74 15
74 100
54 31
56 24
76 88
24 59
36 11
68 84
48 77
8 17
2 41
4 23
18 93
83 91
45 35
60 56
18 59
10 29
27 16
86 49
86 9
42 67
98 76
13 98
16 72
25 31
59 30
73 11
79 74
49 9
68 5
15 98
63 81
16 55
63 1
54 24
85 26
95 78
30 46
41 28
27 32
92 50
37 23
55 52
10 65
30 6
33 75
65 21
23 98
39 85
100 1
93 80
91 69
55 5
40 32
5 53
40 45
65 4
64 53
54 57
85 22
44 74
98 35
85 8
73 76
51 95
72 27
59 100
37 81
95 60
24 52
53 57
73 37
14 81
35 100
75 8
70 40
34 43
71 95
63 30
81 37
51 27
50 31
15 18
97 22
76 61
8 84
46 56
86 78
30 43
78 83
71 39
34 84
49 21
85 29
35 38
66 82
6 85
92 18
78 66
73 78
45 22
55 76
89 40
68 49
87 48
70 3
9 37
63 23
83 61
14 86
82 55
89 91
54 53
3 56
13 24
50 94
75 67
18 89
91 27
8 95
35 6
84 68
78 18
83 43
2 28
23 35
81 76
23 91
25 27
47 26
48 80
33 78
99 88
42 68
58 2
25 52
74 5
34 17
62 99
29 79
2 44
17 79
33 69
18 25
33 99
4 44
94 14
64 82
45 47
38 31
80 3
15 37
6 40
26 40
27 57
53 95
62 85
47 89
97 99
92 11
17 62
74 87
62 40
83 97
96 88
70 72
73 15
78 87
6 49
77 60
94 26
99 82
1 87
52 70
4 33
83 14
19 66
95 72
5 8
35 67
16 83
23 22
13 55
56 89
61 75
62 34
86 64
89 7
85 41
82 42
33 55
17 60
24 13
60 23
32 29
64 43
69 40
61 56
51 34
97 79
66 25
67 40
43 25
65 22
38 98
90 18
97 12
2 38
62 1
20 84
45 49
18 30
71 3
96 15
23 8
68 59
70 50
65 30
98 100
66 99
24 32
88 56
72 47
78 96
97 9
45 12
9 87
27 1
45 69
85 31
100 41
20 45
50 45
27 28
34 27
91 77
15 27
84 18
29 23
68 87
85 56
67 4
50 24
14 74
17 4
3 94
13 14
91 58
93 13
17 72
72 3
81 60
30 3
99 57
38 32
65 63
69 68
85 3
62 82
88 51
72 36
96 16
1 59
90 76
19 81
47 62
26 86
97 84
32 67
46 47
23 13
21 1
63 35
65 57
86 97
54 64
83 78
70 8
25 78
6 41
44 59
92 56
38 99
61 42
42 23
27 29
90 38
99 31
97 64
97 92
47 52
41 54
73 55
89 67
43 84
99 63
64 46
19 28
65 71
49 89
9 69
44 1
73 72
31 91
75 9
83 15
16 14
22 3
4 45
59 35
50 77
61 63
36 6
73 94
5 2
26 44
44 73
51 52
24 30
60 88
82 67
85 38
90 95
87 71
32 58
26 36
9 60
11 9
56 88
21 17
14 98
42 38
60 16
7 31
64 18
81 6
11 54
30 34
90 1
18 16
72 28
63 70
2 15
69 17
5 40
8 40
28 32
25 33
4 96
1 17
81 43
49 97
22 96
74 91
13 43
95 37
38 40
27 63
9 91
60 36
55 8
46 80
25 20
86 4
25 24
2 3
31 23
21 70
95 2
77 38
67 17
1 39
80 54
64 55
27 62
76 28
94 97
41 91
16 94
38 89
34 67
12 8
50 49
28 100
82 79
23 41
89 84
98 72
52 60
33 39
44 43
86 3
32 25
45 2
23 7
90 42
78 89
1 72
36 72
75 54
94 9
86 76
23 74
19 13
10 58
17 97
59 73
93 24
42 3
2 24
22 6
28 98
69 75
18 83
27 2
81 94
31 19
40 18
98 27
30 11
56 43
72 86
19 36
39 17
10 21
7 93
46 13
98 79
20 71
39 23
74 41
22 64
31 79
48 10
2 34
62 78
78 2
36 18
21 64
77 34
29 11
45 44
72 93
22 83
12 6
86 27
53 33
63 10
4 80
63 56
12 63
91 87
29 44
67 18
66 86
20 89
72 53
72 48
25 55
53 36
79 66
87 86
5 3
30 19
87 36
93 100
64 39
44 5
76 69
7 76
54 62
71 73
8 52
83 36
60 15
64 19
23 50
59 38
83 59
70 15
56 11
14 45
75 48
62 93
3 53
71 65
92 54
96 39
84 7
63 74
18 42
60 29
76 75
50 4
22 88
17 68
36 88
91 80
14 78
91 10
99 73
68 45
62 50
56 66
6 7
80 8
41 10
60 89
26 75
20 42
12 62
78 31
73 14
97 59
12 79
45 65
34 75
91 33
99 58
41 15
98 90
65 18
26 66
48 42
26 56
32 86
38 41
27 30
27 87
75 66
2 69
49 88
56 44
96 42
84 82
48 4
95 16
10 56
89 46
2 32
32 55
21 77
39 84
92 30
34 57
78 67
43 54
26 81
100 64
13 52
42 24
19 89
52 28
67 63
57 55
5 10
99 21
72 20
88 27
51 92
45 18
4 83
74 31
3 17
20 2
54 84
31 82
44 18
52 90
19 92
15 82
89 50
15 50
27 79
20 97
4 43
29 16
57 88
14 39
69 25
84 50
75 6
7 94
47 93
91 86
3 18
35 27
64 32
45 77
37 38
91 54
74 80
74 85
61 90
88 29
82 26
71 87
53 23
4 8
33 97
73 13
84 19
61 20
20 78
98 47
58 25
70 83
49 43
36 65
66 61
14 23
73 63
30 72
74 28
62 31
8 92
47 87
77 65
8 98
55 42
95 14
44 38
7 20
44 30
35 48
96 19
31 74
65 31
63 3
87 28
49 53
25 53
73 71
70 75
55 1
76 92
51 67
82 7
55 60
69 29
78 76
81 1
34 10
67 46
89 93
45 3
53 60
99 59
89 39
32 88
73 44
98 78
67 99
48 28
75 39
39 66
27 22
61 72
71 52
67 70
75 43
29 84
9 29
63 83
90 60
40 50
34 93
33 43
95 57
34 92
19 82
55 19
33 23
37 95
61 68
81 69
56 46
37 28
66 84
44 68
100 4
48 32
70 36
46 54
36 34
56 99
94 74
38 70
16 32
33 67
47 19
4 98
19 72
47 86
34 81
75 85
47 92
24 10
88 94
75 83
27 49
82 94
11 37
76 42
14 19
41 13
24 53
82 64
65 20
47 23
59 6
3 77
83 20
82 13
86 66
39 98
19 94
63 26
18 56
47 20
1 92
17 100
75 18
74 25
15 42
100 3
9 36
80 65
6 18
13 84
5 17
67 64
42 6
34 74
98 45
55 67
12 51
23 76
69 63
21 94
100 26
60 10
74 32
24 72
3 46
47 1
88 100
92 88
52 42
10 89
70 80
16 41
54 20
15 83
28 76
79 68
77 33
6 33
11 8
67 76
38 82
90 12
25 65
91 18
28 37
15 19
90 7
9 57
52 27
85 50
54 36
9 39
1 64
24 81
88 87
63 27
80 64
59 56
90 6
75 10
15 1
80 1
90 82
57 1
76 41
64 4
66 5
62 90
67 33
88 70
96 28
83 73
50 97
100 51
50 57
84 70
25 76
33 34
39 40
40 31
6 36
63 14
65 42
81 11
69 81
49 38
35 1
34 62
99 100
30 1
29 81
29 6
63 42
50 93
98 1
13 11
13 77
79 9
17 54
51 28
31 9
51 29
82 3
74 27
65 55
45 61
58 97
27 70
52 22
59 24
33 47
93 26
30 7
56 75
5 70
47 74
27 18
72 63
14 99
12 59
81 35
30 51
56 95
22 12
99 81
13 42
53 4
27 77
64 66
91 66
77 89
58 8
15 90
24 87
52 3
81 26
64 96
92 44
68 22
35 29
30 74
46 79
70 42
80 49
74 75
34 37
38 6
27 13
7 35
98 97
24 11
35 11
96 44
4 5
77 20
83 10
54 69
43 59
47 22
5 1
36 73
17 2
100 35
44 33
20 32
8 96
69 55
65 77
69 98
65 44
57 37
73 79
68 55
64 88
27 4
71 61
95 96
4 87
15 31
3 63
52 34
95 85
40 34
40 62
100 55
29 31
80 88
40 70
17 61
44 81
6 59
38 48
29 57
4 89
12 70
26 58
37 19
42 97
63 32
92 62
87 73
27 39
3 51
28 94
68 61
10 63
7 73
37 67
22 34
84 8
55 98
26 6
91 67
22 92
84 32
51 72
69 32
37 85
25 17
74 29
12 56
8 38
24 58
100 31
86 94
92 89
71 31
65 28
40 55
87 56
71 81
76 45
53 45
50 99
6 24
85 71
89 64
24 5
42 17
41 24
32 100
63 53
11 6
78 69
34 41
28 33
29 2
43 27
4 39
22 62
49 51
72 42
10 7
65 85
77 78
50 17
76 30
61 60
13 56
44 25
29 4
93 94
8 22
66 73
86 46
33 53
95 62
92 28
12 13
40 67
16 7
78 94
69 80
32 12
76 64
79 10
51 15
81 15
22 86
83 57
43 90
5 41
100 66
3 93
90 81
45 46
57 23
37 11
18 10
54 11
25 79
55 69
74 93
80 46
66 81
97 58
82 66
2 80
51 46
92 24
71 92
52 9
48 89
43 50
25 22
72 77
31 57
56 62
98 32
68 14
9 28
99 51
