100 456
86 26
86 12
97 33
92 89
26 36
49 87
79 71
41 32
35 41
11 16
89 40
61 50
12 76
63 27
25 41
97 48
53 70
26 70
84 78
77 27
38 10
76 53
75 98
57 71
22 57
18 38
35 38
19 77
14 58
100 73
10 53
26 95
20 83
13 10
45 26
53 81
57 34
58 32
76 66
8 67
23 71
18 14
61 1
72 11
19 35
20 47
9 44
59 45
52 41
72 75
8 20
18 29
85 93
10 69
31 47
5 47
36 42
15 2
5 40
84 41
85 38
81 94
80 17
25 2
34 30
43 14
14 95
85 23
5 3
24 5
47 39
18 2
37 44
31 75
13 8
3 12
8 28
67 87
18 67
1 68
52 46
25 64
56 40
57 50
26 49
22 70
59 28
80 64
5 60
98 75
91 54
46 71
1 46
37 76
78 67
39 27
27 93
96 72
1 3
97 14
1 80
96 28
28 90
35 40
95 32
36 88
81 83
61 69
2 13
10 55
15 50
66 29
93 40
74 99
3 61
26 85
12 57
53 35
57 59
9 26
10 92
19 96
54 80
38 86
75 65
80 77
13 29
95 66
81 9
89 70
65 27
36 40
100 45
22 87
3 17
41 1
37 5
48 72
3 57
77 36
7 11
79 24
84 25
87 11
18 99
77 60
57 65
17 4
10 42
4 52
53 55
68 64
62 36
100 78
62 23
58 57
5 42
80 74
90 10
57 12
15 36
14 44
91 27
70 95
26 100
51 11
44 66
4 89
53 93
67 13
55 67
79 64
40 31
95 9
94 4
55 20
32 88
12 39
70 12
74 39
98 100
42 37
54 37
80 41
22 11
24 63
4 51
68 70
50 4
29 60
39 63
11 93
15 23
33 20
13 35
54 32
31 20
21 30
26 81
8 56
2 92
62 33
49 46
29 90
11 28
11 36
33 62
49 76
9 43
47 18
26 97
98 78
80 88
83 23
13 58
64 78
33 83
46 74
31 42
51 95
7 16
54 59
49 3
93 11
15 48
45 64
40 16
65 23
70 69
98 46
95 84
63 90
31 58
69 16
71 60
90 78
91 86
38 20
100 64
64 96
27 81
41 94
83 60
1 21
16 100
14 24
55 48
86 50
46 37
43 82
51 28
32 84
89 99
52 79
8 60
99 4
51 13
97 4
35 51
59 14
94 43
71 48
44 67
17 81
67 69
93 18
15 18
87 76
5 18
3 14
55 68
26 35
35 12
78 88
78 28
36 50
79 95
55 33
8 31
95 73
43 17
12 52
50 95
64 90
25 21
31 43
67 26
100 27
63 92
40 75
72 44
73 15
41 53
67 88
100 49
76 54
42 79
53 86
82 3
63 91
77 92
40 46
12 56
5 45
63 58
13 84
6 33
44 18
67 33
53 83
22 72
46 91
20 2
12 58
30 5
3 8
76 65
61 91
7 5
23 3
26 12
59 33
17 70
21 1
37 23
100 30
82 21
61 28
11 100
28 76
93 71
82 24
100 69
75 54
70 4
40 26
32 44
95 97
31 18
25 84
68 95
85 48
68 77
82 34
71 81
46 8
81 79
34 8
3 31
38 45
64 17
27 7
19 90
48 67
66 47
84 35
58 52
46 13
55 21
30 17
53 76
55 71
98 34
94 71
60 72
6 38
18 42
28 51
3 84
10 59
53 91
10 49
63 60
61 41
57 43
50 55
54 14
27 74
48 94
99 29
24 72
69 61
32 31
66 24
66 16
35 2
52 72
63 26
20 25
4 3
87 52
48 85
44 69
84 52
84 51
98 32
43 47
1 27
74 69
40 86
72 92
49 61
82 87
29 30
17 92
10 77
39 24
79 32
61 78
81 95
91 4
32 76
32 93
58 39
70 40
97 53
42 86
76 85
8 75
83 85
35 97
42 13
45 62
51 72
66 58
86 24
68 82
48 56
12 16
46 32
39 7
84 34
39 17
21 45
5 16
72 30
68 87
2 44
55 19
32 54
47 58
76 27
98 81
99 7
9 58
85 61
80 45
67 23
30 62
10 38
64 77
28 25
26 50
33 43
73 68
28 61
