100 100
3 38
23 27
56 84
1 58
82 35
83 43
58 95
2 38
39 70
6 35
69 35
46 12
95 14
70 56
100 19
15 85
75 6
89 36
41 47
48 71
15 96
63 13
22 77
32 95
71 45
64 23
85 100
38 42
97 14
16 77
44 73
60 42
8 10
16 100
10 21
73 34
68 55
38 16
97 24
56 89
31 5
81 7
67 16
86 11
80 40
80 48
72 56
83 72
8 25
15 41
5 25
86 19
1 85
97 81
38 22
100 37
29 86
28 88
39 63
69 10
56 31
78 30
16 89
61 47
16 40
7 92
32 31
63 2
41 26
17 78
8 62
62 43
81 32
29 7
62 51
98 100
46 91
86 65
59 79
52 51
91 58
21 10
74 62
85 92
49 4
53 55
29 35
82 92
4 91
98 36
17 66
100 73
12 1
35 77
44 83
36 93
53 73
92 17
17 75
83 5
