100 1234
49 36
65 85
67 14
25 15
87 75
77 34
86 30
92 54
36 56
34 97
75 41
99 33
13 55
50 33
43 57
5 21
90 57
15 41
70 32
72 83
33 99
59 84
42 53
34 60
86 70
20 70
14 12
14 28
13 2
29 60
38 13
85 30
35 67
8 57
10 40
2 95
74 80
100 24
94 93
97 8
56 27
56 46
42 56
15 72
17 3
55 62
94 85
78 66
26 38
37 65
84 94
29 74
98 25
76 78
69 27
65 1
79 36
78 98
57 73
92 56
91 43
71 77
98 23
50 84
80 26
22 73
14 85
43 12
40 54
13 21
72 4
95 63
71 91
12 28
20 28
58 10
73 9
7 4
13 23
63 70
64 51
73 48
82 14
86 24
63 30
46 93
19 13
82 26
92 59
81 25
51 21
62 48
99 68
18 72
77 91
55 96
68 32
8 55
69 94
62 12
17 51
1 21
73 21
63 5
63 97
92 21
66 40
79 86
27 63
59 9
47 82
63 99
72 71
63 64
79 50
72 18
57 75
74 69
11 87
72 40
27 46
89 31
82 61
3 56
52 11
80 50
27 93
51 60
94 95
38 73
50 11
22 80
4 53
78 60
91 82
33 100
94 72
81 82
58 11
89 28
25 11
3 35
12 8
43 11
57 99
47 26
90 65
92 93
26 1
22 52
10 47
60 92
62 14
31 37
1 38
74 25
30 90
15 80
19 61
56 74
81 60
15 21
78 68
22 49
3 57
81 71
85 37
51 49
93 88
84 4
8 98
30 36
28 32
6 54
8 29
68 40
42 3
35 34
81 35
22 51
38 67
64 12
23 29
66 60
93 39
25 2
79 8
16 96
54 12
91 81
63 36
86 67
51 84
61 13
54 86
40 4
75 22
4 33
42 14
32 40
7 55
46 44
60 93
87 51
9 16
52 1
44 62
76 84
3 98
16 5
80 24
43 72
50 83
93 91
69 65
58 83
75 60
84 40
99 48
88 9
83 61
48 36
86 32
20 78
6 30
99 31
93 32
27 85
19 68
83 46
93 41
62 19
96 100
91 80
48 18
15 7
61 33
68 23
92 8
28 88
59 56
64 96
30 82
76 19
67 42
24 95
2 15
96 40
40 52
51 78
23 5
56 75
88 28
55 7
75 26
72 28
35 64
28 38
10 73
20 44
96 76
69 41
47 90
5 17
19 46
88 13
69 80
57 56
82 9
91 89
50 64
40 37
80 68
55 8
47 89
88 36
32 86
46 99
74 100
27 53
26 10
68 71
15 47
65 7
84 19
17 14
87 88
36 2
42 74
53 48
45 24
59 25
88 97
14 46
63 53
66 82
98 57
18 41
47 48
97 42
33 51
27 40
9 13
41 91
94 26
17 67
15 81
40 78
98 18
13 22
32 42
28 33
93 86
29 85
60 31
8 23
53 41
18 64
12 94
64 46
84 34
41 48
86 22
38 68
34 5
59 61
97 10
74 91
34 78
63 10
87 34
71 8
30 5
14 26
22 19
78 36
98 51
92 28
96 29
9 17
72 74
4 27
85 49
7 18
59 97
19 17
32 69
91 33
2 66
24 15
31 57
96 34
71 3
66 5
89 56
68 83
9 4
29 71
87 60
48 56
90 16
43 89
91 3
69 96
47 36
19 86
14 98
36 19
79 60
17 26
29 15
55 25
97 82
95 19
79 80
33 60
13 50
32 62
37 34
35 75
85 95
7 3
5 45
78 86
79 83
31 78
59 14
7 1
86 11
24 56
99 77
71 83
8 45
5 100
44 9
20 85
3 80
72 65
78 91
16 83
18 22
75 92
66 94
41 63
84 100
81 89
78 76
98 31
34 50
99 93
63 12
2 8
3 7
27 72
28 2
7 59
24 69
11 76
36 15
9 25
37 92
33 88
55 72
8 79
53 83
30 81
57 34
33 86
74 52
80 35
94 14
93 46
47 29
51 22
94 68
71 36
99 19
29 11
14 70
61 41
22 99
54 17
55 43
52 78
75 74
80 19
10 96
80 27
38 88
11 33
78 30
32 87
55 27
86 96
95 94
81 14
51 74
87 46
6 95
33 1
96 28
15 22
19 15
30 23
26 62
56 6
34 66
73 64
44 38
36 80
81 10
31 82
87 85
7 8
15 64
46 37
22 98
85 97
36 42
53 32
85 43
98 91
46 16
89 87
29 22
29 91
7 23
70 1
79 40
80 52
33 70
46 76
89 52
69 61
59 21
74 50
97 69
71 63
23 90
63 67
54 70
32 5
29 23
86 25
50 30
93 95
43 15
10 74
51 91
54 8
46 24
42 80
2 26
3 5
91 18
62 3
38 87
6 36
62 97
80 73
70 3
52 60
1 48
97 100
48 81
74 4
91 99
33 73
16 30
15 14
94 58
33 17
85 16
70 79
93 65
55 46
28 78
99 12
72 57
61 14
52 99
38 86
66 75
82 69
92 26
97 7
52 98
9 81
56 73
22 47
36 96
77 82
6 82
68 19
99 2
27 84
47 60
84 83
30 70
56 60
28 65
48 76
93 18
95 20
74 19
45 69
84 51
28 66
21 62
56 58
64 29
36 8
7 65
91 8
58 36
48 77
84 56
38 3
3 37
51 90
86 29
89 72
9 26
70 7
92 69
26 35
63 54
2 83
79 47
12 49
97 79
80 43
93 24
81 8
30 59
80 21
28 45
52 92
68 98
31 69
26 89
73 29
51 69
28 14
22 33
92 78
11 36
39 97
9 29
26 12
78 44
97 47
18 91
28 85
13 4
83 63
27 91
25 96
73 32
27 57
46 13
8 58
42 7
48 13
68 65
34 53
86 77
93 45
45 26
54 42
79 48
52 76
78 12
51 53
37 61
66 93
95 26
78 35
31 18
24 80
9 77
21 71
69 48
21 47
67 100
38 25
21 18
92 90
43 70
73 23
96 31
12 35
72 69
22 1
72 17
7 41
8 90
49 39
78 56
99 91
41 28
81 65
60 68
12 83
9 90
99 10
46 72
34 16
82 33
85 81
74 63
27 90
98 68
27 55
4 13
87 20
64 4
19 47
5 92
15 26
71 95
16 57
45 41
98 93
30 96
31 91
87 57
50 57
50 18
30 86
71 10
3 63
93 15
3 78
64 50
95 86
79 20
29 36
26 22
42 93
51 77
100 49
23 19
1 16
25 4
41 15
85 3
26 34
91 31
78 79
4 62
96 22
73 37
46 65
95 48
15 71
19 82
14 67
80 63
54 28
73 86
67 60
66 46
45 1
10 38
9 46
7 13
27 87
73 63
65 86
98 55
27 21
9 32
4 86
75 8
92 57
82 43
79 56
47 81
15 60
41 97
48 64
31 58
53 100
73 14
45 43
90 6
65 24
32 4
85 76
46 85
93 96
37 9
43 3
90 70
58 78
82 89
28 86
25 100
3 13
79 32
70 43
25 65
91 69
83 77
31 3
83 20
100 13
57 93
99 29
100 92
33 15
87 73
82 35
13 86
96 73
54 92
85 55
59 82
47 59
62 23
63 74
65 93
56 65
6 56
62 54
74 72
4 87
65 58
59 81
95 65
88 62
52 79
5 68
2 98
74 61
89 94
86 4
56 12
65 35
28 16
44 37
38 96
46 86
47 84
40 82
73 94
4 56
81 21
85 28
38 59
89 59
84 64
79 11
5 29
29 35
50 71
76 46
52 36
26 66
26 55
99 25
97 91
49 23
6 50
78 95
97 68
83 80
87 31
1 49
67 55
51 43
47 86
76 55
55 47
6 89
55 57
27 17
47 39
13 16
89 77
8 96
93 63
89 81
11 58
4 28
74 17
62 75
20 83
61 57
51 47
2 33
39 15
32 81
89 67
75 95
2 76
58 62
91 22
96 8
2 78
78 84
41 99
99 40
49 59
34 74
95 2
74 66
82 58
31 35
96 81
2 36
42 91
6 64
88 8
83 95
22 89
77 40
62 26
24 58
68 2
27 45
90 42
84 48
81 19
24 97
57 16
48 57
86 62
6 28
65 95
82 80
11 68
98 62
91 21
87 29
16 17
46 58
75 64
4 49
63 92
61 20
56 19
26 37
34 35
81 12
70 11
10 37
9 76
87 76
84 10
6 3
53 8
71 18
89 75
98 97
18 33
98 10
20 59
12 10
11 45
20 21
56 43
76 11
96 37
84 25
25 5
69 24
33 29
46 22
34 43
31 46
27 62
38 12
31 6
44 55
16 35
70 12
75 49
18 80
67 52
56 44
20 51
53 23
89 54
56 87
47 78
76 50
27 48
54 58
2 13
54 36
70 86
81 33
13 47
64 70
70 98
100 2
14 27
40 36
95 11
11 94
33 30
64 45
91 97
84 53
20 65
73 56
34 82
79 52
71 42
84 73
89 9
21 56
4 65
80 71
15 89
37 38
67 4
56 88
52 8
7 95
80 57
38 15
34 89
49 37
93 70
30 64
74 92
68 44
84 33
70 65
88 85
14 41
71 17
82 23
90 33
47 16
54 71
9 52
8 20
67 98
71 61
53 55
73 16
81 38
62 70
28 52
23 6
72 99
53 73
32 93
56 39
85 38
96 41
45 38
87 58
36 28
44 96
60 79
35 12
53 19
96 79
99 75
98 71
70 40
74 18
67 88
17 82
47 77
58 91
53 33
69 26
6 22
57 8
21 87
100 71
20 86
60 19
100 97
41 94
40 66
38 75
94 33
71 56
26 69
2 7
6 12
85 32
10 5
35 36
42 25
34 44
35 69
66 72
94 20
23 21
84 38
30 48
30 18
41 30
100 44
76 83
66 39
69 72
49 4
55 35
27 32
23 61
36 35
95 55
93 44
32 3
33 56
4 76
94 99
91 26
46 43
29 70
5 83
55 54
31 45
100 21
54 10
12 56
27 34
95 39
82 62
19 45
85 39
23 78
54 14
18 60
83 87
89 80
53 74
11 31
22 28
51 89
12 82
26 27
90 37
89 29
5 82
84 82
91 88
85 72
38 57
72 96
91 56
26 80
47 62
95 60
42 38
50 9
36 92
87 98
37 81
34 27
42 89
89 76
24 29
44 48
3 71
79 34
34 87
89 93
94 23
52 63
66 35
91 7
67 47
12 90
40 57
18 6
80 15
79 13
68 58
44 94
99 50
100 45
22 5
55 70
55 73
44 16
94 86
65 80
61 39
85 46
58 28
59 94
38 7
86 20
93 48
48 97
70 6
26 21
55 88
29 82
96 2
5 46
21 41
4 91
17 41
17 78
53 98
54 76
4 79
78 6
10 13
41 35
37 72
18 47
28 82
47 94
21 4
63 28
52 7
65 20
53 39
58 48
69 44
83 89
71 44
84 90
12 53
34 58
54 5
10 50
13 67
4 37
81 9
6 96
18 16
40 75
85 68
13 56
77 59
87 24
29 34
44 1
34 28
19 23
50 37
30 41
90 50
87 12
21 20
87 77
20 63
14 94
10 49
8 71
33 85
98 50
69 7
78 1
91 48
22 91
33 64
89 2
58 41
35 28
87 33
24 25
56 66
37 50
85 92
81 76
31 21
97 94
58 45
60 14
44 53
