93 156
5 60
77 88
33 75
3 63
83 38
88 32
15 33
63 11
18 37
51 22
6 31
76 18
43 15
25 48
84 76
32 34
2 91
50 38
35 6
89 15
92 26
54 72
57 13
92 71
4 33
6 91
71 4
22 49
55 62
53 44
37 81
81 71
14 83
69 10
79 80
86 31
17 56
40 75
1 37
69 16
64 76
90 23
87 7
68 30
83 45
35 89
48 3
25 5
13 69
75 2
63 37
4 75
59 6
4 16
35 24
26 51
47 18
19 73
28 18
60 75
14 55
4 61
19 2
2 83
87 57
67 62
84 28
34 36
69 92
30 37
75 79
84 43
45 3
40 44
48 83
67 65
73 36
14 71
18 81
67 15
85 90
67 32
88 92
36 76
9 78
74 33
20 3
44 11
26 34
34 2
74 5
18 42
84 82
5 16
23 74
90 91
80 56
16 62
22 54
85 75
26 31
38 23
40 77
29 39
48 4
68 31
7 80
19 34
39 75
21 23
55 50
14 54
9 82
52 38
72 55
31 23
43 42
30 90
11 82
49 20
11 52
5 90
12 83
27 86
88 18
56 68
53 34
45 13
79 76
80 27
2 78
51 70
8 34
81 93
29 65
67 4
73 45
4 14
40 13
69 88
8 13
80 30
91 66
42 1
70 39
37 93
7 75
74 28
35 40
39 82
31 19
55 60
45 43
92 46
89 30
84 15
