1000
683 947
986 683
683 411
267 683
683 163
683 784
940 683
623 683
394 683
284 683
683 713
737 683
683 83
998 683
385 683
683 673
182 683
725 683
237 683
683 870
683 8
496 683
683 302
699 683
701 683
683 247
871 683
979 683
683 271
581 683
683 861
656 683
683 374
245 683
683 909
683 244
683 293
683 945
683 351
683 732
683 23
683 321
366 683
683 905
683 554
683 382
744 683
116 683
683 287
683 972
60 683
568 683
342 683
683 777
683 930
923 683
171 683
836 683
683 100
987 683
203 683
683 711
185 683
683 401
683 1
557 683
50 683
683 118
658 683
683 226
647 683
517 683
683 212
977 683
683 873
634 683
467 683
919 683
839 683
683 654
683 485
683 157
373 683
683 603
683 275
683 538
683 59
683 632
683 742
920 683
774 683
648 683
819 683
799 683
683 444
683 357
683 516
683 346
683 800
828 683
574 683
626 683
882 683
880 683
683 889
567 683
683 974
683 664
683 676
720 683
683 695
932 683
966 683
220 683
683 264
683 186
683 997
683 430
683 312
683 111
417 683
453 683
683 494
741 683
683 54
607 683
683 868
683 509
683 523
683 46
305 683
526 683
306 683
879 683
303 683
897 683
683 242
683 101
683 912
96 683
683 503
683 761
683 11
683 164
124 683
683 570
117 683
683 323
429 683
683 931
7 683
683 928
683 513
683 125
341 683
332 683
45 683
683 636
683 598
413 683
683 943
683 4
683 674
683 748
326 683
683 201
820 683
683 785
683 502
683 339
683 558
683 1000
88 683
683 813
448 683
486 683
707 683
714 683
277 683
544 683
683 582
683 511
488 683
683 425
560 683
683 685
683 73
670 683
683 727
381 683
837 683
683 167
683 48
421 683
683 609
683 529
329 683
953 683
738 683
683 216
683 641
268 683
683 531
68 683
683 363
706 683
683 615
718 683
853 683
87 683
188 683
13 683
683 129
683 787
592 683
683 327
683 680
614 683
550 683
822 683
768 683
683 631
337 683
841 683
760 683
864 683
356 683
683 344
86 683
683 426
618 683
838 683
350 683
683 602
683 262
81 683
640 683
683 446
512 683
683 15
683 844
683 445
683 637
683 462
788 683
505 683
47 683
469 683
683 283
683 315
700 683
320 683
258 683
131 683
951 683
683 546
683 405
683 617
683 219
683 944
579 683
683 406
683 682
683 149
301 683
683 851
683 823
55 683
313 683
683 875
472 683
683 160
684 683
649 683
872 683
778 683
683 278
683 41
107 683
683 657
686 683
683 476
683 869
683 423
683 922
316 683
683 432
214 683
894 683
683 213
780 683
683 712
683 190
683 388
939 683
717 683
683 896
683 443
367 683
69 683
683 33
683 960
683 253
683 950
241 683
646 683
949 683
683 399
438 683
643 683
683 886
499 683
222 683
434 683
683 533
99 683
683 229
142 683
683 679
969 683
683 148
128 683
683 77
683 479
683 638
343 683
683 309
683 102
683 802
577 683
860 683
812 683
37 683
683 715
683 797
762 683
561 683
683 144
683 296
625 683
683 548
683 232
389 683
56 683
831 683
683 758
683 487
95 683
683 696
683 489
721 683
683 322
384 683
683 906
683 414
814 683
683 187
151 683
549 683
420 683
683 925
166 683
809 683
175 683
876 683
683 671
683 729
683 415
35 683
899 683
424 683
683 583
428 683
683 613
121 683
93 683
38 683
559 683
771 683
265 683
628 683
683 112
683 289
103 683
683 154
683 793
683 510
683 365
208 683
683 170
683 541
122 683
683 119
207 683
74 683
683 137
404 683
126 683
683 792
739 683
17 683
64 683
683 133
988 683
791 683
540 683
683 435
243 683
683 874
683 63
683 773
683 991
989 683
362 683
482 683
683 776
683 150
683 127
683 181
683 474
98 683
683 978
84 683
683 158
475 683
683 463
683 197
281 683
427 683
683 26
683 18
206 683
683 933
683 30
683 571
683 228
683 61
683 697
917 683
217 683
593 683
683 970
683 743
199 683
830 683
507 683
325 683
162 683
683 740
683 490
683 478
683 608
683 795
504 683
683 667
477 683
827 683
307 683
334 683
683 254
683 563
620 683
767 683
683 78
683 457
683 779
660 683
501 683
867 683
994 683
683 847
683 223
885 683
902 683
703 683
963 683
408 683
683 621
683 852
683 862
734 683
683 865
683 328
683 596
193 683
400 683
683 528
683 19
566 683
294 683
683 884
683 782
447 683
653 683
683 545
591 683
683 370
535 683
379 683
683 601
534 683
683 895
248 683
683 412
683 891
274 683
683 311
91 683
746 683
51 683
132 683
683 263
751 683
683 586
683 299
683 775
683 845
683 555
205 683
22 683
239 683
683 292
683 553
683 184
683 114
683 597
436 683
587 683
957 683
178 683
317 683
900 683
683 811
964 683
683 298
683 955
250 683
683 881
683 106
683 136
683 810
611 683
524 683
683 971
683 726
495 683
941 683
683 104
683 735
683 948
173 683
683 269
147 683
683 266
716 683
907 683
380 683
539 683
683 958
683 892
369 683
683 996
402 683
285 683
683 985
683 976
683 454
39 683
683 790
40 683
683 709
910 683
16 683
705 683
683 856
750 683
683 14
519 683
683 221
683 547
683 44
240 683
32 683
180 683
683 349
683 2
473 683
387 683
279 683
345 683
497 683
683 25
683 903
683 952
683 692
786 683
295 683
683 308
683 650
683 999
683 589
683 398
921 683
683 846
683 530
466 683
936 683
318 683
681 683
683 898
459 683
234 683
683 500
683 982
683 572
858 683
543 683
678 683
143 683
683 765
176 683
683 407
719 683
904 683
808 683
80 683
842 683
683 465
556 683
849 683
901 683
683 639
683 635
683 28
815 683
525 683
834 683
506 683
659 683
683 348
471 683
683 536
135 683
53 683
433 683
688 683
683 9
683 353
683 440
747 683
967 683
683 934
973 683
480 683
683 246
683 655
683 355
683 359
514 683
759 683
683 272
683 249
20 683
564 683
683 722
683 286
85 683
683 954
456 683
683 437
683 123
766 683
683 911
236 683
877 683
770 683
683 145
195 683
282 683
683 975
183 683
683 756
683 21
693 683
683 835
683 731
683 604
683 194
926 683
683 990
683 984
683 62
419 683
683 606
683 79
461 683
140 683
409 683
585 683
763 683
965 683
527 683
683 629
683 146
683 801
683 916
552 683
683 983
43 683
683 883
848 683
354 683
5 683
683 749
364 683
6 683
683 565
683 227
683 392
92 683
352 683
663 683
683 887
371 683
913 683
789 683
683 386
942 683
683 857
481 683
595 683
981 683
683 537
683 196
683 259
452 683
683 42
290 683
94 683
515 683
155 683
605 683
113 683
683 12
798 683
683 331
683 358
233 683
893 683
493 683
662 683
231 683
683 442
683 134
683 518
683 805
105 683
938 683
324 683
683 376
683 826
683 794
683 483
683 333
683 383
683 959
683 168
338 683
683 840
683 491
683 395
683 191
683 403
968 683
204 683
683 584
683 675
683 728
179 683
769 683
291 683
683 935
36 683
683 576
108 683
755 683
683 484
683 460
683 251
859 683
218 683
683 937
391 683
297 683
683 508
683 252
683 174
683 783
995 683
340 683
772 683
683 754
807 683
683 378
683 687
599 683
683 590
694 683
683 821
683 202
961 683
683 109
683 215
416 683
683 666
683 34
689 683
29 683
764 683
683 238
683 141
683 888
683 710
683 946
683 829
396 683
336 683
683 704
683 956
683 733
683 918
580 683
683 677
683 578
683 120
683 833
683 757
360 683
683 630
260 683
683 723
52 683
616 683
683 169
139 683
458 683
683 622
189 683
927 683
335 683
67 683
683 82
683 962
683 843
683 796
439 683
319 683
683 745
816 683
372 683
683 397
683 669
683 698
683 27
450 683
683 347
683 3
683 850
683 980
915 683
619 683
683 806
817 683
993 683
159 683
683 66
683 866
470 683
642 683
683 803
683 58
683 210
377 683
702 683
441 683
573 683
683 863
683 492
156 683
90 683
72 683
683 690
683 177
683 781
522 683
683 431
455 683
198 683
49 683
683 924
624 683
683 97
691 683
683 825
410 683
300 683
551 683
683 256
390 683
165 683
644 683
753 683
683 70
224 683
890 683
683 449
393 683
854 683
683 532
683 255
683 651
683 451
683 276
280 683
908 683
683 661
683 464
683 31
600 683
929 683
683 330
153 683
683 235
683 588
652 683
818 683
683 261
209 683
804 683
562 683
683 914
683 521
683 672
627 683
683 832
200 683
225 683
683 878
110 683
310 683
76 683
683 520
683 304
683 665
418 683
683 569
130 683
683 422
683 708
575 683
683 314
683 71
683 288
683 375
824 683
161 683
683 361
65 683
752 683
736 683
645 683
992 683
724 683
683 542
683 730
683 115
633 683
855 683
211 683
683 610
683 594
683 152
257 683
683 230
683 468
57 683
683 24
89 683
683 172
192 683
683 138
683 270
683 368
683 668
683 612
498 683
273 683
683 75
10 683
