1000
889 829
876 775
524 649
248 99
548 248
210 381
248 697
670 248
879 170
126 348
557 885
784 516
257 142
805 794
210 496
93 47
396 237
792 210
93 289
557 817
334 196
93 678
438 942
998 772
296 248
887 196
700 961
315 93
879 112
960 998
699 248
805 333
248 61
524 51
573 700
248 49
248 524
714 248
628 931
248 397
524 18
396 977
805 446
728 248
884 248
813 175
93 147
418 645
881 805
257 683
438 366
900 309
382 93
579 248
93 123
795 248
359 248
610 23
998 538
576 54
175 46
524 836
105 93
438 654
110 210
431 876
876 605
743 210
248 175
224 701
91 210
597 805
175 138
175 229
560 93
245 728
903 524
87 210
805 440
805 455
570 196
137 248
290 438
93 295
893 248
274 875
876 355
93 895
312 394
356 93
487 118
304 805
876 554
827 438
248 257
628 188
210 429
700 13
274 738
540 248
886 700
805 692
864 410
918 93
943 93
196 746
210 956
95 248
309 38
309 76
272 93
805 417
812 438
805 871
93 964
248 436
102 530
769 557
557 740
438 493
396 815
248 804
996 210
490 524
248 16
331 129
524 469
633 248
892 524
210 945
327 923
404 175
688 248
986 248
93 991
805 480
603 210
93 553
658 327
248 373
557 58
377 889
438 368
876 693
700 583
557 656
728 907
700 287
128 557
210 503
248 689
270 196
438 642
248 888
248 807
93 664
248 569
248 155
424 93
451 524
458 842
716 700
131 700
878 240
93 558
619 284
787 248
857 210
725 610
950 410
253 331
557 474
802 700
214 248
472 524
175 981
248 442
326 210
889 55
210 316
507 530
93 389
284 627
789 728
80 520
309 150
806 93
805 479
557 735
323 93
17 248
989 805
196 646
410 35
805 754
93 594
557 982
184 520
457 842
524 164
410 282
93 990
946 175
248 311
557 868
210 914
438 838
8 805
93 190
935 93
957 438
782 210
937 210
239 210
93 254
781 210
873 196
700 810
248 724
506 248
15 516
876 713
93 41
248 194
248 889
700 337
248 115
592 876
821 93
93 596
998 37
268 274
175 927
487 742
248 153
125 248
275 248
700 406
93 936
196 537
729 93
557 733
93 433
501 93
357 248
477 728
303 926
666 967
805 488
524 910
805 248
1000 918
196 149
846 728
700 482
876 778
762 224
534 293
248 644
244 93
795 634
410 856
258 93
306 918
700 385
876 707
425 210
998 712
969 805
410 273
700 803
530 172
438 193
674 998
152 524
175 259
124 248
348 93
756 805
246 248
876 225
666 92
403 805
260 93
93 852
814 257
739 224
284 833
853 879
376 196
652 700
541 700
700 478
293 263
670 679
210 380
410 330
919 196
521 530
705 210
210 52
127 248
581 248
244 276
135 248
805 710
248 951
224 975
524 73
524 546
805 932
545 93
681 93
93 475
876 509
557 445
248 392
248 394
998 28
691 175
912 410
171 410
396 776
146 210
309 248
410 621
985 210
524 277
210 187
423 410
201 879
492 196
230 410
9 438
866 210
93 763
133 210
700 456
700 930
844 438
390 438
248 494
11 248
89 248
248 398
805 520
39 309
93 668
248 608
750 438
53 257
204 309
666 953
210 473
234 728
322 876
210 906
818 93
638 524
93 878
805 786
700 858
700 189
93 388
879 497
210 288
438 68
723 557
590 666
749 93
700 481
607 700
889 869
700 572
971 805
731 876
531 805
175 2
248 343
544 192
808 210
78 628
248 516
284 780
651 254
222 284
117 93
196 848
562 93
666 7
248 413
610 987
557 121
93 174
582 524
863 248
435 557
587 196
980 196
523 196
703 557
673 93
535 557
286 309
352 248
430 524
840 175
543 700
309 709
223 93
248 720
248 320
922 93
300 557
196 744
938 741
405 805
505 998
248 467
700 45
210 609
93 266
700 145
563 93
650 424
365 805
182 889
876 412
275 111
252 93
179 805
93 610
728 708
369 196
421 438
210 114
487 896
666 387
962 284
93 211
655 93
510 805
606 248
630 248
210 183
700 280
331 476
281 666
96 524
499 557
522 210
959 93
637 93
530 307
450 248
843 309
700 24
517 248
799 728
622 530
248 700
667 248
437 410
502 93
327 215
438 904
336 410
805 976
332 93
584 248
331 915
90 93
216 196
284 882
917 248
64 248
248 585
700 828
342 524
255 700
916 410
248 107
653 248
210 191
918 992
901 93
872 728
426 666
995 93
676 700
791 666
314 248
891 248
524 379
235 224
849 93
248 485
98 210
175 665
141 998
27 805
305 210
267 410
20 805
524 439
610 79
438 555
524 600
524 32
610 465
438 242
752 93
700 463
331 378
606 83
805 556
210 199
876 491
484 876
850 530
529 557
299 700
218 842
93 615
97 248
257 256
134 524
248 432
331 318
166 991
93 800
214 528
331 168
498 257
672 93
93 771
928 516
700 19
93 396
301 54
438 209
577 805
228 249
666 248
998 248
122 805
831 309
192 248
796 557
438 460
610 880
248 770
309 905
275 219
766 309
248 527
196 42
879 283
248 196
557 12
487 867
196 601
764 700
686 805
516 641
643 309
93 57
704 524
805 978
14 248
224 511
438 816
63 248
748 248
248 70
758 700
926 213
700 702
66 210
568 666
175 466
662 516
347 309
210 4
862 410
25 93
586 196
489 93
210 542
419 309
248 161
257 221
93 103
309 640
524 825
635 700
274 968
700 116
93 349
319 210
210 207
177 728
611 248
438 251
438 162
805 321
899 93
564 805
248 574
113 210
958 93
257 100
889 180
514 248
684 438
565 610
210 940
698 998
210 999
93 826
876 75
842 760
470 524
248 317
865 284
93 790
248 274
902 196
175 363
248 285
248 224
374 608
93 33
700 459
805 462
700 845
248 715
173 196
158 248
175 217
547 700
157 196
805 350
974 524
375 284
309 632
894 93
309 854
788 93
346 557
210 195
783 832
26 700
617 700
284 512
972 93
284 441
409 645
248 351
93 783
144 257
248 870
524 518
248 327
913 248
533 805
515 210
706 93
81 998
93 238
77 327
6 557
666 934
309 167
700 730
341 284
667 696
169 210
453 700
203 438
399 524
248 400
248 530
175 136
36 248
876 988
647 210
524 695
847 210
855 884
416 93
454 516
694 700
984 93
248 966
248 929
798 224
700 395
468 410
339 248
663 224
34 210
939 530
372 93
93 329
944 557
876 768
84 396
998 43
274 310
410 302
210 669
842 93
452 524
897 438
93 362
613 248
805 761
151 93
192 954
93 948
727 410
438 233
85 879
93 427
248 3
524 148
524 629
877 248
530 675
557 809
410 279
364 524
805 160
196 933
700 571
952 438
159 248
353 530
876 661
747 524
93 434
753 248
338 196
393 410
861 309
801 700
487 997
909 524
396 839
249 822
331 248
248 591
248 247
551 700
728 566
620 309
519 728
30 284
210 765
524 132
998 830
719 530
248 410
354 666
422 210
659 284
93 104
938 248
248 623
415 93
210 947
22 93
805 785
93 269
248 324
938 340
44 248
243 524
93 384
700 119
805 414
62 331
925 524
805 908
949 700
262 196
593 210
109 93
876 874
31 93
208 666
248 93
206 175
309 261
911 93
860 224
293 248
248 924
805 447
604 248
539 210
120 248
220 248
820 257
918 920
248 67
40 524
889 471
257 408
700 328
680 729
963 410
728 198
248 737
192 367
74 248
690 998
645 93
648 248
275 212
879 248
248 461
391 557
410 205
536 805
438 722
248 549
248 178
249 717
438 993
257 21
236 396
410 176
175 639
248 227
331 163
284 265
631 396
274 841
93 599
588 224
557 602
624 876
248 941
275 50
210 291
410 308
700 657
60 248
504 93
524 736
69 44
557 428
805 687
567 248
331 232
5 889
249 578
685 998
979 248
56 93
202 530
805 292
779 700
231 524
394 774
344 210
876 677
516 82
248 210
520 140
248 101
250 93
185 438
834 93
998 614
483 805
636 524
210 411
29 530
88 309
777 175
438 526
700 486
1 700
524 264
175 94
972 226
660 557
248 284
274 71
248 671
700 824
837 410
175 745
248 557
711 309
248 859
513 248
438 335
589 700
726 309
93 718
154 93
700 898
248 721
965 516
559 274
610 598
401 93
361 653
420 248
998 241
955 196
186 438
557 200
210 444
487 248
653 767
93 197
327 271
106 524
297 700
575 700
983 196
257 625
628 616
561 524
805 500
464 530
757 175
819 179
210 580
284 755
210 298
973 309
143 93
402 44
248 876
370 309
358 876
333 532
811 842
248 438
438 797
626 879
557 612
552 93
618 438
181 438
257 383
93 371
805 108
210 386
210 65
93 732
508 175
410 443
495 210
883 93
248 926
410 294
93 139
248 54
130 93
700 345
248 835
773 410
93 970
210 10
93 249
59 917
407 805
921 93
192 890
248 994
93 86
278 530
805 759
823 93
196 595
793 700
93 72
93 628
550 700
645 751
93 734
851 530
313 889
449 524
557 525
309 48
156 93
805 325
682 248
210 360
448 788
805 165
