1000
250 198
288 355
67 577
118 701
665 602
31 188
412 33
878 415
120 286
300 643
880 182
640 868
476 957
493 417
287 863
837 223
437 54
806 825
496 475
839 442
217 454
807 419
864 439
362 934
984 135
784 96
40 171
937 520
325 102
410 531
311 486
641 805
11 510
651 884
917 319
314 216
489 996
770 226
741 927
999 474
904 887
216 545
393 178
536 975
702 742
817 925
5 507
576 203
161 443
307 257
600 270
753 136
891 576
115 949
78 713
87 663
659 905
951 256
800 153
53 651
232 987
422 157
314 642
327 560
394 730
815 743
777 754
814 755
540 660
425 989
990 139
41 937
163 798
774 386
996 905
154 163
980 566
251 47
63 936
966 989
685 240
669 37
424 28
667 508
633 184
345 631
93 477
412 710
17 402
173 319
336 40
71 752
247 631
853 379
873 662
402 531
102 597
771 971
652 417
351 310
992 454
438 267
142 409
812 96
813 16
155 711
815 958
744 825
416 243
705 317
247 411
555 573
965 889
696 798
487 598
773 374
237 203
793 580
771 237
468 233
347 327
794 790
959 621
907 676
262 354
103 125
935 205
656 68
818 759
191 952
523 67
596 754
544 976
608 774
677 233
65 689
112 759
446 196
109 567
851 747
638 841
268 647
374 347
830 677
442 391
406 567
401 322
658 828
955 441
592 720
56 779
333 826
249 56
875 569
744 860
340 197
478 547
857 823
300 675
603 625
714 293
699 509
152 470
466 127
455 148
336 500
130 716
889 150
242 310
32 103
820 886
558 336
160 394
574 983
725 677
426 588
423 239
207 967
964 250
978 476
881 107
636 638
82 518
102 255
575 472
110 450
51 495
529 168
476 760
366 423
658 454
260 803
560 914
593 969
308 620
551 272
284 358
348 345
947 850
16 989
461 234
647 338
751 354
441 72
401 44
363 785
242 627
749 776
641 612
862 421
206 209
92 474
365 783
854 906
301 806
538 139
246 644
287 33
631 986
86 835
18 426
673 356
666 416
550 130
759 573
62 321
440 641
561 340
542 181
438 420
38 686
786 459
478 496
830 556
493 341
139 404
765 925
690 783
485 252
194 674
233 461
390 432
83 379
840 872
237 740
357 150
834 392
868 626
178 230
624 7
979 739
313 406
79 382
598 327
687 337
349 473
409 21
295 361
62 279
822 140
831 780
524 541
273 436
950 637
839 284
222 589
977 693
535 291
233 117
141 84
692 867
861 368
943 956
230 216
601 758
313 206
947 504
320 943
407 804
837 425
540 372
641 940
74 764
974 494
129 363
289 215
993 399
142 735
130 59
892 4
915 445
772 113
743 590
257 294
80 347
691 535
11 339
604 758
721 284
972 370
221 158
1000 383
649 273
724 554
400 959
413 605
947 105
666 531
366 52
366 368
400 944
512 25
71 173
212 334
476 65
480 60
405 171
641 229
692 384
753 93
128 67
893 354
167 432
305 697
350 101
539 724
769 516
608 874
778 843
835 87
23 428
147 486
618 694
730 154
367 710
638 875
281 813
843 610
453 419
721 49
36 427
388 350
477 781
481 933
456 264
684 906
47 160
343 338
825 938
290 841
901 286
153 819
793 241
553 351
210 253
696 447
522 815
691 127
85 692
133 83
138 751
464 208
285 713
946 674
207 58
5 703
973 823
68 312
305 900
445 570
533 787
6 183
473 244
586 729
508 3
418 944
323 808
679 787
969 324
686 594
823 556
953 476
925 130
879 65
384 799
447 360
639 635
200 68
514 659
960 604
189 610
474 774
618 672
373 913
272 133
178 100
346 167
222 249
779 46
923 333
869 58
920 781
982 256
430 491
216 452
566 552
929 627
370 770
247 618
416 337
920 776
992 537
21 276
105 678
819 277
866 544
256 527
399 614
344 971
645 873
391 19
919 376
306 667
213 338
755 688
290 900
903 845
662 671
228 585
871 218
994 756
134 921
970 663
593 393
22 650
654 70
187 629
501 112
782 777
682 38
566 175
537 29
525 263
464 979
923 951
106 561
591 880
497 712
444 188
846 793
838 889
665 298
465 441
839 152
180 615
268 475
73 107
863 165
635 695
139 144
768 418
868 311
548 258
415 146
96 146
316 716
175 340
467 646
469 628
637 423
423 833
23 377
832 661
759 86
667 705
488 65
282 264
928 857
915 266
76 948
147 800
360 372
791 126
930 182
45 510
136 715
350 764
909 193
840 208
686 180
323 341
462 828
517 699
921 913
389 600
157 277
891 169
653 583
455 187
376 382
688 9
936 254
627 75
703 433
704 388
225 274
455 420
408 939
956 46
791 276
810 259
715 497
338 304
693 499
491 181
431 916
318 436
918 783
392 18
604 971
369 257
318 229
826 575
236 586
865 289
674 98
688 647
189 223
785 17
483 823
477 987
842 497
946 670
260 661
898 862
968 399
431 976
772 145
972 994
271 935
919 993
487 723
849 2
867 23
895 521
548 153
3 822
802 454
211 620
224 140
868 988
991 482
772 14
381 624
655 548
214 161
219 601
934 514
755 143
825 354
430 683
595 865
680 114
106 55
876 515
490 801
711 33
814 402
504 830
763 1
922 895
256 342
166 615
728 609
422 877
690 156
705 536
335 27
870 500
538 933
931 673
682 532
760 617
137 611
717 713
551 104
342 64
742 902
733 549
757 788
518 149
251 829
691 234
582 525
275 727
179 459
782 94
480 660
278 288
882 317
913 549
795 195
151 638
737 870
566 48
63 748
50 633
590 200
731 217
954 854
799 321
709 233
873 95
706 410
295 245
969 506
83 565
761 460
463 245
264 434
503 790
427 966
266 713
909 185
490 784
885 356
202 114
341 847
296 375
989 673
90 991
993 950
420 720
435 787
749 685
26 369
81 307
408 614
586 238
944 259
42 514
209 698
150 476
144 168
847 592
140 141
762 195
97 470
865 571
334 924
851 656
20 743
572 153
116 976
299 564
77 127
261 158
512 27
938 912
339 562
557 805
389 589
896 639
927 634
655 932
174 7
61 214
938 234
353 28
679 495
775 938
722 32
717 881
228 448
981 834
226 939
571 359
180 610
507 811
50 119
541 788
869 312
613 571
908 368
619 22
420 220
780 685
820 99
982 603
414 902
828 31
980 969
12 73
519 170
42 355
398 943
995 492
177 852
705 893
206 422
207 750
757 335
473 234
45 48
872 148
302 63
124 855
183 619
714 862
643 197
795 863
23 353
359 338
41 188
797 814
149 199
584 409
664 498
602 184
432 241
941 282
856 959
352 92
886 863
111 539
699 157
684 659
564 734
167 758
15 792
349 198
282 405
441 383
431 888
884 533
161 545
335 657
167 855
376 17
712 414
984 415
458 420
380 603
647 961
606 50
287 945
20 328
108 561
216 309
204 651
588 627
471 53
653 201
190 475
963 910
385 58
457 292
664 963
358 116
680 972
521 241
640 89
836 315
396 429
320 131
285 395
320 662
91 5
815 240
997 41
425 451
111 829
708 86
930 408
700 298
731 166
225 848
192 406
456 286
554 746
60 123
786 63
736 415
766 479
170 45
602 791
177 553
279 401
206 703
261 719
121 156
599 322
139 403
119 718
50 578
899 121
57 908
821 995
936 345
279 265
683 970
745 375
620 962
563 175
988 13
15 920
101 738
110 738
977 509
92 883
942 669
169 102
113 809
913 176
479 742
404 269
8 485
676 474
528 693
485 789
745 68
498 769
317 897
543 785
907 118
7 587
803 207
680 630
821 94
36 758
644 520
186 638
689 605
546 25
998 431
72 584
159 308
280 502
338 868
88 402
87 235
252 315
926 685
118 212
321 316
648 467
890 851
375 827
253 139
448 180
513 824
21 911
719 831
208 864
763 430
938 559
331 704
781 238
981 283
35 460
463 422
315 487
620 502
952 988
490 439
895 806
909 414
568 485
690 707
357 541
332 369
653 858
762 632
294 962
180 907
227 603
664 292
429 728
589 595
697 39
555 287
554 330
648 548
378 699
444 558
323 380
102 326
732 424
123 2
598 964
750 903
806 24
657 73
871 684
628 615
669 502
624 397
84 708
624 412
457 622
654 887
579 861
30 2
375 329
746 852
254 859
574 421
408 816
918 134
403 935
68 132
616 876
895 894
121 611
396 135
327 651
511 681
168 232
244 6
668 505
728 83
112 919
4 914
371 421
122 589
479 235
357 484
465 267
550 340
5 727
162 510
164 945
369 767
534 10
726 951
373 503
272 151
44 92
848 253
538 248
648 318
612 32
87 974
697 482
172 303
364 543
197 69
504 115
704 355
196 695
263 803
162 35
18 844
796 466
492 30
449 26
67 731
694 161
78 299
804 206
375 544
8 201
10 195
229 419
935 231
583 959
988 514
54 950
446 596
524 740
130 43
70 757
297 287
119 748
711 607
946 312
513 705
387 358
709 526
143 809
862 436
748 769
912 681
563 623
337 71
985 855
266 942
459 66
505 708
19 581
515 858
934 34
172 648
42 948
634 593
524 518
530 629
611 205
482 981
