1000
489 437
683 25
188 385
70 347
354 383
830 886
285 53
67 669
989 940
319 394
969 695
831 836
333 849
941 569
881 438
272 933
228 253
870 865
464 45
483 500
280 396
310 403
125 414
124 359
760 709
149 14
768 51
992 221
975 981
816 429
670 174
265 102
467 545
365 487
985 509
456 823
759 192
261 957
457 256
920 115
622 146
514 281
90 434
850 283
413 582
835 817
466 527
736 698
553 402
672 380
511 679
872 218
503 294
699 564
769 213
288 742
811 214
52 210
934 41
885 917
437 611
833 113
494 451
151 228
799 409
752 520
277 313
541 636
720 489
673 930
352 184
337 666
793 5
107 969
748 714
485 856
738 515
338 211
901 116
828 534
483 844
837 309
563 654
354 645
840 177
126 21
73 93
818 51
95 789
933 36
196 682
326 667
484 519
556 464
408 153
729 145
626 127
719 403
994 323
382 230
806 785
379 424
757 662
83 304
866 4
326 521
457 630
936 507
169 861
623 871
666 250
878 258
861 646
248 68
351 755
664 937
558 869
469 674
634 633
925 415
142 355
843 441
454 31
957 799
591 508
876 824
999 162
356 502
352 63
922 618
420 374
341 580
804 178
199 381
447 358
596 767
676 160
618 248
638 620
82 745
635 137
510 641
579 941
616 212
270 255
374 123
210 239
132 849
361 223
606 418
206 498
4 788
41 115
890 221
312 55
763 118
110 867
814 78
275 282
9 636
615 321
304 400
263 831
655 353
885 653
766 660
383 267
790 342
844 824
656 43
554 520
787 244
553 675
349 56
924 898
249 287
640 820
987 812
99 168
480 681
768 556
157 473
659 779
882 459
578 272
800 276
368 136
749 631
922 59
81 175
827 135
912 808
509 415
305 871
731 792
676 938
26 225
207 971
550 241
66 847
518 931
625 43
765 44
171 274
742 114
443 571
819 949
661 870
491 854
359 222
65 703
69 511
899 911
529 124
335 533
671 521
364 80
966 572
314 394
348 506
410 517
442 131
170 908
608 452
539 748
571 943
899 997
994 233
876 670
419 841
689 122
163 763
231 715
958 176
283 588
474 318
735 448
722 37
233 193
418 29
38 445
783 990
638 205
827 680
952 252
257 998
582 35
209 384
267 858
855 548
156 96
380 240
996 791
823 988
897 637
695 97
19 463
923 572
841 645
220 726
411 995
942 303
183 887
883 360
543 880
851 568
152 649
235 219
986 347
850 329
529 236
299 835
602 997
536 600
959 803
407 107
297 138
503 118
149 986
578 699
622 700
626 906
590 581
155 268
565 648
64 603
900 639
225 400
632 495
419 198
621 661
234 87
410 229
296 642
865 973
884 731
23 794
579 176
601 656
296 475
506 172
100 927
181 155
608 382
262 574
631 97
191 404
698 895
49 787
109 683
88 750
550 552
813 905
610 111
239 465
232 913
693 439
617 172
552 222
47 972
30 894
585 102
805 208
736 260
726 113
397 211
325 256
962 158
789 930
567 592
399 307
236 279
277 993
472 423
409 34
879 924
24 512
479 694
973 462
90 737
428 837
988 639
53 914
595 54
720 857
271 404
49 932
554 2
812 478
982 752
936 128
499 825
136 357
330 951
189 89
432 346
619 356
338 13
132 114
98 595
108 593
166 481
315 263
476 889
581 663
537 355
363 253
711 883
129 328
948 139
34 492
293 818
129 836
144 892
28 387
744 59
753 175
416 202
204 928
760 733
628 505
805 893
771 781
918 896
204 137
345 351
651 995
801 119
723 727
719 686
302 373
331 491
475 3
490 725
226 426
193 260
287 974
203 767
300 323
324 238
302 17
549 555
33 163
830 191
954 335
168 759
753 821
932 652
741 838
786 970
310 940
127 254
597 522
64 776
209 117
424 92
78 663
334 135
987 746
687 220
181 817
311 6
564 311
133 777
241 367
362 466
369 325
745 629
967 766
31 116
848 35
187 433
716 890
393 590
797 170
493 594
370 840
431 764
815 855
627 810
332 292
979 246
755 724
250 472
680 800
955 390
527 710
945 230
432 535
212 754
376 583
895 717
599 215
563 946
200 201
575 688
377 968
873 340
441 453
138 493
7 217
542 344
605 538
82 858
450 247
324 408
227 445
616 678
177 906
708 758
91 599
575 84
303 703
712 412
449 100
948 45
508 198
143 357
458 470
658 589
150 75
598 71
79 958
609 147
180 771
614 604
119 111
185 559
57 566
845 6
570 559
422 685
743 557
417 440
242 495
372 601
245 332
518 319
927 779
430 192
425 67
243 620
157 421
182 560
276 18
458 543
576 398
513 201
774 105
707 687
54 27
570 285
939 72
406 488
294 478
94 366
103 56
333 101
414 159
336 534
245 826
732 772
814 376
778 298
496 269
747 730
252 284
848 981
144 809
273 76
262 345
346 91
195 141
453 101
526 86
847 282
152 515
540 960
330 585
254 853
976 474
709 275
205 662
829 187
269 541
723 547
80 429
1000 274
249 301
306 68
983 502
463 677
980 886
584 420
61 70
533 896
624 406
577 316
555 935
8 619
788 428
85 859
490 360
405 123
180 125
574 921
194 526
386 309
390 12
33 468
389 292
991 289
813 331
704 623
873 625
165 980
780 433
540 869
505 363
798 388
915 673
580 551
727 257
173 479
664 627
557 141
539 264
196 977
875 312
12 229
295 925
23 431
386 697
751 783
821 737
955 942
956 615
740 148
657 186
966 367
328 95
903 320
891 613
775 659
524 444
706 471
476 471
857 903
525 96
48 697
909 978
531 92
774 514
963 46
340 11
967 551
979 120
568 179
398 846
637 108
104 486
528 349
10 679
764 544
477 864
523 427
290 395
29 796
206 665
486 907
792 974
851 75
959 918
600 707
308 208
28 558
69 372
477 735
286 384
36 298
937 20
617 342
917 237
584 592
226 747
1 10
708 40
607 99
251 757
985 716
611 914
171 278
902 702
318 675
891 500
926 397
14 877
635 454
704 769
399 261
567 448
494 327
588 810
447 947
436 938
671 313
455 749
612 546
598 808
259 22
900 314
93 200
696 863
165 184
854 951
692 353
264 343
396 583
780 811
487 992
728 37
128 150
826 765
633 61
104 9
522 145
613 1000
547 523
888 379
197 702
484 566
289 796
286 375
370 968
652 928
859 878
864 685
320 293
905 425
777 434
728 934
632 634
83 32
38 839
166 385
218 24
62 816
717 739
923 852
839 701
531 13
258 904
381 838
604 729
668 802
461 587
317 965
461 79
819 722
21 530
63 513
650 790
544 512
902 1
460 140
392 576
140 7
862 834
20 16
874 65
105 761
983 436
246 751
804 339
44 11
953 19
822 217
87 504
733 94
17 743
898 650
98 350
120 510
797 929
682 853
417 322
956 122
190 430
455 644
712 469
473 459
892 993
412 22
665 654
266 421
216 26
684 519
25 255
42 327
761 106
863 273
784 290
721 691
784 705
642 307
978 480
468 832
952 516
443 901
887 501
991 989
586 667
807 741
762 350
86 270
798 492
117 711
224 739
280 782
845 561
624 609
879 628
169 653
710 214
213 718
758 164
732 996
655 321
606 773
361 438
439 964
341 240
234 72
594 945
517 32
231 910
589 336
121 910
846 651
365 401
975 820
545 832
190 880
802 498
538 778
389 629
162 920
641 153
74 833
725 174
990 339
265 591
781 954
549 496
84 548
322 897
894 674
791 362
644 224
232 158
15 151
50 944
691 387
237 577
607 926
944 646
58 530
334 795
238 405
916 358
161 77
52 142
532 803
297 516
828 343
167 648
242 188
964 668
842 40
482 643
8 721
713 701
199 444
243 195
713 562
284 908
139 148
215 291
364 893
402 499
39 603
131 373
74 247
121 369
643 62
60 690
112 690
884 658
427 161
183 485
185 801
953 809
76 904
422 912
649 488
984 915
842 134
393 300
391 573
134 630
984 18
919 160
860 678
89 164
921 271
610 773
407 961
467 197
694 686
133 867
593 931
58 147
203 913
244 497
366 159
189 677
998 834
109 450
416 178
179 874
565 602
882 46
481 375
308 782
911 452
949 451
692 50
281 738
411 909
207 395
536 569
946 868
866 388
754 446
88 337
916 881
546 740
965 77
614 943
460 71
223 724
348 377
3 950
392 705
440 786
950 621
446 266
825 39
715 146
442 960
497 535
194 279
73 640
963 970
657 456
525 30
795 48
528 66
776 371
316 961
696 106
688 482
251 537
785 126
299 391
971 794
734 586
182 371
317 112
868 730
465 2
524 81
660 829
573 435
315 862
235 843
5 562
647 268
154 219
288 612
504 935
167 42
807 462
110 15
889 305
597 449
401 681
413 596
329 85
999 852
587 130
718 560
216 55
693 872
423 378
756 982
173 378
734 47
426 977
186 301
962 775
684 532
202 669
672 501
706 57
344 875
507 714
700 772
227 306
762 929
939 822
907 368
291 156
689 605
815 103
746 877
143 435
972 542
888 976
793 860
770 470
295 756
919 770
806 947
259 647
130 561
16 27
278 856
744 750
