1000
557 788
880 26
892 984
226 650
798 498
165 631
1000 590
188 351
137 474
290 140
669 935
22 359
205 534
167 533
286 227
419 995
751 490
181 647
354 732
39 235
710 28
589 764
873 533
167 456
370 331
79 878
347 404
984 414
993 326
847 842
614 266
139 206
626 477
962 744
881 827
819 439
102 384
343 518
157 963
824 582
219 81
370 330
755 426
507 361
927 866
935 723
170 500
532 616
375 343
534 346
437 318
860 956
663 595
29 49
470 590
824 396
159 384
900 753
759 694
577 503
874 46
422 273
953 43
160 900
167 56
631 406
669 7
227 130
443 728
560 457
572 716
726 768
683 183
389 917
162 329
14 857
745 772
985 317
364 896
548 624
34 779
279 460
597 341
284 923
581 2
864 841
697 414
293 505
588 893
874 124
882 39
896 204
615 305
890 81
452 66
793 77
275 776
196 928
569 766
777 19
795 694
308 818
302 401
978 958
111 741
690 90
996 793
15 786
988 727
8 783
54 137
614 735
521 530
433 497
934 363
352 718
987 172
404 545
29 455
955 407
370 893
890 886
621 51
597 816
813 968
18 221
280 207
112 261
870 891
256 823
179 462
282 14
278 703
825 941
784 724
673 772
469 50
218 981
354 632
580 175
155 811
58 373
520 75
337 363
179 607
896 496
641 854
329 31
384 17
154 318
42 257
422 673
662 521
260 332
983 887
897 384
269 986
137 282
784 459
741 754
663 116
907 530
179 994
782 751
856 250
604 631
915 975
921 40
451 503
614 580
646 199
708 889
526 617
77 283
338 201
622 254
654 982
626 42
22 268
701 977
994 672
925 374
211 112
448 700
321 345
197 535
750 281
486 430
937 344
121 66
949 103
548 661
999 872
541 655
26 417
226 384
799 180
754 885
828 515
346 374
409 811
20 141
340 1
428 585
619 780
91 392
484 512
88 424
825 26
869 728
867 425
685 232
706 311
939 838
845 308
525 913
152 479
269 164
890 29
502 509
975 147
690 151
713 332
789 171
992 512
702 791
181 637
564 450
642 596
551 174
722 967
192 387
976 777
432 182
235 292
746 33
527 987
163 944
468 121
389 116
817 813
364 123
702 383
530 264
338 233
659 339
85 374
910 10
580 241
97 802
830 7
127 453
868 221
530 215
539 545
926 891
688 994
909 850
695 509
104 438
973 831
965 956
360 497
541 535
906 875
436 453
61 947
618 484
199 541
680 523
870 128
355 484
975 403
612 72
198 9
971 751
216 887
108 674
122 310
673 685
404 55
307 15
376 386
814 633
771 660
613 114
906 39
235 186
726 775
307 41
546 543
937 156
134 993
997 722
707 359
422 565
511 247
949 625
666 357
903 430
126 511
338 356
56 788
485 43
851 859
526 169
939 635
131 622
193 457
813 574
269 709
311 294
678 396
988 130
73 191
843 690
367 854
722 437
807 733
631 11
482 689
709 156
987 880
514 738
357 826
801 645
534 902
289 12
737 71
876 759
340 674
974 108
288 575
540 227
277 517
499 210
493 490
39 914
721 628
825 113
156 958
220 528
570 26
150 579
96 418
361 345
574 454
412 487
461 857
962 311
313 666
959 997
239 708
850 743
810 317
348 865
945 888
304 471
806 470
807 679
815 707
919 341
132 770
677 332
201 305
942 703
685 808
157 109
516 759
847 921
950 173
980 629
699 421
177 845
436 832
340 94
460 249
581 574
355 265
535 27
209 538
189 820
945 227
467 476
478 766
191 890
395 840
533 209
242 656
586 591
101 752
22 402
544 521
125 326
165 983
245 295
836 102
710 990
855 379
491 928
98 984
992 885
374 526
504 766
883 992
243 662
722 665
878 199
152 45
890 354
646 556
936 390
431 337
56 812
757 719
512 839
703 957
495 119
494 732
675 787
212 575
39 833
524 551
643 28
891 410
870 569
217 89
832 749
530 138
174 203
134 699
853 813
312 133
915 308
475 700
696 747
597 946
787 415
294 849
904 728
740 352
271 272
126 196
470 213
912 948
504 334
711 441
363 519
307 374
230 195
566 735
374 163
408 550
572 411
902 168
528 484
431 120
195 396
151 466
763 500
835 453
537 144
223 842
16 609
574 400
40 432
404 483
702 712
339 120
423 98
55 377
31 483
321 705
350 194
522 223
114 649
824 483
945 351
495 306
4 203
337 476
335 579
110 780
520 384
896 70
620 419
38 919
991 140
311 234
316 886
449 366
516 763
988 267
730 661
787 451
673 480
719 357
604 405
635 852
404 30
422 510
796 956
166 335
234 187
337 374
914 74
924 611
320 121
818 483
769 237
915 12
137 874
337 444
86 847
814 765
972 284
446 534
773 825
573 710
240 63
45 870
642 348
863 874
934 584
34 914
775 901
694 792
2 353
337 818
206 898
258 643
121 726
752 778
468 676
828 842
325 594
696 354
762 769
555 490
765 703
31 92
770 487
308 694
430 303
694 470
798 236
783 971
717 399
702 435
700 273
918 694
990 602
261 371
804 43
774 735
107 710
880 337
936 646
614 621
203 80
343 299
312 870
174 431
788 972
571 468
153 913
392 528
997 737
14 542
340 839
867 895
787 104
158 374
30 729
475 436
530 174
245 442
860 893
517 319
603 6
600 970
657 41
979 198
631 952
496 303
33 718
794 550
343 227
446 324
593 575
159 83
75 546
868 481
224 343
627 645
692 54
631 738
64 71
72 736
374 994
404 124
820 963
693 981
896 610
373 100
270 293
982 936
395 404
816 877
803 295
605 862
325 561
506 708
59 385
244 792
202 416
456 99
312 184
238 500
208 221
391 643
327 877
366 199
270 691
837 579
920 968
174 311
820 909
485 915
515 928
769 821
651 481
319 740
809 326
616 709
583 930
850 386
343 756
297 887
156 962
605 702
47 199
490 418
910 100
10 824
733 45
430 413
3 21
607 84
184 760
642 374
517 429
550 877
983 349
703 797
900 248
100 611
384 81
430 761
750 473
37 893
337 644
728 301
231 981
941 246
201 314
905 295
537 885
776 649
720 805
929 173
569 776
603 631
531 709
68 824
280 339
711 828
24 942
100 78
530 323
325 502
368 545
57 196
230 65
715 85
20 601
842 977
477 467
664 258
185 861
798 940
998 713
893 250
482 485
832 508
287 433
460 382
574 578
251 460
681 592
943 413
321 394
587 13
563 641
118 305
765 928
751 630
26 285
339 784
52 748
28 909
414 373
818 646
702 146
651 568
661 131
350 148
139 523
339 864
600 124
946 148
606 167
271 82
821 581
358 450
959 288
124 640
594 931
201 816
909 50
502 549
357 818
105 659
239 199
155 604
778 652
32 208
673 473
527 190
203 72
558 196
81 422
735 208
683 302
95 962
639 834
975 805
735 311
319 704
698 518
374 867
178 374
151 495
26 728
414 420
865 951
780 100
642 252
754 361
151 642
886 253
787 798
457 608
631 337
959 463
433 824
16 649
911 793
373 658
646 777
937 683
348 628
135 520
203 985
798 824
767 735
22 214
337 145
279 641
912 767
120 661
303 993
623 127
851 671
53 187
831 126
894 426
501 360
668 202
588 343
174 581
93 440
398 796
255 780
515 597
62 970
374 529
151 961
12 525
439 16
715 725
562 240
702 634
93 517
838 81
274 43
714 226
61 137
72 781
180 425
670 236
174 358
734 959
764 992
397 777
424 875
251 273
5 543
224 848
806 13
922 558
565 790
259 91
7 333
711 149
879 756
726 120
871 784
932 522
326 668
906 653
271 959
702 384
989 502
930 718
860 176
603 844
464 667
192 846
229 735
115 562
476 217
117 444
427 517
60 506
16 411
300 763
122 493
47 492
171 456
392 3
933 614
308 116
327 559
488 615
372 512
106 208
629 450
941 222
848 388
700 36
955 156
959 822
323 899
855 798
522 67
562 735
910 303
326 20
424 513
7 201
206 627
102 969
76 905
986 276
915 687
983 381
161 722
86 211
619 458
993 336
628 393
44 776
59 890
519 465
599 591
199 861
431 515
740 816
886 245
499 134
964 293
882 993
387 296
490 683
731 328
648 105
225 872
656 352
836 304
48 173
688 938
56 225
993 858
127 447
749 342
957 717
553 347
636 338
378 543
69 696
929 576
753 124
859 200
697 591
431 549
7 793
173 882
820 129
262 351
97 293
981 696
454 908
143 180
294 167
751 263
97 785
165 536
487 642
586 966
322 588
758 812
298 85
579 928
333 309
378 800
103 489
203 365
929 428
457 28
305 22
256 42
748 906
910 713
221 681
118 434
675 139
684 331
610 362
291 320
884 85
922 667
335 567
406 445
199 315
515 754
422 431
598 565
979 862
361 671
837 472
909 422
639 136
23 614
960 441
898 87
915 380
672 829
26 682
181 839
778 863
605 620
681 660
881 605
476 343
128 642
766 686
982 35
739 667
547 240
396 293
916 830
750 369
954 57
812 25
552 528
228 163
638 891
434 142
426 934
114 639
489 987
162 742
928 328
673 997
927 616
531 192
531 290
554 891
