1000
473 704
62 284
84 78
574 655
924 458
477 472
775 507
460 482
591 452
746 630
35 746
873 656
84 374
719 485
165 27
266 895
24 19
335 805
791 197
305 417
898 171
635 919
268 737
759 569
939 652
706 117
339 926
299 500
462 479
277 180
277 288
142 809
170 81
989 490
454 906
908 568
153 689
512 795
998 467
767 73
418 12
878 718
958 984
507 715
277 580
33 26
349 319
561 872
112 552
451 293
736 674
50 543
298 151
254 233
881 680
531 993
501 749
126 454
845 187
767 185
77 647
529 153
442 971
162 592
492 872
169 643
701 231
669 112
793 708
874 963
696 328
360 659
579 690
910 89
753 934
390 156
148 227
947 121
727 708
899 441
821 373
540 569
787 679
984 738
666 545
924 132
515 18
944 310
165 582
555 808
770 729
326 715
627 875
189 289
853 516
894 374
201 756
836 507
37 112
810 680
472 544
318 655
989 742
369 482
197 969
777 884
959 277
248 479
659 289
528 881
167 646
52 220
712 208
282 74
758 595
253 105
381 247
636 410
247 437
685 251
706 729
733 54
668 873
903 863
515 868
636 157
114 339
918 811
490 732
688 237
943 313
755 863
705 320
435 453
30 17
635 897
131 192
709 490
705 550
239 192
338 306
103 888
946 256
43 465
916 461
81 212
772 903
902 312
77 910
432 535
59 386
287 137
19 907
13 225
29 970
840 926
476 988
493 669
404 542
198 477
10 400
420 82
181 271
383 243
345 375
568 875
881 733
870 675
808 501
575 434
348 914
725 915
951 169
734 938
800 103
296 51
228 81
359 60
770 303
718 422
997 418
848 740
171 571
778 891
753 922
860 145
4 759
586 691
152 119
510 875
576 148
925 999
967 440
762 124
59 642
191 768
31 830
365 996
330 743
295 199
812 354
662 418
19 216
413 566
493 707
180 994
882 243
730 400
153 222
626 886
106 850
587 168
416 312
749 839
668 269
374 390
87 772
904 941
346 27
632 465
34 506
34 634
601 832
392 499
473 336
482 400
261 738
31 109
863 546
375 121
16 1000
887 577
543 795
629 571
453 886
851 453
386 243
926 239
255 525
403 522
497 786
636 887
343 761
159 286
487 902
871 290
462 716
791 747
869 999
443 547
731 203
418 738
781 820
901 697
792 182
730 464
264 287
957 785
413 694
921 534
602 125
909 318
434 322
883 496
584 342
554 751
96 997
121 243
760 761
205 693
767 830
243 204
571 375
377 659
228 600
151 309
571 178
764 218
236 962
227 782
255 1000
50 257
429 207
822 321
438 751
784 760
830 630
706 151
855 255
518 246
86 956
977 100
745 129
572 26
703 119
98 213
498 843
351 950
404 221
321 247
21 237
570 899
23 619
352 632
968 553
439 400
253 174
891 986
290 590
562 654
549 844
361 289
261 49
458 648
368 617
653 357
767 715
359 990
894 330
424 933
209 968
873 855
652 291
630 36
520 330
245 48
261 408
88 331
579 453
82 526
921 935
675 511
214 19
916 923
364 376
942 287
146 196
423 712
934 55
194 31
521 118
988 28
814 48
681 332
848 955
771 933
397 647
12 417
352 22
137 818
607 415
682 219
426 437
347 604
21 209
620 237
409 584
232 168
376 454
717 932
614 359
989 685
306 591
718 940
516 817
537 238
394 608
279 573
485 970
632 946
590 276
285 623
930 15
314 684
730 100
159 545
453 133
768 539
797 705
809 636
515 984
594 243
541 871
653 210
43 434
7 470
57 102
241 73
788 838
228 869
71 352
485 796
110 991
877 885
708 432
293 477
968 128
369 3
493 523
856 555
972 967
247 618
706 199
106 656
71 615
949 734
724 169
774 208
717 913
21 980
273 370
824 625
684 973
660 773
90 722
317 882
967 806
636 169
189 691
710 974
620 678
130 65
162 482
552 601
886 260
848 375
870 342
31 795
970 169
237 118
21 859
893 349
384 953
428 783
458 869
874 933
997 138
280 221
735 201
866 616
473 682
551 693
110 119
738 239
487 519
727 31
893 654
795 606
35 611
799 10
835 714
104 249
771 686
599 421
889 892
927 475
858 139
953 162
540 83
282 875
378 305
664 541
978 148
441 727
636 639
457 191
3 517
956 350
859 279
444 928
524 436
748 259
301 418
568 547
773 929
418 993
253 477
538 19
551 427
274 219
959 762
350 608
961 403
631 664
42 487
802 786
193 751
172 41
144 865
230 678
811 815
874 43
793 503
613 935
218 680
215 769
296 601
589 352
478 263
738 867
776 594
160 717
19 504
370 668
23 37
937 664
998 396
740 358
73 904
884 628
196 202
545 300
633 888
449 475
886 308
641 689
185 537
63 362
469 254
993 965
941 679
613 505
721 730
425 656
632 93
350 349
355 881
901 977
591 695
486 591
454 67
711 19
339 731
964 169
369 548
304 1
123 772
715 713
500 352
894 38
470 262
610 167
255 85
442 593
680 616
67 80
557 729
285 702
147 21
149 984
240 665
190 878
989 814
950 827
284 963
970 880
101 962
568 428
873 739
586 97
578 375
214 687
479 392
785 545
56 696
801 563
351 277
59 954
779 353
875 886
70 846
470 853
122 738
439 936
758 21
229 434
708 362
560 5
984 329
290 275
966 724
432 828
903 466
410 32
841 567
387 477
651 122
808 778
540 165
323 552
379 946
630 813
281 875
552 406
600 333
661 321
543 8
254 644
780 2
676 162
462 389
688 658
917 509
864 638
261 420
224 608
447 101
677 738
699 55
196 490
221 154
662 556
488 968
588 393
8 845
258 777
68 37
565 715
587 43
962 217
134 683
93 804
254 116
777 581
384 987
289 801
237 753
207 706
321 638
972 933
981 774
57 10
868 456
357 73
513 731
773 549
31 835
193 682
208 44
240 732
211 583
374 794
141 882
640 179
584 508
480 772
115 772
19 31
461 959
158 11
510 188
92 453
936 752
372 99
344 306
167 989
118 763
629 294
960 659
175 532
847 956
242 548
657 590
465 471
612 927
997 292
834 108
842 694
150 902
849 973
982 795
308 161
972 374
401 904
311 683
600 478
267 675
733 975
10 969
533 302
162 949
585 659
455 237
693 779
795 459
594 104
617 824
879 25
498 717
367 770
618 952
670 931
246 730
353 111
524 959
325 378
886 860
26 798
899 645
874 655
401 831
605 801
986 94
527 566
366 293
164 535
970 415
684 969
558 610
724 829
347 536
313 34
107 101
136 138
955 905
100 30
101 578
478 744
816 559
634 583
902 620
671 199
601 340
90 696
888 622
253 34
183 84
757 800
534 483
81 365
770 347
698 904
159 21
575 702
131 649
591 692
400 252
412 415
830 287
316 482
71 911
287 872
872 468
40 814
779 738
491 781
808 353
454 321
989 756
326 995
327 466
539 630
12 297
816 484
728 441
1 692
855 27
54 701
6 116
532 890
15 683
342 963
591 405
644 726
54 179
627 166
948 806
636 786
324 545
700 289
206 145
621 215
514 132
399 790
919 668
821 600
462 427
404 495
371 570
277 418
182 835
77 143
869 900
420 184
54 725
621 745
413 14
12 395
286 837
244 718
624 636
997 469
75 963
392 235
427 549
446 823
981 609
255 223
393 979
890 293
921 477
578 539
590 988
31 276
576 769
592 807
830 766
781 209
193 286
803 212
920 932
420 271
329 481
565 865
720 801
450 97
993 433
681 153
234 135
833 122
76 325
674 873
603 498
283 473
367 341
95 570
637 421
321 400
255 979
65 228
477 859
482 421
362 484
512 446
770 272
401 489
226 77
683 262
529 394
628 404
956 262
402 620
684 927
391 385
72 280
837 741
656 474
270 667
434 388
337 378
859 25
772 357
401 419
785 598
976 797
228 789
655 250
11 638
41 209
854 958
859 403
177 208
228 608
931 985
992 621
769 830
221 926
506 119
228 61
494 267
354 693
45 500
73 356
552 382
587 445
25 974
737 510
496 40
741 670
643 186
539 169
891 70
824 596
53 453
574 754
261 127
806 139
116 413
869 307
715 944
673 815
770 917
9 498
696 848
125 898
468 265
278 514
225 439
321 830
391 215
767 472
36 58
597 869
91 552
819 228
502 872
155 739
608 912
576 672
663 658
727 467
830 228
334 564
315 540
857 592
444 550
873 77
568 418
135 831
52 808
765 598
51 834
748 537
472 617
552 875
976 983
760 873
591 738
1 195
650 953
914 979
550 482
36 442
99 367
881 738
302 947
411 260
46 204
418 173
200 746
430 40
39 507
790 767
892 707
935 838
119 407
47 805
487 334
801 963
815 808
380 214
885 445
770 539
534 176
410 723
418 963
942 431
936 780
830 997
826 256
830 873
338 66
398 797
727 363
68 266
49 463
64 31
652 668
560 633
70 120
445 79
772 113
446 88
750 779
414 224
854 896
16 861
98 539
73 208
422 620
798 303
888 73
700 567
347 862
163 10
594 140
448 359
814 859
261 825
876 661
945 777
862 20
852 122
138 913
919 359
667 643
805 779
997 530
69 778
