849
363 523
649 59
418 314
50 172
598 417
296 382
324 235
197 693
190 665
723 708
586 822
448 581
37 710
115 669
430 608
433 99
413 441
280 467
511 382
446 468
174 768
552 600
179 119
640 697
72 356
574 426
460 583
653 315
465 798
303 148
422 467
379 174
711 335
516 25
643 58
59 771
130 320
210 13
328 512
331 635
595 518
822 26
91 511
289 637
126 537
332 249
10 479
591 18
187 371
405 206
674 475
315 326
739 19
140 713
635 799
834 55
189 704
53 475
637 210
647 277
696 215
837 352
169 63
830 823
593 706
406 408
544 737
274 283
558 446
274 419
276 735
117 133
213 426
376 335
257 722
714 801
114 814
304 658
16 295
530 288
350 784
522 250
694 372
321 198
517 617
763 40
834 533
366 478
558 548
430 791
723 828
702 319
100 42
171 283
29 207
566 553
722 688
433 138
706 476
88 532
46 770
137 271
429 230
781 795
412 403
399 367
762 670
230 619
517 109
789 121
704 727
849 34
300 61
849 492
501 266
596 176
613 335
589 296
681 375
649 768
60 9
644 789
137 684
786 293
740 170
657 478
241 328
836 679
178 381
559 560
373 150
261 569
799 118
184 377
478 709
510 96
161 60
30 395
727 390
439 629
272 533
191 7
286 819
742 334
755 312
136 799
540 491
556 133
781 302
525 160
308 792
214 758
600 748
396 826
146 4
831 607
365 430
648 372
774 555
765 353
418 526
26 307
842 254
182 398
110 477
743 85
490 530
446 822
329 128
553 45
523 260
253 264
146 386
485 218
379 461
596 173
29 31
178 37
820 259
602 616
311 232
501 375
437 427
39 462
301 254
486 523
767 198
284 16
408 668
444 604
770 277
85 50
534 62
203 4
818 806
634 710
768 814
637 397
466 770
507 330
231 576
217 459
820 698
196 397
325 658
418 399
689 433
229 424
672 652
232 834
642 794
759 492
457 197
294 236
120 622
582 590
109 419
509 809
33 479
342 629
666 811
101 160
447 84
379 485
424 326
564 403
227 109
5 379
301 396
636 812
822 128
148 118
181 663
736 742
208 87
72 94
174 563
479 494
606 518
640 722
330 539
456 368
521 249
339 618
144 446
734 149
765 517
43 326
703 544
150 754
222 818
582 402
638 633
768 416
354 532
766 680
745 849
254 631
183 39
622 469
277 800
111 75
293 414
281 42
674 444
762 50
561 93
407 262
60 322
450 271
504 581
790 232
278 479
636 561
620 116
485 742
100 190
426 323
23 602
468 792
831 90
445 848
848 692
255 688
217 723
364 598
109 651
50 754
423 437
587 594
418 324
489 352
822 170
668 453
637 708
117 516
531 236
222 192
277 446
385 735
570 513
509 438
784 267
503 197
699 673
92 175
52 365
240 768
748 414
481 204
288 214
162 128
251 630
579 716
590 369
719 523
551 605
346 194
146 574
731 508
186 126
258 569
301 82
501 555
155 251
633 691
21 79
58 580
557 213
130 170
48 392
813 433
403 265
664 343
86 146
412 339
772 425
312 724
95 837
834 671
134 206
63 612
312 611
32 186
227 421
212 432
453 649
136 478
351 221
271 350
690 610
233 178
627 844
174 26
338 747
599 801
205 182
717 41
829 818
315 626
664 822
335 563
432 85
256 327
530 225
88 362
778 712
713 105
602 178
190 799
370 126
3 569
219 172
352 435
331 827
253 460
333 47
476 20
435 359
128 165
638 446
140 547
508 85
482 173
149 828
454 750
165 321
287 260
799 68
710 803
223 665
88 205
180 173
140 479
449 702
474 623
117 823
501 318
588 740
79 411
448 711
820 569
151 452
787 404
371 384
534 578
16 70
232 464
709 597
67 433
68 725
146 234
328 282
238 447
840 500
141 446
501 824
127 843
209 565
395 840
761 77
371 784
543 51
527 30
257 210
68 104
584 755
4 647
582 676
637 465
550 123
227 122
641 787
836 15
96 528
651 166
403 15
423 202
155 273
807 34
437 324
157 514
707 383
368 496
567 89
335 479
665 546
334 191
227 773
563 168
435 511
706 190
370 493
490 563
239 488
101 396
565 51
409 741
126 776
278 654
278 735
131 613
418 524
569 65
651 201
832 278
645 787
101 822
73 657
702 619
799 619
312 401
624 706
314 300
521 673
190 575
756 706
592 742
54 139
713 357
849 768
434 110
665 441
324 582
377 125
751 722
236 529
101 628
167 752
513 21
784 436
111 536
576 92
599 639
68 112
43 645
284 502
457 244
565 583
804 283
517 761
316 71
707 229
613 488
437 338
130 31
637 341
803 157
530 728
21 127
522 783
174 637
455 65
185 309
609 67
644 242
193 761
806 49
665 330
409 753
51 799
116 686
378 100
83 458
374 57
237 601
810 325
562 729
345 487
167 407
364 833
368 505
550 410
535 625
475 721
119 58
328 247
155 250
328 156
654 6
835 16
324 135
291 386
742 236
594 368
82 69
129 696
224 353
633 606
502 443
377 2
403 174
778 838
38 575
622 720
785 34
834 799
791 615
56 825
545 412
785 568
19 846
760 484
227 28
140 306
62 164
470 676
646 245
267 305
662 84
789 817
808 127
351 533
163 472
793 636
401 571
394 675
579 328
654 726
818 110
300 393
424 521
793 838
304 808
294 603
664 113
822 395
814 541
206 220
475 167
205 682
190 744
519 799
830 797
317 419
344 201
805 273
465 313
696 158
690 667
434 170
309 651
74 161
107 359
211 89
59 340
458 84
551 246
538 456
301 463
509 849
51 54
436 372
56 740
159 479
182 754
581 188
299 694
285 44
147 453
755 763
638 585
161 646
138 511
126 36
577 257
592 226
697 573
468 625
292 351
746 436
76 109
410 506
65 388
302 490
425 657
497 190
194 395
848 740
40 337
765 64
845 695
307 782
452 659
678 254
263 257
63 26
380 50
243 370
831 596
306 189
730 474
47 59
514 705
577 348
675 328
685 380
801 834
784 733
160 491
335 436
132 803
806 669
847 368
195 153
160 811
144 270
841 238
672 27
54 391
665 360
691 780
787 769
838 200
736 715
754 174
598 757
788 356
256 533
843 211
123 777
446 314
288 71
93 216
713 228
675 822
62 335
323 177
467 801
664 572
473 627
275 846
4 420
490 474
92 471
180 30
847 528
152 700
72 130
524 290
278 484
87 59
154 637
692 542
834 632
273 183
130 451
436 475
248 294
304 549
468 414
103 485
128 81
58 586
763 78
374 588
353 11
106 414
337 14
513 473
136 17
443 779
796 457
638 41
142 41
271 614
329 298
523 490
268 627
35 640
656 415
201 701
174 1
762 823
781 125
57 310
732 688
277 44
430 794
389 22
26 109
102 238
36 345
499 512
301 718
257 12
347 771
750 1
8 755
30 355
19 563
495 328
515 403
819 332
301 457
151 619
204 563
754 153
815 765
400 436
361 19
109 415
433 621
446 690
263 297
528 335
683 531
442 255
569 403
822 619
562 533
399 37
803 145
130 337
157 677
528 435
468 387
108 539
1 560
663 706
342 27
737 648
457 80
84 110
367 252
24 713
430 13
459 98
608 551
100 802
822 161
439 440
336 637
511 143
163 58
661 175
349 768
512 749
480 531
700 665
392 524
372 502
750 206
431 710
758 766
92 61
764 419
66 74
622 118
250 19
695 471
428 432
806 111
650 478
375 17
27 622
542 483
645 358
300 498
324 410
750 269
589 97
434 687
467 121
485 237
821 577
554 600
620 251
478 816
688 775
696 793
843 379
520 227
636 467
18 308
537 124
103 753
199 371
98 738
839 799
126 62
250 645
613 279
655 787
22 437
598 395
660 120
160 553
