200 1
74703
-63983
43974
53576
-69404
-15131
55105
11031
1573
53750
68076
83419
-25747
35766
59161
-82515
-31185
-13252
-71134
2037
-44574
59814
98798
-64992
81325
93161
66847
38832
-13776
89548
-71061
-88782
-75501
62794
36379
-33092
-26766
98858
-72409
41756
39748
1505
4477
-9123
-71754
72234
-99931
-81645
-72643
66743
-73587
59943
33093
-82128
-56489
96465
-30589
47224
-27964
-58447
-37966
-12283
71461
96255
69232
-94593
-39758
-36764
22145
-86488
-30980
76708
-71337
-74131
38760
-25900
-63922
-61375
17909
-88695
-62637
54309
25435
-55985
78360
-90553
-82188
97945
-5575
56635
41094
-6538
54370
93403
-26965
-59577
28915
25622
45588
45728
-92956
-41929
-40344
35183
47457
46391
-91325
61543
-86544
-16748
79194
30229
18756
-26004
-58305
-13943
42070
76894
-88062
-14878
-63340
-24606
93381
649
-64396
-49204
56220
-16462
-11219
-5835
-52564
-16860
84775
84230
23479
65466
5230
-84712
-6479
-22472
-77859
15688
-39551
9097
-11040
-59751
-584
-42952
42541
97188
-37719
29392
51025
-70445
-3457
-68707
-33492
94965
2066
1423
7049
-13548
82301
-2811
33368
40802
72498
21762
15861
-55261
44501
98913
72793
-13816
-96652
-25738
-58087
-19160
-39684
61702
-3013
-99986
-16822
91745
6272
-19425
-16431
79771
62544
86581
89936
-88489
-79317
96503
-59376
30872
-8305
58246
5236
-18126
