100
266717498 950962339 249805917 507169594 324174369 850388713 382884163 302492477 634818233 166102368 882752876 426187206 764333559 645285278 241573462 287817450 467427487 954859077 627270239 456672101 365164614 811358468 816998817 816795637 593046117 161242073 344753959 643207851 574286018 653088857 131087312 420594012 921455106 808238296 978441875 392156885 202873844 548495334 135445394 772852077 991143601 837030074 858108096 812354636 494880985 78760044 539255172 260099878 269754522 446711910 394399250 43645502 381063227 786401512 807500621 790070333 168585161 945001099 744389208 860381905 292373855 571235920 234623201 488924428 127319175 186654358 957176418 454412331 869053465 37375401 507839599 48238518 892065263 384096795 215275921 829870742 837605002 529635812 392979718 658999702 930916946 939371181 58328218 232163850 435470416 985365642 898437574 487790556 462679624 866962857 869693845 240910564 344545427 130462483 85892378 18649360 717196030 200873889 62836337 746820537
1 2
2 3
3 4
4 5
5 6
6 7
7 8
8 9
9 10
10 11
11 12
12 13
13 14
14 15
15 16
16 17
17 18
18 19
19 20
20 21
21 22
22 23
23 24
24 25
25 26
26 27
27 28
28 29
29 30
30 31
31 32
32 33
33 34
34 35
35 36
36 37
37 38
38 39
39 40
40 41
41 42
42 43
43 44
44 45
45 46
46 47
47 48
48 49
49 50
50 51
51 52
52 53
53 54
54 55
55 56
56 57
57 58
58 59
59 60
60 61
61 62
62 63
63 64
64 65
65 66
66 67
67 68
68 69
69 70
70 71
71 72
72 73
73 74
74 75
75 76
76 77
77 78
78 79
79 80
80 81
81 82
82 83
83 84
84 85
85 86
86 87
87 88
88 89
89 90
90 91
91 92
92 93
93 94
94 95
95 96
96 97
97 98
98 99
99 100
