338544
338544
59438248
36676953
10267755
120127581
35795266
46547384
6102749
5542710
7609503
10267755
2914784
10267755
5542710
10267755
16041327
20276214
338544
36425828
289892060
5185808
7609503
5542710
21846649
6014388
10267755
44701839
6102749
338544
338544
23667589
338544
23667589
282034742
5542710
14772855
10267755
2914784
6102749
338544
5185808
13145853
18135124
2914784
7609503
2800497
44802002
5185808
20341586
32923964
1274490
2914784
17670520
13645545
338544
5185808
53119323
5185808
18135124
6102749
2914784
670186216
5542710
5542710
13145853
165767206
20341586
338544
20341586
5185808
57543264
22542838
20276214
33722904
20341586
10267755
20928425
17670520
64757391
13145853
7609503
36306317
5185808
2914784
338544
2914784
131127562
5185808
7609503
2914784
13552812
17670520
5185808
10267755
13145853
29751463
14772855
7609503
56378045
13145853
10267755
20928425
338544
7609503
435182714
7609503
5185808
204751519
17590659
36306317
7609503
338544
2914784
13145853
23667589
68087449
5542710
7609503
338544
6102749
2914784
5185808
20928425
10267755
663440890
13145853
17670520
10267755
5185808
5185808
23667589
16041327
338544
2800497
6102749
10267755
1274490
5542710
10267755
20276214
338544
2914784
6102749
338544
2800497
10267755
68801070
9052769
338544
36306317
5185808
6102749
338544
13552812
6102749
66730176
2914784
29751463
13552812
10267755
10267755
222638396
2914784
5185808
5185808
5542710
1274490
338544
5185808
5185808
16041327
222164333
6102749
338544
6102749
6102749
10267755
10267755
13145853
14772855
53119323
2914784
16041327
6102749
7609503
2914784
7609503
5542710
42845703
13645545
6102749
35795266
5542710
4918789
338544
5185808
5542710
16041327
36306317
2800497
10267755
20928425
13145853
10267755
2914784
188742926
123919925
5185808
13466803
17670520
254321685
7609503
7609503
338544
338544
338544
33722904
338544
35795266
16041327
338544
7609503
5542710
2800497
9052769
18073484
1274490
2800497
13145853
42845703
13145853
5542710
46845853
5542710
5542710
16041327
338544
14772855
2914784
29045622
9052769
33722904
1274490
9052769
23667589
5185808
33438197
10267755
5185808
13145853
34555494
2800497
16041327
13645545
10267755
338544
73221649
33438197
5185808
2914784
10267755
13145853
5185808
5542710
36676953
13145853
338544
6014388
13145853
6014388
9052769
1274490
5542710
33438197
1013612
16041327
13552812
57415478
110755715
1274490
338544
1013612
338544
338544
13645545
338544
5542710
10267755
10267755
13145853
35159325
75433605
14772855
39927819
55371230
2914784
16041327
338544
5542710
2914784
338544
10267755
20928425
13466803
29751463
23667589
338544
338544
197771589
35795266
338544
5542710
5542710
2914784
44969710
338544
35795266
5542710
20928425
6014388
13466803
10267755
13145853
338544
23667589
36306317
23667589
10267755
9052769
2914784
35159325
36676953
338544
5185808
936180487
10267755
81605515
5542710
6014388
10267755
2914784
9052769
16041327
5185808
23667589
36306317
14772855
6014388
5185808
1274490
9052769
16041327
65632443
10267755
10267755
150729864
338544
2914784
17590659
46066935
17590659
14772855
4918789
5185808
17590659
53119323
14772855
5185808
792618858
39450778
16041327
13466803
201486142
64757391
338544
5185808
842516925
23667589
9052769
73221649
29751463
1274490
45530617
13145853
2914784
2914784
9052769
338544
2914784
5542710
5542710
37528796
338544
338544
13552812
5542710
5542710
65764031
85467784
35795266
1274490
2914784
37578334
36425828
13145853
209734812
39450778
16041327
46066935
14772855
5542710
13466803
5542710
9052769
2914784
2914784
65368722
2914784
35159325
17590659
13552812
16041327
13552812
14772855
10267755
39450778
17590659
35159325
2914784
35795266
10267755
5185808
5542710
33438197
350292103
46544201
2914784
144271159
10267755
338544
5185808
338544
283278096
33722904
2914784
338544
54466591
5542710
10267755
338544
13145853
2914784
338544
5542710
2914784
13145853
35795266
28361061
5185808
10267755
338544
9052769
2914784
36425828
193178900
23667589
4918789
13145853
9052769
5542710
17590659
9052769
13145853
338544
10267755
35159325
13645545
282229854
5185808
338544
2914784
10267755
16041327
13145853
5185808
338544
77414896
13145853
5542710
5542710
16041327
2914784
5185808
23667589
5185808
5542710
5542710
29045622
27496416
2914784
36675301
338544
6014388
13645545
98602049
13145853
5542710
23667589
35159325
10267755
338544
338544
338544
13145853
13466803
63106221
197771589
9052769
16041327
16041327
6014388
35159325
13145853
23667589
338544
17670520
73221649
36889813
338544
14772855
9052769
2914784
338544
5542710
338544
5185808
338544
13145853
13466803
18082385
16041327
50364404
2914784
5185808
47245174
10267755
5185808
16041327
10267755
46544201
338544
9052769
16041327
2914784
10267755
27496416
338544
13145853
338544
249974647
36675301
23667589
5542710
6014388
10267755
78745337
13466803
8975006
10267755
338544
6014388
44969710
28686866
18135124
2914784
5185808
2914784
5185808
10267755
18082385
13145853
13466803
8975006
18135124
2914784
338544
5185808
8975006
27496416
18135124
338544
46544201
5542710
5185808
10267755
13466803
47245174
131127562
67999819
29991002
20276214
338544
2914784
338544
59234529
17670520
83969606
5542710
4918789
120564760
18082385
37578334
35159325
20276214
8975006
8975006
179970662
338544
5185808
50742570
55883750
36306317
10267755
10267755
33257023
21846649
13145853
13466803
18082385
10267755
2914784
37528796
5185808
243024616
301835175
18082385
21846649
37528796
5542710
50364404
23667589
93900847
13645545
28686866
13645545
8975006
17590659
17590659
5542710
21846649
5542710
10267755
2914784
13145853
28686866
13466803
17670520
18082385
2914784
17590659
338544
37528796
2914784
159469368
2914784
13466803
5185808
338544
28361061
18082385
5542710
13466803
338544
21846649
38548362
338544
5542710
96119592
338544
2914784
33722904
2914784
800522485
37528796
21846649
18082385
5542710
13145853
23667589
5542710
13145853
93472410
13466803
5185808
28207781
2914784
35159325
43478335
79051327
5185808
260840892
35159325
23667589
43827326
17670520
8975006
6014388
2914784
2914784
10267755
8975006
8975006
10267755
28686866
6014388
8975006
13145853
157861762
47245174
28686866
36675301
28686866
32923964
36306317
17670520
13466803
173359392
5542710
13145853
10267755
17590659
37528796
338544
338544
2914784
5185808
8975006
338544
5185808
13645545
13645545
338544
157861762
13145853
111576944
36306317
56378045
36306317
38548362
17670520
338544
161085211
10267755
23667589
130617694
33722904
63773632
17590659
23667589
5185808
53119323
28686866
98083492
2914784
10267755
23667589
35159325
13645545
13145853
20276214
20276214
338544
14772855
18135124
13466803
5542710
338544
125003300
5542710
338544
10267755
28686866
48500479
54466591
5185808
338544
33722904
85467784
5185808
6014388
13145853
53119323
28686866
326760813
13145853
17590659
5542710
41458709
28686866
5185808
20276214
38548362
35159325
13145853
37578334
10267755
5542710
338544
5542710
37578334
36675301
338544
28686866
13145853
28207781
5542710
4918789
10267755
5185808
13145853
338544
987430684
338544
20276214
21846649
93213775
32923964
28686866
5185808
35159325
13645545
10267755
13466803
5185808
13466803
663013037
32516987
332921120
33722904
36425828
338544
338544
338544
340414195
5185808
1373772
338544
5542710
32067503
17590659
21846649
5542710
32067503
35159325
5185808
13645545
28686866
41458709
5542710
36675301
5542710
5185808
338544
17590659
50364404
33722904
100396736
20276214
64888677
13645545
338544
36675301
338544
5542710
28361061
36306317
13466803
33722904
28207781
10267755
5542710
5185808
18135124
85467784
5542710
1373772
338544
37578334
10267755
338544
10267755
36306317
5542710
5542710
4918789
37578334
5542710
33722904
338544
10267755
338544
17590659
45935811
35159325
527509940
5542710
338544
28686866
5542710
17590659
36676953
87492690
5542710
2125977
79051327
1373772
36306317
2125977
2125977
65168946
38548362
17590659
5542710
5542710
683412491
190593436
36675301
5185808
5185808
177436927
10267755
338544
5185808
185152528
17590659
1373772
5542710
17670520
20276214
5185808
91588879
32516987
5542710
46066935
2125977
217887761
24892243
5185808
2125977
10267755
1373772
2125977
13466803
2125977
338544
48905041
28686866
338544
269820272
28686866
2125977
5185808
32067503
85467784
2125977
43478335
338544
17670520
2125977
17670520
17590659
36675301
5542710
5542710
24892243
18135124
17670520
17670520
59507247
5542710
17590659
18135124
14560455
38548362
4918789
60538320
41356262
55883750
5449354
32516987
2125977
87492690
48313770
5185808
36675301
14560455
17670520
24892243
99983396
24892243
10267755
41458709
13645545
17590659
17670520
692862095
10267755
36425828
41458709
17590659
14560455
2125977
2125977
5185808
17590659
29608847
48905041
33722904
10267755
5542710
5185808
10267755
35159325
5542710
10267755
57100717
893019990
56378045
14560455
10267755
5542710
13466803
33722904
18135124
5542710
37578334
18135124
1373772
36425828
2125977
35159325
2125977
94150658
10267755
10267755
5185808
24892243
24892243
24892243
24892243
59507247
10267755
10267755
32067503
21846649
33722904
43478335
36306317
5542710
2125977
14560455
24892243
5542710
36306317
5542710
24892243
28361061
1373772
35159325
5542710
24892243
4918789
36425828
5542710
10267755
17590659
24892243
18135124
187204736
14560455
63933711
73221649
14560455
10267755
5185808
32067503
17670520
1373772
10267755
6014388
555159066
5542710
17590659
5542710
10267755
17590659
17590659
13466803
19632712
55883750
35159325
24892243
41392299
36306317
1373772
6014388
2125977
36306317
5185808
14560455
10267755
19632712
24892243
5185808
33722904
18135124
20517513
17590659
20517513
20276214
33722904
6014388
18135124
38548362
36425828
166168102
5185808
36306317
19632712
2125977
6014388
17590659
24892243
18135124
5542710
32067503
37578334
17590659
2125977
14560455
17670520
21846649
5185808
5542710
13466803
17670520
5185808
32067503
19632712
5185808
41458709
5185808
46066935
5542710
143714757
3907904
89067779
73221649
18135124
289892060
10267755
20276214
35159325
17590659
550482971
5185808
20276214
44836591
10267755
33722904
24892243
56378045
24892243
5542710
3907904
24892243
18135124
2125977
2125977
20517513
28207781
13466803
10267755
5185808
2125977
5542710
5185808
4918789
24892243
5542710
588168339
33722904
77980827
14560455
5542710
13466803
2125977
13466803
19632712
10267755
35159325
13466803
35159325
5542710
20276214
18135124
5542710
29346533
756114802
5542710
14560455
73221649
19632712
41356262
63773632
5185808
10267755
12636433
12636433
24892243
5542710
19632712
5542710
79051327
5542710
17590659
1373772
17670520
1373772
18135124
17590659
12636433
189415354
5185808
5185808
17670520
17590659
5542710
6014388
17590659
12313023
24892243
12636433
1373772
52642646
21846649
13466803
63773632
12313023
5542710
20517513
2125977
18135124
3907904
6014388
6014388
5185808
10267755
36371250
52642646
52268377
2125977
12313023
12313023
21846649
10267755
36371250
79051327
1373772
14560455
222123164
5542710
17590659
5185808
29612360
10267755
99148883
10267755
28207781
5542710
5542710
2125977
2125977
2125977
687478175
12636433
1373772
36306317
36306317
24892243
139744834
6014388
2125977
28207781
18135124
18135124
12313023
56378045
21846649
63773632
49806997
2125977
17670520
2125977
5185808
17590659
57100717
2125977
36306317
10267755
36523485
2125977
10267755
17590659
67999819
10267755
33722904
5542710
36306317
14560455
17670520
12313023
5185808
5185808
5542710
130617694
41458709
14560455
12636433
53399982
150890602
14560455
12636433
12313023
2125977
2125977
67288753
2125977
52268377
2125977
17590659
56378045
5542710
1373772
52268377
2125977
17590659
10267755
14560455
2125977
20517513
5185808
21846649
12636433
17670520
36371250
36700028
12313023
10267755
10267755
35300312
5542710
12313023
5542710
1373772
1373772
65991861
5185808
5542710
36306317
147098625
9542940
10267755
2125977
36700028
20276214
17670520
12636433
104866695
45935811
2125977
18135124
5542710
17590659
5542710
66730176
10267755
10267755
12196193
17590659
79051327
41458709
12636433
65991861
29612360
38548362
44317340
12196193
18611819
10267755
9542940
14560455
52268377
33722904
17590659
12313023
53119323
18135124
36523485
36306317
29612360
53119323
36371250
35539059
14560455
2125977
29612360
17590659
36700028
5185808
5542710
17590659
36677918
41458709
5185808
5185808
14560455
5185808
10267755
17590659
2125977
444491833
5185808
1373772
2125977
52268377
18611819
56378045
5185808
10267755
5542710
5542710
5185808
18135124
18135124
29612360
36523485
53119323
12313023
2125977
17670520
243024616
29612360
57100717
179671795
76376384
20276214
10267755
90152444
111785176
41458709
12313023
12636433
17590659
10267755
2125977
18611819
28361061
10267755
33722904
12313023
12313023
17590659
65991861
5542710
51983927
5185808
8782180
12313023
5185808
2125977
10267755
73409941
8782180
5542710
33722904
5542710
12313023
10267755
45935811
5185808
29608847
17670520
8782180
5185808
12636433
8782180
8782180
8782180
5542710
17670520
5185808
12313023
288442409
8782180
8782180
12313023
67288753
38548362
5185808
51983927
17590659
5185808
36523485
5185808
191186628
2125977
104866695
17590659
8782180
5542710
12313023
17590659
38548362
36523485
8782180
10267755
33722904
5185808
52268377
8782180
5185808
2125977
5185808
8782180
10267755
2125977
12313023
36371250
5185808
18611819
41458709
173032650
5185808
38548362
14903975
8782180
10267755
191244372
12313023
14903975
5542710
7592138
10267755
18611819
5185808
120564760
5542710
29612360
21846649
2125977
5542710
7592138
33722904
8782180
2125977
8782180
7592138
7592138
2125977
17590659
8782180
539605979
10267755
8782180
15004784
167216203
7592138
8782180
5185808
96119592
41458709
5185808
17590659
15004784
35539059
8782180
189571831
5542710
5185808
32923964
2125977
10267755
416109162
12313023
5542710
5185808
5542710
5542710
29612360
14903975
5185808
75010149
25437526
5542710
17590659
2081840
105132303
29346533
2081840
51983927
2081840
12313023
15004784
14560455
21846649
7592138
93472410
5542710
2081840
35539059
52268377
5185808
29608847
5542710
21846649
2125977
28207781
5185808
41458709
5185808
103622543
8782180
7592138
2125977
41458709
9287993
8782180
7592138
7592138
2081840
8782180
5185808
125003300
2081840
5542710
5542710
29346533
17590659
9287993
5185808
5542710
8782180
5376703
127929577
53119323
5185808
104866695
31909583
5376703
2081840
5376703
73409941
5376703
56378045
7592138
8782180
5542710
33722904
7592138
2125977
810479313
9287993
125434962
75010149
5376703
5227719
5376703
8782180
14560455
2125977
18611819
1373772
5227719
2125977
8782180
498184060
5227719
5227719
5227719
275721376
31909583
31909583
17590659
2081840
5227719
5376703
31909583
5227719
1373772
5185808
29612360
29612360
29612360
14560455
2125977
8782180
25437526
631816354
5542710
1373772
3676117
2125977
5376703
5185808
386345381
5376703
5227719
217887761
5542710
59507247
28643073
3676117
2125977
36306317
14560455
5376703
14560455
35539059
36677918
10267755
1373772
9287993
5376703
18570221
3676117
5185808
5185808
36306317
18570221
48993355
5376703
3676117
5185808
7592138
643822039
38548362
10267755
10020006
2081840
12475406
12475406
12313023
2125977
5376703
8782180
56357944
12313023
2125977
2125977
8782180
5227719
5185808
304059898
2125977
5227719
8782180
5376703
5542710
52268377
144879768
1373772
12475406
524721051
5185808
5376703
5227719
67662019
12313023
5227719
59507247
1373772
20276214
5376703
1373772
5185808
5227719
29346533
5227719
5376703
52268377
5227719
5376703
2125977
5185808
5376703
5376703
5227719
2081840
15779661
3676117
5227719
261798009
31909583
18570221
2125977
3676117
5185808
5227719
2125977
2081840
5376703
105962767
2125977
3676117
9287993
3676117
5376703
3676117
5376703
5376703
5185808
5376703
18570221
5227719
5185808
5376703
9287993
2081840
5376703
149650755
3676117
193541
28643073
193541
20276214
5542710
12313023
5185808
14903975
15779661
12313023
5376703
7592138
21150674
14560455
460645269
5227719
3676117
3676117
36371250
59507247
3676117
10020006
3676117
5376703
57415478
17590659
5542710
5542710
46889136
48993355
3676117
14560455
193541
65991861
5376703
2125977
52268377
3676117
51983927
46889136
3676117
29612360
5376703
3676117
14560455
14903975
3676117
5542710
8782180
193541
12313023
193541
5185808
36371250
46066935
102906639
29612360
181180928
2125977
193541
46889136
3676117
15779661
2081840
1373772
10723156
5185808
5185808
193541
193541
2081840
10020006
193541
2125977
5227719
33722904
8782180
7592138
193541
3676117
48993355
2125977
5185808
3676117
12313023
2125977
5185808
2125977
5227719
5227719
5227719
72448274
5542710
193541
3676117
193541
5376703
5185808
33722904
8782180
5185808
5376703
193541
8782180
193541
5185808
193541
5376703
7592138
193541
2125977
5227719
5542710
3676117
2081840
10258024
14560455
5376703
52268377
5227719
1373772
5227719
810756153
5227719
2125977
33722904
5227719
5227719
7592138
45654637
193541
46889136
2125977
57415478
8782180
7592138
5227719
20276214
5185808
145652463
5227719
2125977
5376703
5227719
2081840
9287993
166168102
2125977
5227719
2081840
14560455
5376703
12313023
135535544
56832913
5185808
193541
5185808
12313023
5376703
12313023
5542710
50364404
18570221
8782180
8782180
59507247
564988924
8782180
144879768
165374160
5185808
5185808
102906639
29346533
73941794
36371250
36371250
193541
5376703
17590659
29608847
193541
2125977
12313023
193541
193541
35539059
5376703
81371748
35539059
5376703
5227719
193541
35055340
15779661
1774346
2125977
5376703
123131020
5376703
9287993
67310452
51983927
67798900
193541
5227719
5227719
2125977
193541
10258024
7592138
9571645
2081840
5185808
1774346
12475406
5227719
67798900
2081840
5185808
193541
2125977
8782180
2125977
5185808
2125977
5376703
54466591
2081840
2125977
12257512
193541
2125977
49806997
12475406
93472410
150890602
187664096
59507247
193541
330281731
1774346
5185808
5185808
2125977
10020006
7592138
53399982
1373772
5227719
52268377
1774346
5185808
12313023
67798900
5227719
5376703
1774346
7003081
5227719
5601632
5601632
10267755
10267755
49806997
428646621
137467230
5376703
5227719
9571645
21509346
5227719
2125977
5601632
14560455
5601632
2125977
5601632
5376703
14560455
2081840
5185808
5227719
90831974
5185808
5227719
12257512
7592138
12313023
5376703
7003081
5376703
5376703
5601632
2125977
182412722
2081840
3907904
8782180
21509346
7592138
5376703
12257512
5185808
2125977
5185808
10267755
57640110
5376703
10258024
74865477
5601632
2125977
15779661
2125977
2081840
36306317
73409941
5376703
28207781
5601632
7592138
1373772
7003081
5185808
12475406
10258024
99785333
7592138
7003081
7592138
5185808
7592138
128922829
17590659
670950094
32516987
56378045
15779661
10267755
12257512
5185808
5601632
72448274
67798900
1373772
10267755
5185808
6707335
1373772
6707335
230942302
12257512
36677918
7592138
12313023
5185808
5601632
7592138
5601632
14560455
2125977
2081840
2125977
5376703
5185808
2125977
2125977
12313023
5376703
5376703
5497735
5376703
35055340
2125977
14560455
2125977
6707335
5376703
9571645
2081840
5497735
12313023
5497735
5601632
32516987
5376703
5601632
2081840
2125977
168068818
2081840
5497735
56832913
5185808
2125977
5376703
5497735
5185808
5185808
17590659
10267755
36677918
54466591
2081840
5376703
9571645
10267755
12313023
12257512
5601632
5376703
12313023
10267755
1373772
67310452
2081840
1373772
5376703
5015519
10267755
2125977
7003081
32516987
5376703
5376703
2081840
5497735
54466591
9571645
2125977
46066935
114086932
36306317
18570221
5601632
120564760
131268235
295090550
28207781
5015519
7592138
12475406
420221
36306317
15779661
5497735
7592138
7592138
7003081
5015519
7003081
107376694
5376703
1373772
5015519
68987724
5601632
7003081
33722904
52268377
420221
5376703
5497735
18570221
2081840
5601632
172096475
420221
9571645
420221
5376703
5601632
2125977
420221
5015519
5601632
12475406
2125977
14560455
9287993
12257512
5497735
5601632
12475406
5376703
59507247
15779661
420221
5376703
2125977
5497735
9571645
420221
5015519
2125977
12257512
36306317
5497735
5601632
6707335
2125977
2125977
47742323
7592138
10267755
18570221
15779661
12257512
94150658
5376703
67288753
44810346
12313023
5601632
5601632
420221
33722904
5376703
5497735
5376703
5015519
420221
7003081
7003081
420221
2125977
5015519
9287993
133403067
5015519
28207781
5497735
9571645
36677918
920983062
9287993
5601632
420221
5601632
2125977
8030100
33722904
5015519
5015519
5601632
5497735
5601632
12257512
177126200
420221
14560455
2081840
7592138
6707335
10258024
10267755
9287993
10258024
5601632
5601632
5376703
2081840
74865477
5376703
5376703
5376703
420221
5015519
5601632
15779661
2125977
2125977
5601632
5497735
36371250
5497735
2081840
2081840
54466591
5497735
6707335
420221
7592138
49806997
14560455
5015519
5601632
2081840
1373772
5376703
12313023
5497735
36677918
44810346
5376703
5497735
420221
10267755
2125977
1373772
5601632
2125977
5376703
5376703
5015519
2081840
36371250
5497735
5015519
5376703
36306317
33722904
420221
5015519
2125977
5376703
5497735
420221
120564760
5015519
420221
5497735
8030100
420221
5497735
2125977
5376703
7003081
89389016
5601632
1373772
5015519
7003081
420221
2125977
2081840
5497735
5376703
5497735
10020006
420221
420221
47742323
12313023
5601632
2125977
5601632
5015519
33722904
420221
5376703
420221
55683021
5376703
29346533
7592138
7003081
165365111
5376703
2081840
5015519
9571645
14560455
12313023
12313023
2125977
51983927
420221
5497735
33722904
1373772
10267755
5376703
2125977
5497735
5497735
200706949
2081840
5497735
8030100
59507247
7003081
14560455
35055340
702423251
420221
5376703
5376703
5497735
420221
5601632
33722904
5015519
36371250
39531028
420221
15779661
5601632
3907904
7592138
9287993
17590659
5376703
36306317
7003081
337286
9287993
5601632
420221
5601632
49806997
5497735
7592138
5601632
17590659
1373772
95540331
9287993
9287993
7003081
5376703
5601632
56832913
17590659
1373772
5376703
9269153
59507247
5601632
5497735
420221
5497735
74865477
420221
5497735
67310452
2081840
2081840
10258024
5376703
7003081
5601632
10258024
420221
5601632
420221
420221
162220466
5601632
57730953
5497735
29248864
5601632
10267755
5497735
929924801
28207781
190636312
8030100
8030100
8030100
5376703
15779661
8030100
10267755
49806997
7003081
420221
5480377
8030100
29248864
10258024
5601632
15779661
1373772
7003081
10267755
5376703
420221
337286
2081840
15779661
5497735
9287993
7003081
7003081
5601632
188149286
2081840
7003081
5376703
62671714
5601632
5497735
5601632
39531028
2081840
5376703
2081840
8030100
56832913
5376703
35055340
420221
5497735
9571645
5376703
5376703
52609142
8030100
12313023
29856479
57730953
9269153
5497735
5601632
12257512
9571645
12758775
5497735
5497735
5376703
5497735
5497735
5376703
167216203
140297635
7003081
420221
8030100
2081840
8030100
5376703
420221
20038423
337286
5497735
9287993
12758775
114086932
420221
5497735
5601632
5376703
71927281
420221
62671714
550482971
9571645
128922829
8030100
1373772
5376703
34627646
337286
9269153
7003081
17590659
5376703
81103871
5601632
337286
7003081
15779661
35055340
420221
5601632
8030100
2081840
887668979
5376703
12758775
36677918
420221
2081840
337286
5376703
12758775
123288402
5497735
9287993
7003081
5601632
137467230
10267755
2081840
5376703
12257512
5497735
420221
53155307
5376703
36677918
5601632
420221
5376703
27390094
337286
420221
64284910
100691907
5601632
9287993
12257512
5601632
5601632
420221
5376703
12257512
15779661
12257512
7003081
5601632
5497735
5497735
8030100
5601632
5376703
9269153
10267755
9287993
420221
45654637
15779661
5497735
7003081
420221
12257512
49806997
5601632
337286
1373772
1373772
5376703
235744211
12313023
12313023
5376703
12758775
80889049
4359059
964338537
337286
12758775
10267755
2081840
4359059
93203205
420221
8030100
5497735
8030100
12257512
5601632
420221
5497735
5376703
5497735
12257512
12313023
4359059
80889049
4359059
337286
135600176
9287993
5376703
4359059
5497735
420221
8030100
7003081
3533951
337286
7003081
5497735
420221
5376703
337286
5497735
4359059
5601632
420221
5601632
420221
420221
420221
420221
4359059
55683021
20038423
5601632
89389016
5497735
12313023
8030100
81530451
420221
8030100
5601632
337286
3533951
472376
420221
5601632
45654637
5601632
5376703
9287993
5497735
5497735
10267755
8619354
5601632
26817439
5376703
56824440
70898615
3533951
28324367
5376703
67310452
150863312
4359059
5376703
5601632
1373772
420221
91559981
7003081
4359059
420221
1373772
420221
5376703
472376
3533951
26817439
420221
7003081
10267755
5497735
12257512
12257512
5376703
3533951
87199520
8619354
12758775
420221
420221
51983927
472376
3533951
4359059
44810346
8619354
3533951
5601632
5601632
29346533
1373772
5376703
5376703
10267755
5601632
3533951
5376703
8030100
472376
5376703
57730953
420221
9269153
4359059
420221
472376
9287993
68268049
4359059
5601632
472376
5497735
9269153
128922829
7003081
5497735
472376
15779661
8619354
7003081
5376703
420221
97232325
420221
67325863
5497735
5601632
17185857
5601632
9269153
5376703
337286
4359059
8619354
9287993
4359059
12313023
472376
62671714
4359059
10267755
3791755
337286
48243601
12313023
10267755
5497735
36677918
5497735
5497735
7003081
5376703
15732205
165047144
4359059
93203205
3533951
4359059
5376703
78551711
150863312
10267755
69829980
5376703
1373772
12257512
3533951
17393757
4359059
30492571
4359059
472376
52362656
5376703
5376703
3533951
26880175
3533951
3533951
4359059
5376703
5376703
15732205
39531028
55683021
337286
3533951
420221
420221
5376703
62671714
337286
891603
48243601
8030100
4359059
5497735
4359059
56824440
920764369
5497735
3533951
7003081
89389016
16464014
8619354
3907904
5497735
15779661
5376703
279667617
9269153
9287993
17393757
3533951
297641066
420221
12313023
891603
67325863
5497735
16836420
10267755
5497735
420221
420221
5376703
1373772
87064310
420221
5376703
5497735
420221
5376703
8619354
55683021
5376703
261246357
5376703
891603
325395438
55978472
3533951
230637603
891603
82444896
891603
3533951
5601632
420221
41363849
891603
61542492
5601632
12257512
16836420
420221
1097711
1097711
5601632
420221
1097711
420221
891603
3533951
891603
627016469
71927281
420221
8030100
30854035
93203205
69829980
4359059
17185857
420221
1097711
4359059
1044337
1044337
3533951
420221
68268049
513290496
29856479
1097711
891603
69829980
8619354
226132643
4359059
1097711
420221
1044337
891603
3533951
93203205
4359059
1044337
891603
1097711
9287993
337286
12257512
66669108
5601632
337286
48243601
4359059
7003081
1373772
48243601
3533951
17185857
891603
891603
1097711
430765597
1044337
1097711
891603
5601632
1044337
4359059
891603
5601632
7003081
150482929
337286
1097711
7003081
8030100
16836420
891603
12758775
1097711
10267755
5376703
5497735
891603
27546832
891603
7003081
337286
5497735
891603
1044337
4359059
8030100
1097711
1097711
62671714
5601632
3533951
891603
1097711
12257512
7003081
12758775
4359059
3533951
1044337
891603
51983927
26817439
5376703
26880175
12257512
891603
1044337
7003081
149887994
28324367
5376703
27546832
4359059
9269153
69829980
55978472
15732205
5497735
4359059
1097711
5376703
30492571
9269153
5376703
337286
337286
891603
337286
4359059
38152585
16836420
891603
5601632
200302546
1097711
5497735
1044337
5376703
1044337
4359059
3533951
4359059
1044337
5497735
61542492
3533951
80889049
226272921
7003081
32516987
3533951
1097711
1044337
1044337
1044337
230591929
337286
1044337
1044337
19093601
15779661
9269153
4359059
1044337
1044337
3533951
1097711
4359059
9269153
1097711
5376703
1097711
8030100
1044337
4359059
337286
891603
3533951
4359059
9785357
1097711
7003081
891603
4359059
12313023
1044337
5497735
53155307
4359059
891603
5601632
4359059
3907904
4359059
7003081
5497735
388242602
7003081
27546832
1097711
1044337
4359059
1044337
5601632
135600176
4359059
15779661
5601632
30854035
9287993
15732205
9287993
261246357
150482929
15779661
1097711
114528140
1044337
81530451
67310452
5497735
15732205
40888848
38919861
10267755
4359059
891603
891603
8030100
5497735
1097711
465778717
9785357
69829980
337286
12758775
30854035
7003081
1044337
7003081
12313023
9705869
7003081
7003081
9269153
1097711
1044337
1044337
110825212
17393757
5601632
1044337
1097711
891603
1097711
1044337
125069510
337286
55683021
1044337
891603
891603
5601632
4359059
15732205
5497735
9705869
191104738
9269153
5497735
45654637
4359059
1044337
5601632
30854035
30492571
17185857
9705869
1044337
5601632
4359059
400114828
1044337
7003081
1097711
1044337
337286
67310452
19093601
1097711
248307566
891603
1097711
891603
9705869
5497735
4359059
7003081
9287993
5497735
15732205
7003081
6037815
44810346
13685396
1097711
28594953
1097711
337286
26880175
5601632
891603
5601632
12313023
5601632
891603
1097711
5497735
5601632
891603
1097711
5497735
1097711
7003081
44419833
17185857
4359059
10020006
5601632
5601632
891603
4359059
891603
83350937
12313023
27546832
891603
1044337
1044337
7003081
1097711
15779661
81103871
337286
1097711
17393757
1097711
337286
5497735
5497735
337286
9814364
5601632
5497735
15779661
9814364
55683021
66828521
17393757
337286
5497735
9269153
9269153
337286
9287993
9814364
5601632
19933078
1097711
7003081
28324367
4359059
100691907
7003081
5601632
13685396
1044337
13685396
5497735
5497735
18551108
5601632
51983927
7003081
1044337
1044337
9814364
1044337
710086158
13685396
1097711
17185857
1097711
10020006
16836420
1044337
1097711
5497735
5497735
58921401
5497735
27546832
172260215
4359059
5497735
5601632
104461632
4359059
123288402
9814364
9814364
1044337
8030100
5497735
8030100
9814364
4359059
9287993
5601632
13685396
10020006
9814364
63624680
1044337
8030100
63636263
5497735
5497735
5497735
5601632
1044337
44810346
1097711
5497735
5497735
27284908
17393757
10020006
5497735
4359059
5497735
8030100
7003081
194888610
1097711
111729641
1044337
18310320
5601632
5601632
17185857
7003081
8030100
18551108
1097711
5497735
8030100
4359059
80873658
9269153
9269153
4359059
8030100
4359059
1097711
4359059
4359059
34605355
9269153
9814364
934337535
9814364
1044337
12758775
5497735
230637603
1097711
40888848
5601632
17393757
17185857
4359059
27284908
44419833
1097711
1044337
5497735
5497735
18310320
32516987
5497735
4359059
1097711
9287993
68980466
281826158
4359059
5601632
5601632
337286
67986214
1097711
12813636
15779661
9814364
1097711
670950094
15779661
13685396
337286
4359059
8030100
5601632
1097711
337286
5601632
5497735
5601632
35686879
87064310
144680634
1097711
5497735
65661008
1097711
30492571
12758775
19093601
27284908
16836420
4359059
5497735
1097711
4526152
9814364
13685396
195042846
5497735
9287993
267811081
57596
57596
4359059
44419833
1097711
57596
67999819
609081553
13685396
13685396
4526152
17393757
4526152
5497735
57596
57596
12758775
8030100
4526152
10020006
19093601
8030100
4359059
9785357
12813636
337286
12758775
7003081
1097711
12813636
104866695
34605355
4526152
5601632
57596
57596
12758775
18310320
57596
57596
44810346
9814364
7003081
83350937
4359059
1097711
5601632
5601632
4526152
1097711
7003081
35686879
5497735
57596
7003081
4359059
1097711
16836420
65661008
12313023
1097711
4359059
5497735
12313023
57596
12313023
13685396
337286
13685396
4526152
4359059
17185857
337286
4359059
657604164
5497735
160207427
2305492
57596
2305492
57596
4526152
91559981
12758775
55561894
2305492
17393757
4359059
4359059
1097711
12758775
337286
57596
12758775
1097711
4526152
12616412
57596
30492571
4526152
19093601
57596
2305492
57596
1097711
1097711
4526152
2305492
4359059
57596
13685396
5601632
28594953
2305492
7003081
4359059
4359059
5497735
149887994
12313023
337286
97453791
40888848
21164420
19093601
230074312
4359059
1097711
57596
37997713
46945105
17858976
4359059
12313023
30270003
154638183
958165480
100445259
4526152
32516987
4526152
1097711
67986214
337286
1097711
4526152
4359059
57596
12758775
135600176
12758775
57596
4526152
9814364
57596
2305492
7003081
7003081
27284908
57596
2305492
1097711
807127031
5601632
135099840
17858976
2305492
57596
1097711
12758775
9785357
4526152
5497735
16836420
4359059
28324367
337286
680850534
2305492
2305492
4526152
7003081
16836420
17393757
2305492
44419833
1097711
1097711
337286
153142243
1097711
19093601
12813636
1097711
44419833
4526152
15779661
9287993
2305492
337286
12813636
4359059
4359059
27570683
5497735
17858976
12813636
337286
20541870
5497735
7003081
2305492
337286
17858976
337286
1097711
9287993
9814364
4526152
2305492
4359059
4359059
4526152
5497735
17071318
1097711
4359059
12616412
12813636
5497735
7003081
4526152
149887994
4359059
5497735
1097711
2305492
12758775
5497735
7003081
18310320
12813636
4359059
100445259
18310320
4526152
17393757
28324367
97232325
12758775
17071318
30492571
36677918
12758775
4526152
9785357
1097711
4359059
2305492
9814364
5497735
166999236
4359059
12758775
51983927
4359059
16836420
35686879
2305492
4526152
4526152
17858976
79966588
4526152
4359059
4359059
1097711
17393757
337286
4359059
4359059
27627584
1097711
28324367
135600176
5497735
12313023
12313023
31548178
4526152
123142328
4359059
30401650
4526152
37997713
31548178
1097711
12758775
4526152
28594953
2305492
9287993
19093601
4526152
109179441
4359059
2305492
85214427
4526152
2305492
4526152
30270003
12758775
9287993
30270003
9814364
1097711
4526152
5497735
12758775
4526152
68980466
12758775
12616412
5497735
16836420
5497735
4526152
1097711
5497735
1097711
93203205
4359059
4359059
166999236
4526152
89067779
12758775
4359059
4526152
4526152
4526152
4526152
5497735
4526152
17393757
5497735
5497735
4359059
68980466
30492571
4359059
17071318
4359059
1097711
35621174
17393757
16836420
4526152
31310024
9814364
4526152
12758775
3059889
1097711
4730081
17858976
4359059
525262283
9287993
17393757
1097711
4359059
17858976
30270003
5497735
3059889
9814364
2305492
4526152
15779661
12758775
2305492
5497735
3059889
337286
3059889
30270003
12616412
4526152
17071318
12758775
2305492
743653100
17071318
17071318
4359059
84730974
12758775
17071318
2305492
5497735
3059889
2475800
43892079
2475800
4526152
152730986
114528140
43892079
8656762
347046700
19093601
3059889
4526152
2305492
4359059
17071318
55411764
2475800
2305492
546480531
3059889
1097711
40888848
37997713
17071318
28324367
4359059
17858976
2305492
150863312
9814364
3059889
97232325
2475800
15779661
4526152
2305492
337286
16836420
17071318
3059889
2475800
2475800
337286
1097711
1097711
1097711
4359059
16836420
12758775
1097711
4526152
12813636
93203205
9287993
5497735
2475800
44419833
55561894
12813636
17393757
15779661
2475800
19093601
559040
30270003
1097711
559040
1097711
3059889
4526152
17393757
12758775
1097711
12556987
12616412
31548178
2475800
17071318
559040
559040
3059889
3059889
559040
4526152
12556987
44419833
559040
106630844
5497735
1097711
559040
2305492
2475800
12556987
12813636
559040
4730081
22178515
1097711
12813636
30270003
22178515
3059889
2475800
559040
2475800
19093601
3059889
559040
1097711
2305492
55411764
31548178
169640919
12616412
2305492
30270003
27284908
1097711
3059889
3059889
12556987
1097711
107217739
3059889
4730081
2305492
559040
63624680
1097711
84730974
9287993
38305518
17858976
248598438
3059889
30270003
4730081
4526152
40888848
28324367
9814364
4526152
559040
19093601
2475800
22178515
27284908
559040
559040
8656762
559040
18310320
17393757
2475800
1097711
3059889
19093601
28324367
79966588
9287993
1097711
1097711
559040
19093601
559040
27284908
2305492
1097711
2475800
1097711
15779661
17393757
1097711
38305518
356568003
74799065
5497735
1097711
3059889
38305518
61892450
16836420
2305492
8656762
1097711
97908577
3059889
12556987
4526152
1097711
5497735
18229126
104071970
4526152
9287993
8690165
2475800
4526152
12813636
18212881
11640644
11546082
4526152
18229126
1097711
12758775
2305492
2305492
2475800
1097711
4526152
4730081
2305492
12758775
2475800
4526152
1097711
11640644
3059889
12813636
3059889
639690922
19093601
11640644
93171554
559040
5497735
1097711
5497735
559040
3059889
3059889
61542492
2305492
11546082
18229126
559040
31010148
8690165
11546082
36677918
37680896
19093601
8690165
11640644
8656762
3059889
3059889
9287993
2475800
2475800
1097711
29098184
3059889
1097711
2305492
34605355
1097711
2475800
15779661
4526152
2475800
3059889
11640644
44419833
3059889
559040
8690165
30270003
8690165
244875996
559040
32516987
23687075
559040
17858976
3059889
10020006
2305492
2475800
8690165
8690165
16836420
2305492
2305492
302113763
30492571
4526152
2475800
1097711
11640644
559040
31010148
1097711
34605355
22178515
5497735
31010148
2305492
30492571
559040
12758775
9814364
3059889
38919861
19093601
18212881
52251590
12758775
15779661
559040
3059889
12556987
4526152
11640644
2305492
2475800
12556987
4526152
3059889
2475800
559040
10020006
12556987
4730081
3059889
8603151
3059889
30492571
3059889
3059889
2305492
17393757
9287993
42133537
34605355
44419833
3059889
3059889
23687075
38305518
4526152
8690165
16911691
559040
4526152
2475800
34605355
8690165
9814364
31010148
8603151
2475800
4526152
9814364
2475800
2475800
4526152
12758775
255866268
559040
93171554
12556987
4526152
12313023
12758775
8690165
2475800
5497735
5497735
2475800
4526152
2475800
4526152
64289067
559040
2305492
2475800
30916297
2305492
4526152
5497735
15779661
28324367
2305492
12758775
12556987
17393757
5497735
5497735
12758775
5497735
12556987
10891257
4526152
10891257
34827234
2475800
73206137
82413566
79966588
8690165
16911691
16911691
186721648
37997713
280654397
12556987
12758775
32516987
559040
27918899
2305492
559040
35686879
5497735
559040
12758775
4526152
10891257
2475800
559040
4526152
5497735
70701705
44419833
8690165
19093601
2475800
5497735
9287993
5497735
9287993
38919861
10891257
559040
18310320
73206137
12758775
12758775
837794435
9814364
8690165
4526152
8603151
12758775
5497735
27918899
38919861
559040
4526152
2475800
2305492
10891257
531691305
16836420
2475800
559040
12758775
559040
30492571
5497735
9287993
559040
112561130
30916297
8603151
249363132
559040
18229126
16911691
2305492
457440196
28324367
18229126
4730081
17393757
30492571
12556987
135099840
16836420
16836420
34561054
2305492
12556987
2475800
18229126
4526152
18229126
11546082
61892450
4526152
2305492
2305492
12556987
8603151
559040
12556987
30916297
2305492
11546082
2475800
18212881
107217739
143059076
2305492
30916297
4526152
2475800
2305492
8603151
2475800
2475800
75567719
30916297
38919861
17393757
4526152
457440196
5497735
4526152
5324822
559040
2475800
8690165
116756760
559040
2475800
2305492
2305492
2305492
2305492
4526152
10149231
2475800
18212881
8690165
9287993
4526152
37997713
16836420
4526152
559040
2305492
14956876
550669963
5497735
18229126
559040
30916297
41744124
17393757
87035060
14956876
17393757
2305492
12313023
19349032
2475800
2475800
17393757
4526152
16836420
5497735
559040
559040
4526152
16836420
89067779
4526152
8690165
5497735
42133537
2475800
4526152
559040
18310320
4526152
30916297
559040
2305492
8603151
4526152
90231743
36677918
30916297
559040
99518229
559040
559040
12556987
8603151
2305492
8603151
119520626
162798083
4526152
15779661
2305492
2475800
30492571
4526152
2305492
2475800
38919861
99518229
559040
61531401
85214427
101701971
34561054
559040
5497735
4526152
2475800
12556987
2475800
61531401
559040
17393757
4526152
4526152
2475800
64289067
4526152
2475800
5497735
90036809
38919861
16836420
184558329
2475800
2305492
2475800
2475800
12313023
2305492
5497735
559040
5497735
12556987
2475800
12556987
18361320
4526152
5497735
559040
17393757
8690165
559040
5497735
4526152
559040
12556987
8603151
5497735
559040
559040
2305492
559040
12556987
559040
2305492
17393757
4526152
2475800
28324367
18229126
2475800
296654773
16836420
379026611
36677918
93440633
4526152
2475800
4526152
74695
2305492
12556987
22281097
2305492
22281097
43441634
5324822
2475800
559040
10891257
2305492
2305492
12313023
209270765
258541276
4526152
17393757
2475800
559040
5497735
2305492
66828521
5497735
16836420
5497735
74695
4730081
74695
5497735
10891257
43988982
9814364
9814364
2305492
2305492
559040
18361320
2305492
2305492
10020006
4526152
19349032
63569441
93171554
4526152
14956876
15779661
2475800
2305492
2305492
4526152
14956876
4526152
19349032
559040
14956876
4526152
326760813
135402370
559040
9814364
79693376
769081176
4526152
758592141
8690165
16836420
9814364
17393757
69415679
16836420
559040
74695
559040
282259186
559040
16836420
2475800
59805532
14956876
16836420
31310024
5497735
111729641
67325863
2475800
519793313
2475800
2305492
18361320
4526152
18361320
14956876
559040
43441634
2305492
17867273
10020006
2305492
8603151
12556987
8603151
8603151
18361320
559040
5324822
8603151
7459658
5324822
2475800
2475800
4526152
2475800
17393757
17867273
559040
247948520
14956876
12556987
8690165
4526152
17867273
19349032
74695
4526152
2475800
56867856
37997713
4526152
37997713
2475800
559040
36357602
9378359
2305492
2305492
4526152
99518229
42133537
28324367
9287993
559040
2305492
4526152
2475800
2475800
15779661
11546082
2475800
559040
4526152
4526152
7459658
17393757
2305492
4526152
34827234
2475800
8603151
559040
226272921
36357602
9657481
74695
7459658
7459658
220791188
38919861
74695
38919861
2475800
11500503
11500503
559040
2475800
559040
7459658
9287993
31684902
2305492
7459658
2475800
559040
86249906
9814364
61531401
50227169
559040
2305492
2305492
34827234
31684902
9287993
74695
15779661
8603151
5324822
2475800
531691305
855954544
50227169
2305492
11500503
2475800
18229126
11500503
2475800
46951740
2475800
2475800
2305492
11500503
7459658
2475800
12556987
9657481
9378359
2305492
17393757
12556987
31684902
4526152
5324822
8603151
18212881
288412307
695201650
12556987
9287993
9814364
8603151
85214427
12313023
18212881
8603151
559040
74695
345708555
7459658
8690165
9814364
15779661
9378359
2305492
9814364
18212881
9657481
14956876
9657481
17393757
17393757
61892450
8603151
19349032
17393757
345708555
559040
2305492
17867273
7459658
8603151
19349032
125949475
5324822
50227169
11500503
8690165
8690165
9850347
9657481
8603151
2475800
17867273
8603151
559040
19349032
4526152
12556987
7459658
