30203964
44386284
20114048
89531537
6778947
6209268
3524038
3517213
13145925
4979635
6209268
1960318
3524038
3524038
8934254
3524038
6209268
3517213
3524038
3968510
4898974
6209268
8901997
3517213
4898974
4979635
47298809
9400943
3524038
8934254
11686835
14399026
17652352
22227596
9400943
3517213
3524038
671275039
13187504
6209268
13951178
63929945
4898974
6778947
20114048
44386284
18181670
8760443
4898974
54673773
3524038
6209268
39389904
3517213
59092725
4898974
6778947
4898974
330924261
149913372
30203964
39357778
9400943
4898974
13187504
31753369
8760443
149902064
3517213
20114048
6778947
4898974
5472211
9400943
3524038
5472211
3517213
22227596
5472211
5472211
22227596
149913372
3517213
24774466
134935532
3524038
8760443
4898974
11686835
3524038
6778947
6778947
3517213
258790808
14814837
64540406
28963702
4898974
13187504
5472211
3524038
13138971
4898974
33385557
8901997
11686835
3517213
8901997
14399026
9400943
8934254
4898974
8760443
16143334
6209268
4898974
91556514
9400943
8934254
6209268
5472211
6778947
3524038
19281389
22227596
8760443
5472211
13138971
30203964
8934254
47298809
11686835
4898974
8934254
30203964
8901997
8934254
8934254
8760443
14814837
9400943
8760443
3517213
14399026
6209268
8760443
13138971
4979635
6778947
22227596
6778947
6209268
4898974
18181670
3524038
4898974
3524038
4898974
3524038
3517213
18181670
686414968
3517213
4898974
4898974
3524038
5472211
5472211
92052029
12915054
18181670
6778947
18181670
6209268
4898974
48177654
99893901
3524038
6778947
4898974
3524038
16143334
5472211
11686835
6209268
47298809
13187504
31453882
3524038
4898974
3524038
9163007
4979635
52327476
4898974
3524038
64540406
22227596
13187504
72021002
6778947
4898974
11686835
22227596
92052029
6778947
4898974
3524038
18181670
11686835
13187504
5472211
6778947
9400943
4898974
5472211
456840880
6778947
39903573
4979635
9163007
6778947
9163007
13187504
5472211
106799650
19281389
4898974
6778947
51326023
6209268
6778947
44386284
3524038
13187504
4898974
4898974
133157902
3524038
4979635
9400943
32788815
3524038
6778947
252359093
14814837
11686835
229620503
8934254
64540406
13138971
39389904
13138971
4898974
6778947
6209268
5472211
5472211
4979635
5472211
5472211
13138971
33385557
9400943
6778947
8934254
27225607
6209268
8934254
8934254
4898974
70222773
14814837
5472211
6778947
115388037
18181670
30203964
9163007
40718722
143715935
9163007
11686835
32943111
39389904
3524038
4898974
3524038
4898974
13187504
15214239
13187504
9400943
18181670
36025644
18181670
150911073
134651935
3524038
6209268
8934254
8934254
4979635
143614008
22227596
13138971
4898974
9927944
11686835
38445738
4979635
147609047
78887303
8934254
6209268
4898974
6209268
4979635
452850601
5472211
24774466
9400943
8934254
4898974
112035433
8934254
32943111
83650976
16143334
80424251
14814837
39466208
3524038
13186901
9927944
9400943
16143334
3524038
5472211
4979635
4898974
4898974
85683303
35692698
8934254
11686835
8934254
97937917
36142908
4898974
30203964
16143334
52907242
9400943
434037740
559410592
16143334
5472211
22227596
11686835
4979635
8934254
4898974
8934254
35633455
4898974
8934254
8934254
4898974
5472211
37994426
6209268
6209268
9400943
13138971
9927944
11686835
10446604
7395318
9400943
37994426
6209268
8934254
9163007
4898974
6209268
9163007
9927944
8163658
3524038
35336721
9400943
16143334
97234691
4979635
4979635
16143334
5472211
4898974
22653419
92052029
10446604
9927944
236739895
6209268
4898974
10446604
8934254
6209268
22529708
85560508
7395318
27225607
4898974
37314415
3524038
27225607
5472211
7395318
3524038
9400943
9400943
9927944
4979635
4898974
4979635
8934254
32022197
3524038
35633455
4898974
3524038
9400943
6209268
37314415
9163007
23640142
4898974
30203964
9927944
8934254
37314415
8934254
7395318
4979635
39903573
35735062
64540406
271119744
18181670
9927944
6209268
5472211
37314415
13138971
4898974
22529708
22529708
28963702
3524038
11686835
30203964
5472211
3524038
54673773
4898974
11686835
9400943
5472211
4588356
8934254
4979635
55562650
16143334
5472211
11686835
4588356
4588356
635925998
3524038
22529708
8934254
35336721
9163007
32788815
4588356
313832729
8163658
4588356
4588356
14814837
9163007
4588356
35633455
109076105
6209268
4979635
18181670
4588356
4588356
9400943
35735062
43450483
64613479
22529708
5472211
4588356
4588356
7395318
9927944
8934254
8934254
4588356
27225607
18788533
9163007
8934254
5472211
8934254
15214239
8934254
4588356
9927944
6209268
18181670
14814837
4588356
150911073
36142908
6209268
53155036
8934254
8934254
14814837
16011752
50674302
6209268
7395318
16143334
37154388
9163007
9400943
4588356
9400943
174841538
262521302
4588356
7395318
9927944
6209268
35633455
8934254
4979635
9400943
9163007
23640142
9163007
85560508
5472211
30203964
9400943
4588356
16143334
6209268
5472211
4588356
4588356
4588356
11686835
8934254
42870947
5472211
7395318
9163007
4979635
11686835
14814837
32943111
14814837
35735062
8934254
284831409
18181670
8934254
271119744
13138971
16143334
16011752
10446604
4979635
38445738
27580965
5472211
8934254
5472211
39147942
9163007
71759774
4588356
4979635
13138971
32943111
4588356
8934254
4979635
176659380
205236386
8934254
4588356
37994426
9927944
4588356
9400943
4588356
56118729
27225607
6209268
6209268
7395318
13138971
16143334
14814837
6209268
23436105
136840535
78744122
9163007
9163007
9163007
9400943
4588356
16143334
13138971
4979635
6209268
4979635
9163007
37310190
8934254
13138971
8934254
6209268
4588356
22529708
9400943
4588356
13138971
6209268
5472211
6209268
8934254
36025644
102976301
9927944
18181670
37994426
7395318
18181670
6209268
16143334
18181670
35633455
9163007
4588356
9163007
6209268
18181670
27225607
22529708
4979635
8934254
8934254
19281389
22653419
15214239
22529708
9163007
4588356
16143334
8934254
9927944
23640142
7395318
32788815
4588356
9400943
4588356
22653419
8163658
4588356
5472211
9400943
32788815
4588356
13138971
47298809
9400943
9927944
6209268
4588356
49452689
35692698
11686835
6209268
8934254
8934254
77807733
8934254
32788815
6209268
181203617
4979635
16143334
6209268
15214239
9400943
5472211
8934254
8934254
6209268
13138971
9163007
2445099
4979635
2445099
9400943
9400943
4588356
5472211
4588356
36142908
8934254
8163658
16143334
4588356
8934254
32943111
6209268
16143334
18788533
53155036
6209268
32788815
4588356
9400943
4979635
18788533
18181670
2445099
9927944
4588356
39147942
16143334
8934254
11686835
4979635
5472211
9927944
2445099
4979635
102976301
4588356
4588356
5472211
13138971
8934254
18788533
23436105
6209268
9163007
2445099
2445099
8934254
18788533
77212042
18788533
9400943
9163007
6209268
6209268
2445099
2445099
7395318
27580965
5472211
6209268
32788815
6209268
40535431
13138971
5472211
19281389
4979635
8934254
5472211
153293461
22653419
15214239
2445099
47298809
18181670
13138971
2445099
111991270
35336721
27225607
224066929
16143334
2445099
176659380
2445099
9400943
16143334
9163007
8934254
5472211
7395318
2445099
22529708
18788533
37310190
8934254
18788533
20101065
18181670
6209268
16143334
19281389
35336721
42870947
8934254
42870947
2445099
16143334
8934254
2445099
9927944
27580965
8934254
2445099
27225607
18181670
16143334
13138971
77212042
9163007
8934254
16143334
40535431
4979635
2445099
9927944
9927944
30203964
22529708
2445099
4979635
229620503
22529708
4979635
18181670
9163007
19281389
40764570
16143334
4979635
7395318
23436105
5472211
4979635
2445099
82680225
9163007
496355436
2445099
11686835
27225607
8934254
9163007
5472211
2445099
2445099
7395318
18788533
5472211
19281389
8163658
4979635
40764570
5472211
9927944
31562456
9163007
22529708
117912930
9163007
19281389
35633455
44493594
9163007
9927944
11686835
23436105
7395318
7395318
2445099
9927944
27225607
9163007
136840535
8934254
44962795
2445099
153293461
2445099
9927944
7395318
20101065
6209268
9163007
11686835
13138971
2445099
8934254
22529708
6209268
5472211
6209268
2445099
23436105
2445099
2445099
5472211
22653419
9927944
4979635
32788815
2445099
4979635
82680225
9927944
285581668
31562456
91905999
6209268
71759774
19281389
51326023
6209268
22529708
6209268
6209268
23640142
16143334
106988585
9163007
2445099
6209268
42142252
16143334
20101065
40718722
13138971
19281389
32788815
6209268
5472211
2445099
47324450
73227023
331289923
262521302
35633455
595113502
6209268
6209268
2445099
9927944
6209268
13138971
27225607
8934254
2445099
9927944
2445099
85369071
42142252
9163007
54796394
11686835
35081333
5472211
6209268
41624675
40535431
14372644
9163007
9927944
8934254
5472211
8934254
8934254
8934254
11686835
54796394
22529708
23436105
2445099
8934254
31562456
20101065
2445099
23436105
9163007
35081333
16143334
14372644
32943111
16143334
8934254
2445099
47298809
6209268
35633455
14372644
42870947
2445099
16143334
41624675
9163007
30203964
8655488
16143334
557880424
19281389
5472211
2445099
7395318
31562456
14372644
35692698
58960663
27225607
2445099
31562456
970390618
810589648
4979635
14372644
14372644
14372644
9163007
35633455
32943111
9927944
4979635
8655488
42142252
36142908
7395318
5472211
46066361
300185061
41624675
9927944
9927944
22529708
9163007
30203964
43326152
1527905
1527905
6209268
32943111
2445099
20101065
4979635
1527905
2445099
14372644
2445099
9163007
6209268
11686835
2445099
1527905
1527905
212009431
32788815
32788815
5472211
104024659
22653419
5472211
9163007
8934254
1527905
2445099
16143334
20101065
9163007
6209268
1527905
31562456
5472211
23640142
43326152
2445099
5472211
1527905
2445099
4979635
5472211
100982478
5472211
14372644
686268570
36025644
32788815
6209268
2445099
9927944
9927944
7395318
1527905
8934254
74501734
9163007
16143334
2445099
77212042
9163007
6209268
16143334
153274894
15214239
97937917
27225607
1527905
1527905
56118729
16143334
1527905
1527905
5472211
32943111
20101065
19281389
5472211
19281389
20101065
5472211
9163007
2445099
72239228
8934254
14372644
1527905
19281389
8163658
1527905
9927944
8934254
9163007
367180084
18997995
592736341
8934254
20101065
54796394
6209268
169578216
46066361
9163007
1527905
2445099
2445099
42142252
1527905
4979635
27580965
4979635
2445099
4979635
8934254
54673773
8934254
2445099
18997995
5472211
14372644
14372644
5472211
23436105
32788815
8163658
32788815
9927944
4979635
16143334
236739895
42870947
14372644
2445099
2445099
4979635
19281389
104024659
9163007
9163007
1527905
1527905
11686835
85369071
87029276
6209268
20101065
2445099
1527905
134544275
14372644
9927944
14372644
22653419
1527905
54796394
246186475
2445099
2445099
5472211
1527905
6209268
2445099
35633455
35633455
5472211
1527905
8934254
4979635
2445099
1527905
2445099
9927944
2445099
30203964
2445099
8934254
35633455
6209268
8934254
51326023
2445099
14372644
559293646
5472211
5472211
8934254
140503077
32943111
11686835
4979635
15214239
1527905
4979635
36142908
14372644
1527905
37654350
7395318
1527905
14372644
35633455
191754795
42142252
240297579
1527905
40535431
616090636
4979635
2445099
4979635
1527905
74501734
114755925
4979635
9163007
30203964
9927944
36025644
16143334
2445099
9927944
6209268
9927944
1527905
4979635
8934254
6209268
9163007
1527905
42870947
6209268
6209268
907896693
2445099
9927944
9927944
32788815
4979635
35633455
9163007
4979635
76534500
9927944
2445099
40535431
8934254
5472211
8934254
36142908
5472211
8934254
14372644
4979635
4979635
36025644
9927944
22653419
8934254
52606068
16143334
32788815
6209268
4979635
127465262
5472211
2445099
6209268
2445099
24054088
16143334
2445099
32788815
8163658
19281389
42142252
6209268
1527905
2445099
185425540
23640142
2445099
35735062
6209268
7395318
6209268
5967091
72021002
5967091
5967091
32788815
18997995
2445099
2445099
16143334
4051400
2445099
68268593
199742403
1527905
42870947
54796394
24054088
5967091
39466208
35735062
5472211
4051400
5967091
5472211
2445099
5472211
6209268
35633455
8934254
9927944
824936887
9163007
24054088
1527905
5472211
2445099
114755925
184726819
7395318
18726835
172817395
16143334
6209268
32943111
8934254
6209268
2445099
42142252
5967091
42142252
9163007
5472211
30203964
1527905
16143334
6209268
5472211
2445099
112035433
5967091
6209268
11347543
32943111
6209268
256829419
6209268
1527905
2445099
30203964
1527905
1527905
8934254
1527905
5472211
18726835
14372644
8934254
9927944
2445099
5967091
23462616
71759774
1527905
2445099
8934254
5967091
6209268
8934254
5472211
2445099
16143334
1527905
1527905
1527905
1527905
7395318
2445099
19281389
56118729
1527905
9927944
2445099
5967091
15214239
1527905
32788815
10414131
23462616
18997995
23462616
2445099
5472211
2445099
5967091
5472211
8934254
16143334
8934254
11347543
30203964
5472211
61567622
5472211
296485976
2445099
1527905
316277671
1527905
5967091
6209268
5967091
18997995
23462616
87741067
6209268
11686835
6209268
9163007
47298809
236739895
2445099
8934254
2445099
2445099
1527905
1527905
7395318
9927944
2445099
2445099
5472211
5472211
353011933
2445099
37654350
32788815
11347543
50674302
913123061
5472211
5967091
5967091
18726835
72239228
5967091
9163007
5967091
5967091
5472211
1527905
76129529
23462616
40535431
1527905
6209268
40535431
5967091
35081333
1527905
5472211
27580965
6209268
23436105
8934254
5967091
46929519
8934254
16143334
9927944
10414131
8934254
108353115
19281389
22653419
2445099
2445099
8934254
11347543
40535431
18997995
18726835
56694037
8934254
23436105
10414131
6209268
23462616
184726819
5967091
9163007
9927944
32788815
23436105
5472211
9927944
72574738
186350657
5472211
16143334
11686835
110326199
27580965
11347543
11347543
23436105
16143334
8934254
5967091
36025644
18997995
1527905
8934254
35735062
8934254
6209268
6209268
76129529
9927944
5967091
24324030
1527905
35336721
16143334
5967091
16143334
24324030
486757997
8934254
16143334
9927944
35735062
8934254
18726835
23462616
5472211
18997995
8934254
6209268
9927944
18726835
26312545
6209268
39637815
8934254
14372644
335612741
5472211
5472211
18997995
6209268
6209268
6209268
1527905
8934254
16143334
9163007
40535431
1527905
1527905
9927944
9927944
6209268
70222773
6209268
94836156
16143334
5472211
1527905
10746594
9927944
19382366
269928871
5472211
91845398
19281389
9927944
10746594
5472211
155958890
1527905
9163007
51326023
16290094
8934254
1527905
8934254
9927944
9927944
32788815
18726835
8934254
35735062
7395318
9163007
44962795
9927944
94836156
30203964
9927944
11347543
110594154
26312545
10746594
11347543
8934254
5472211
82569002
167764997
234161713
9927944
9163007
14372644
11347543
19382366
9163007
9163007
9927944
23462616
43248044
50674302
1527905
16143334
6209268
1527905
19382366
1527905
18726835
6209268
35336721
9163007
23640142
24324030
6209268
1527905
9927944
40876328
1527905
58121633
5472211
8934254
7395318
32943111
32943111
37654350
54796394
14372644
1527905
1527905
1527905
9163007
8934254
8934254
42870947
23462616
23462616
8934254
10414131
1527905
8934254
35735062
18726835
1527905
70222773
11347543
40535431
8934254
16143334
5472211
18726835
40535431
9927944
14372644
11686835
36531620
1527905
106988585
11347543
14372644
11347543
228611883
37685614
7395318
9163007
1527905
8934254
9927944
9163007
16143334
1527905
18726835
89583881
62191223
11686835
24324030
10746594
23755419
9927944
7764531
19382366
32943111
9927944
7764531
7764531
1527905
35336721
36025644
5472211
16143334
36531620
9927944
56118729
5472211
1527905
23462616
40535431
1527905
6209268
35081333
35081333
1527905
24324030
11347543
50674302
6209268
14372644
1527905
44962795
7764531
1527905
8934254
9927944
8934254
55703719
163357524
7395318
8934254
7395318
5472211
43248044
9163007
5472211
9163007
10746594
7764531
32931185
56694037
1527905
14372644
8934254
1527905
8934254
16143334
4052258
7764531
16143334
16290094
135386143
199695931
39637815
16143334
91123747
11347543
16143334
15214239
7764531
4052258
8934254
7395318
1527905
5472211
4052258
16143334
11686835
7764531
181475617
4052258
1527905
23755419
7764531
1527905
7395318
9927944
6209268
8934254
4052258
4052258
4052258
8934254
4052258
1527905
1527905
32931185
19382366
7395318
6209268
4052258
6209268
7764531
16143334
349120040
5472211
6209268
8934254
4052258
396615396
32931185
258445763
72239228
57000688
1527905
16143334
9927944
47298809
6209268
1527905
6209268
1527905
11686835
3659994
34287562
3659994
37685614
32943111
8934254
89710006
14372644
8934254
5472211
7764531
32943111
5472211
32788815
5472211
1527905
15214239
50674302
5472211
4052258
32788815
4052258
9927944
1527905
35081333
8934254
39903573
372458863
1527905
9927944
11347543
34287562
7764531
42870947
6209268
23755419
1527905
6209268
8934254
3659994
23462616
10746594
9927944
32943111
3659994
41624675
56118729
23462616
8934254
1527905
23755419
1527905
9927944
8934254
35081333
54796394
6209268
32931185
1527905
10746594
10746594
7764531
5472211
32943111
8934254
62191223
66177853
34287562
40876328
9927944
7764531
9927944
5472211
71475190
5472211
16143334
9927944
23462616
37685614
19382366
103929971
57000688
1527905
1527905
9927944
1527905
8934254
3659994
34287562
222601240
8934254
8934254
32943111
16143334
1527905
1527905
8934254
11347543
7395318
10746594
8934254
1527905
16143334
1527905
37685614
40876328
16143334
256281841
9927944
14372644
8934254
35735062
36025644
1527905
37994426
46101093
3193026
24501759
11347543
11347543
6209268
23640142
1527905
1527905
9927944
11347543
32931185
6209268
8934254
47324450
32943111
8934254
8934254
42870947
3193026
5472211
75084599
8934254
17402215
9927944
15214239
35081333
8934254
17402215
16143334
16143334
3193026
7764531
14372644
7395318
10746594
300979601
16143334
5472211
35735062
3193026
7764531
1527905
16143334
14372644
3193026
90746502
9927944
155958890
1527905
8934254
9927944
41152456
11347543
5472211
19382366
9927944
15214239
40876328
35735062
8934254
9927944
17402215
23462616
3659994
5472211
8934254
23755419
7764531
9927944
9927944
94526941
17402215
11347543
8934254
1527905
1527905
7764531
35081333
31597386
54796394
5472211
8934254
8934254
3659994
32943111
11347543
5472211
150540816
8934254
87741067
1527905
3193026
17402215
39466208
1527905
8934254
5472211
9927944
1527905
7764531
1527905
3659994
14372644
16143334
5472211
8934254
32943111
9927944
1527905
23462616
8934254
9927944
7764531
54525779
32931185
32931185
17402215
32943111
3659994
5472211
208804830
32931185
19382366
17402215
3659994
17402215
9927944
17402215
9927944
15214239
106988585
16143334
54525779
34287562
11347543
77893689
14372644
23755419
17402215
24501759
27728870
9927944
9927944
11347543
4851707
4851707
11686835
4851707
39637815
7764531
8934254
482506785
8934254
4851707
16143334
3659994
8934254
17402215
3193026
32931185
14372644
82071866
34190719
11347543
5472211
11686835
7395318
17402215
287860476
3659994
7764531
4851707
11686835
9927944
7764531
91905999
14372644
78963026
32120478
14372644
40282803
32120478
195333542
23755419
16143334
5472211
11347543
4851707
3193026
39903573
36025644
16143334
14372644
23755419
11347543
7764531
16143334
9927944
7764531
37577508
24501759
132574337
11686835
199695931
32931185
82569002
10746594
37850907
16143334
7764531
133868560
7764531
53244405
11347543
75084599
23755419
3659994
16143334
14372644
7395318
32931185
16143334
50674302
14372644
46101093
11347543
5472211
7764531
14372644
11347543
10746594
3193026
14372644
32931185
839598607
23755419
10746594
14372644
32943111
11347543
23462616
14372644
5472211
32120478
11347543
11347543
16143334
23755419
16143334
14372644
34287562
15590420
32943111
34287562
11347543
9927944
10746594
10746594
7764531
87741067
11347543
11347543
46101093
4851707
5472211
4851707
23462616
35735062
37850907
181475617
64642510
14372644
11686835
82569002
14372644
11347543
4851707
5472211
149793022
4851707
7395318
14372644
7764531
5472211
4851707
23462616
15590420
2802221
14372644
87741067
269059579
5472211
9927944
3193026
62750545
11686835
37850907
14372644
14372644
9927944
40870368
5472211
10746594
5472211
121190830
66179340
4851707
114755925
39637815
7395318
164856224
5472211
102976301
5472211
9927944
56118729
4851707
11686835
3193026
34287562
3193026
24324030
32931185
24324030
7395318
11347543
32931185
11347543
7764531
631263038
9927944
62750545
7764531
3193026
9927944
14372644
64642510
9927944
87741067
14372644
27728870
4851707
5472211
5472211
9927944
3193026
37994426
11686835
10746594
23462616
37994426
11347543
3193026
53050617
11686835
136840535
24324030
15590420
11347543
37685614
7764531
5472211
14372644
34287562
34287562
14372644
9927944
4851707
9927944
9927944
11686835
4851707
34287562
170833032
34190719
11347543
5472211
78119416
78119416
37577508
34287562
4851707
10746594
11347543
32943111
266614440
1373795
11347543
11347543
4851707
9927944
7764531
32120478
10746594
16143334
15590420
111591681
39637815
7395318
9927944
35081333
16143334
10746594
7764531
4851707
32943111
98960869
77351693
16143334
32120478
32120478
4851707
11347543
15590420
37577508
1373795
1373795
31597386
4851707
4851707
770879737
24324030
78119416
37850907
34287562
4851707
7395318
11347543
4851707
36025644
11347543
34190719
11347543
24324030
10746594
34287562
4851707
32120478
7764531
82569002
10746594
78119416
10746594
54796394
9927944
4851707
53050617
468943383
32120478
10746594
15590420
23462616
32120478
4851707
11347543
32120478
10746594
15590420
10746594
37994426
11347543
4851707
1373795
11347543
4851707
3193026
1373795
16143334
31597386
7764531
9927944
32120478
17023343
7764531
87741067
32120478
15590420
10746594
11347543
39637815
9927944
56694037
32120478
37577508
32931185
23462616
352226882
32120478
4851707
439432170
36025644
32120478
7764531
7764531
7764531
7764531
34190719
105516783
3193026
47324450
16143334
4851707
3193026
28065217
62458520
409477495
9927944
66590664
9927944
34287562
23462616
53050617
3193026
11686835
283392803
36025644
34190719
11686835
3193026
1373795
32931185
1373795
32943111
35735062
3193026
11686835
32931185
16143334
16143334
9927944
11686835
9927944
83755845
11347543
32931185
11686835
3193026
23462616
241004467
189013766
9927944
24324030
9927944
32943111
32931185
11347543
11347543
16143334
3193026
34287562
11347543
3193026
32931185
4851707
19759638
35081333
240057357
11347543
15214239
16143334
15590420
23462616
16143334
11173455
77719607
4851707
138145088
32120478
3733654
1373795
70099936
36025644
4851707
11347543
11173455
11347543
4851707
23462616
11347543
37577508
3733654
3733654
39637815
3193026
11173455
32120478
32931185
11173455
3193026
9927944
4851707
4851707
34287562
68485330
16143334
58580153
11686835
1373795
73599680
46101093
11173455
295151186
32120478
4851707
16143334
16143334
16143334
35735062
46101093
4851707
19759638
307724717
83755845
23462616
3193026
3733654
11173455
15590420
32931185
11347543
27728870
3733654
11173455
4851707
839180
56949407
35735062
32120478
125300744
205702010
32943111
11347543
11347543
11347543
39637815
11347543
4851707
7764531
839180
16143334
3733654
3193026
32931185
62458520
56528547
58121633
7764531
3193026
4851707
4851707
9927944
67315284
34287562
3733654
4851707
68268593
16143334
11347543
3733654
56694037
16143334
1373795
11686835
9927944
839180
9927944
16143334
4851707
4851707
11347543
32120478
4851707
7764531
1373795
15590420
9927944
16143334
16143334
374825901
9927944
1373795
15214239
38258875
11347543
3733654
1373795
3733654
4851707
9927944
15590420
3733654
4851707
11173455
91123747
1373795
4851707
34190719
32943111
4851707
15590420
11686835
4851707
32120478
7764531
11173455
4851707
11347543
4851707
15590420
87741067
5766384
3733654
4851707
4851707
33856758
1373795
33856758
15590420
36025644
35081333
3733654
11173455
3733654
16143334
32120478
39637815
32120478
24324030
32943111
58580153
34287562
19759638
34287562
16143334
11173455
19759638
98960869
37685614
157106185
46101093
1373795
11347543
3733654
32120478
4851707
19338357
7764531
15590420
15590420
7764531
16143334
62191223
32931185
839180
73599680
839180
39637815
3733654
68485330
3733654
35081333
66590664
7792563
15590420
32943111
15590420
7764531
24324030
11173455
11347543
3733654
23462616
15590420
11173455
11347543
40282803
839180
91123747
160830282
11173455
7764531
839180
7764531
7792563
19338357
1373795
24324030
38258875
11173455
133868560
32931185
141831361
3733654
3733654
23462616
3733654
414403410
11347543
94429048
4851707
7792563
7792563
35735062
7792563
3733654
839180
32120478
11347543
3733654
16143334
23462616
839180
11173455
839180
50554484
7792563
15590420
839180
839180
140503077
3733654
11347543
37577508
7764531
4851707
839180
20604704
981614750
3733654
35735062
304713125
4097171
3733654
839180
839180
58580153
7764531
27728870
11173455
839180
20604704
11347543
62750545
47880122
11686835
1373795
20604704
4097171
839180
1373795
11173455
1373795
52853943
32931185
579249445
3733654
16143334
839180
23462616
3733654
3733654
16143334
855850375
4097171
3733654
176065773
7792563
11347543
6044738
19338357
3733654
1373795
7764531
23462616
37685614
50554484
6044738
40282803
4851707
11347543
26428032
7764531
11347543
3733654
37016542
33856758
24324030
70024699
6044738
11347543
11347543
16143334
7764531
16143334
11347543
32943111
839180
839180
58797144
4851707
839180
6044738
839180
20604704
19338357
27895149
497381383
11019566
105096370
839180
6044738
203699862
16143334
11173455
68268593
6044738
11019566
40282803
19338357
839180
4851707
4851707
7764531
839180
19338357
32931185
98960869
37016542
23462616
11019566
8144279
19338357
7764531
91123747
11347543
40282803
7764531
52915721
7764531
11019566
11347543
782320094
1672686
26428032
16143334
20604704
11019566
11019566
839180
54996670
19338357
11019566
4851707
8144279
32931185
4851707
4097171
23462616
11347543
32120478
839180
16143334
11686835
4851707
7764531
6044738
839180
839180
1672686
26428032
16143334
4851707
20604704
7792563
4097171
16143334
32120478
7792563
6044738
6044738
839180
11019566
11347543
92274673
26428032
11347543
839180
19499499
38258875
4851707
23462616
839180
11686835
839180
11173455
839180
7764531
26428032
40282803
7792563
6044738
37577508
7764531
11173455
11686835
15590420
7792563
30989133
839180
6044738
839180
6044738
11173455
4851707
15590420
19499499
1672686
4097171
62458520
11347543
11347543
27728870
839180
50576642
7792563
34287562
34287562
6044738
19338357
47880122
55390711
6044738
16143334
6044738
4851707
23462616
30989133
11173455
4097171
4851707
11019566
6044738
15590420
26428032
7764531
7764531
26428032
34287562
11686835
51474432
26428032
40282803
47880122
190838730
37685614
36025644
6044738
7792563
19338357
32931185
30989133
11347543
7792563
7764531
11173455
11347543
40282803
11019566
52494343
37016542
19499499
11019566
6044738
6044738
30989133
46101093
46101093
38258875
4851707
11347543
37016542
20604704
19499499
11019566
11347543
52379151
40282803
4851707
26428032
4851707
8144279
4851707
7792563
8144279
8144279
40282803
4851707
15214239
4851707
11019566
11347543
11686835
11347543
11019566
11347543
15590420
70024699
6044738
19338357
82348173
50554484
47880122
4851707
15214239
11019566
4851707
23462616
74501734
30989133
32931185
45949703
21133709
11347543
11347543
11686835
7764531
67551340
40282803
11686835
32931185
30989133
38461803
11347543
19499499
8144279
7764531
15590420
33856758
19499499
6044738
14912221
26428032
14912221
7792563
15590420
11347543
6044738
19499499
40298317
11019566
15590420
4851707
11347543
15590420
53050617
4851707
112035433
11347543
11686835
40282803
11173455
240509136
11347543
11347543
11019566
11347543
6044738
6044738
6044738
13375424
11019566
14912221
11347543
9076934
217896174
128607946
233420173
6044738
23462616
231971653
19499499
8144279
7764531
19338357
6044738
4851707
5686239
11347543
20604704
11347543
7792563
30989133
6044738
26428032
50554484
15214239
9076934
1672686
1672686
26428032
9076934
13375424
9076934
5686239
7764531
9076934
9076934
32931185
5686239
5686239
197386144
31733775
5686239
5686239
6044738
7764531
217896174
19338357
5686239
81656693
19499499
11019566
72299198
8144279
32120478
19499499
13375424
19499499
30989133
6044738
6044738
8144279
26428032
7764531
11019566
9076934
15590420
4851707
6044738
9076934
5686239
6044738
7764531
23462616
67940401
15590420
27895149
15590420
37685614
11019566
4851707
4851707
5686239
7792563
13375424
1672686
8144279
7792563
11019566
11019566
30989133
14912221
5686239
5686239
7764531
15214239
58121633
32931185
5686239
6044738
4851707
6044738
13375424
22410479
11686835
13375424
4851707
4851707
6044738
4851707
6044738
19499499
4851707
4851707
7792563
32120478
6044738
1672686
177034904
9076934
20604704
4851707
15214239
5686239
37685614
6044738
4851707
6044738
37685614
7764531
45683297
51474432
7764531
11686835
9076934
6044738
38461803
1672686
7764531
9076934
74501734
9076934
32931185
36025644
11019566
32120478
4851707
40282803
23462616
4851707
8144279
14912221
7764531
9076934
32120478
9076934
4851707
234663206
15214239
9076934
9076934
53050617
32931185
8144279
7792563
27950957
9076934
11019566
1672686
38258875
11686835
20604704
11019566
14912221
11019566
11019566
7764531
7764531
6044738
7764531
31733775
7764531
21133709
23462616
176065773
4851707
85220291
19499499
32931185
299972883
23462616
19499499
20604704
15214239
11019566
158978828
19499499
26428032
37685614
11019566
4851707
7764531
8144279
4851707
7764531
31733775
7764531
72299198
6044738
9076934
11019566
7764531
7792563
26428032
53050617
9076934
23462616
7764531
9076934
9076934
68268593
51474432
140503077
7792563
19499499
11019566
8144279
26428032
7792563
9076934
11019566
6044738
35735062
4851707
38258875
22604346
9076934
32931185
19499499
11019566
32120478
6044738
43458343
6044738
6044738
14912221
37685614
9076934
15214239
38461803
330650596
22194656
37685614
9076934
38461803
7792563
19499499
21133709
6044738
11019566
19338357
30989133
22604346
11019566
22604346
23462616
30989133
8816267
7792563
7792563
8144279
6044738
8144279
11019566
9076934
23462616
39247608
22604346
9076934
32120478
40282803
9076934
7792563
6044738
38299143
468666526
208804830
23462616
9076934
38299143
35735062
40282803
19338357
9076934
11686835
40298317
11686835
8144279
26428032
19338357
8119814
60744106
8816267
9076934
30989133
62750545
11019566
73599680
26428032
68268593
22194656
23462616
22604346
7792563
8119814
11019566
115040084
27950957
6044738
6044738
6044738
8119814
6044738
6044738
9076934
8119814
19338357
8816267
6044738
73599680
36025644
8816267
106194647
19338357
21133709
30989133
9076934
9076934
19338357
51474432
32931185
11019566
11019566
6044738
9076934
11019566
6044738
22604346
6044738
9076934
30989133
105516783
6044738
40298317
11019566
55950785
8816267
8119814
11019566
6044738
8119814
6044738
158978828
15214239
11019566
22194656
8119814
9076934
8816267
30989133
9076934
60744106
22604346
11019566
30989133
8119814
9076934
19338357
19338357
36890107
23462616
38461803
32120478
6044738
30989133
51474432
22604346
50576642
30989133
22194656
26428032
11686835
11019566
6044738
6044738
8119814
8144279
11019566
38258875
26428032
8816267
6044738
53050617
38299143
238868388
32120478
60744106
8119814
32120478
38461803
24324030
9076934
39247608
32120478
117989306
9076934
219431108
11686835
6044738
9076934
36890107
32120478
9076934
6044738
9076934
11019566
9076934
8119814
15214239
6044738
11686835
8816267
62458520
43155337
52853943
11019566
11019566
8144279
11844756
6044738
9076934
11019566
11686835
11019566
27950957
7792563
26428032
34725872
30989133
8144279
6044738
11019566
11019566
26428032
71009564
11019566
11019566
95056448
11019566
8816267
38299143
68268593
6044738
6044738
23462616
8119814
9076934
9076934
22194656
15214239
7792563
26428032
24324030
8816267
8119814
9076934
11019566
24885240
8119814
11019566
30989133
187204811
11019566
11019566
205842563
11844756
23462616
15214239
30989133
40298317
9076934
38299143
7792563
51349321
32120478
11019566
61926406
8816267
6044738
9076934
11019566
49894073
8119814
7792563
8119814
8119814
8119814
47764007
144562569
19338357
26428032
22604346
6044738
26428032
55138119
2113753
19338357
7792563
30989133
38461803
6044738
8144279
24885240
6044738
7792563
115180538
8119814
7792563
26428032
6044738
6044738
11019566
34097525
32931185
254031718
22604346
6044738
2113753
8144279
7709395
2113753
24885240
27950957
9076934
8119814
11019566
85129343
11844756
9076934
24885240
167526694
34097525
11019566
8119814
73094278
11844756
2113753
21133709
231971653
30989133
9076934
2113753
22604346
19338357
30989133
11019566
74501734
61926406
2113753
2113753
9076934
8816267
19338357
34097525
6044738
51474432
21133709
27950957
6044738
270053738
8816267
7792563
36025644
34725872
36025644
6044738
9076934
15214239
9076934
6044738
7792563
9076934
261717173
7792563
6044738
11844756
8119814
142109414
141831361
2113753
2113753
30989133
30989133
2113753
2113753
6044738
6326721
8119814
34097525
6044738
11019566
36025644
54950646
2113753
11019566
74501734
11844756
70024699
23462616
252682100
2113753
25553962
6044738
26428032
6044738
157223840
8119814
68268593
63444199
2113753
8119814
8119814
26428032
8119814
47764007
9076934
8119814
32931185
9076934
21133709
40298317
25553962
7792563
2113753
8119814
2113753
6044738
8119814
15214239
7792563
26355979
6044738
2113753
9076934
25553962
11019566
6044738
8816267
8119814
2113753
2113753
25553962
15214239
8119814
8119814
18443496
23462616
214576780
43458343
23462616
8816267
8816267
50970885
6044738
150205443
24885240
8119814
9076934
34097525
40298317
6044738
11019566
11019566
18443496
7792563
6326721
11019566
25553962
8119814
35735062
8119814
27950957
71935354
6044738
8119814
6044738
6044738
294335490
22604346
9076934
23462616
11019566
6044738
22604346
23462616
12318329
11019566
6044738
8816267
72299198
2113753
8119814
24078730
11844756
24738159
6044738
46136169
15214239
22604346
11019566
2113753
8119814
8144279
11844756
8119814
11844756
74501734
113547060
12318329
25553962
36975361
9076934
2113753
9076934
21133709
23462616
2113753
11844756
15228262
36975361
25553962
11019566
976292507
45683297
8816267
6044738
8119814
8144279
6044738
209698639
41031049
8816267
6044738
34470125
2113753
2113753
34725872
22604346
8119814
33530853
2113753
45683297
8144279
11019566
8119814
11019566
25553962
33530853
2113753
7792563
8119814
45683297
35735062
8816267
24738159
8816267
25553962
8119814
9076934
2113753
7792563
2113753
6044738
15214239
40282803
12318329
11844756
15214239
11844756
11844756
9076934
8144279
15214239
24738159
23462616
12318329
15228262
11844756
11019566
8119814
8119814
7792563
9076934
2113753
121358821
25553962
7792563
6044738
25218625
9076934
7709395
9076934
11019566
32120478
7792563
6044738
2113753
63444199
2113753
8119814
45683297
2113753
8119814
9076934
9076934
189665496
38299143
8119814
8119814
24716485
406151464
2113753
21133709
11844756
8119814
26355979
24738159
71979704
7792563
6044738
21133709
24885240
6044738
12318329
7785953
25553962
15228262
8816267
63444199
21133709
15228262
40282803
71979704
7785953
8816267
23462616
9076934
6044738
6044738
9076934
6044738
61675374
18443496
2113753
9076934
6044738
6044738
9076934
7785953
12318329
8119814
12318329
25218625
8119814
15228262
9076934
9076934
8119814
24738159
15228262
8119814
6044738
6044738
9076934
36025644
24885240
7709395
361460876
26355979
8119814
8119814
9076934
34097525
6044738
47377759
23462616
6044738
22604346
9076934
8119814
6044738
15228262
8119814
15228262
34793697
26355979
6044738
26355979
25553962
21133709
189665496
7785953
11844756
2113753
2113753
6044738
7792563
18443496
2113753
15228262
2113753
7792563
7785953
8816267
2113753
8119814
51474432
9076934
6044738
21133709
7785953
34470125
388785745
26355979
23462616
7785953
8119814
9076934
7785953
24078730
106212069
22604346
6044738
47393517
2113753
7785953
171261467
34470125
2113753
22604346
25553962
51474432
26355979
61675374
18443496
18443496
8119814
2113753
24716485
6044738
9076934
9076934
8119814
6044738
9076934
2113753
8119814
6326823
130412508
11844756
24885240
7785953
72220941
12318329
7792563
6326823
21133709
2113753
18443496
15214239
6044738
6044738
35795334
8119814
7785953
15214239
7792563
23462616
9076934
6326823
33578841
8119814
24716485
8816267
2113753
36025644
7792563
32207611
8119814
6044738
9076934
6044738
6326823
26355979
11844756
7792563
40571717
7785953
26355979
8119814
8816267
6326823
21133709
2113753
26355979
2113753
34097525
24885240
34470125
2113753
7785953
48392513
23462616
9076934
270526476
2113753
32931185
8119814
34470125
6326823
6326823
6326823
7709395
7709395
6044738
26355979
35735062
627883900
39050175
8816267
33578841
110594154
40571717
6044738
6326823
12318329
3604826
141069885
50941859
87287277
6326823
8119814
6326823
12318329
270053738
8119814
6044738
7785953
6044738
6326823
6326823
2113753
26355979
34470125
23462616
21133709
7792563
8119814
40571717
2113753
6326823
6326823
12318329
2113753
8119814
6044738
8816267
6044738
7785953
6326823
35795334
6326823
117722324
2113753
15214239
33578841
6326823
6326823
8119814
48392513
38299143
25553962
8119814
18443496
2113753
6044738
22604346
9076934
2113753
39050175
6044738
7785953
7785953
456096239
7785953
23462616
6326823
35735062
1525289
6326823
33530853
32931185
6044738
2113753
6326823
8816267
38299143
6044738
2113753
9076934
35795334
1525289
26355979
2113753
465817
6044738
7785953
8816267
6044738
7785953
15214239
24738159
2113753
6044738
6326823
7792563
6326823
72299198
25553962
2113753
26355979
7785953
6044738
7785953
9076934
465817
7785953
18443496
6326823
465817
11844756
2113753
26355979
61675374
8119814
1525289
11844756
8119814
8816267
1525289
47463140
10746034
8119814
187605215
6326823
2113753
151991226
26355979
8816267
6044738
2113753
78609153
35735062
6044738
21133709
26355979
6326823
22604346
9076934
12318329
103529536
38299143
7792563
1525289
22604346
1525289
32931185
18443496
24211931
27769654
7785953
21133709
2113753
2113753
23462616
31822972
3604826
11844756
2113753
6044738
59195656
6326823
6326823
7785953
155408306
2113753
8119814
8119814
6044738
38299143
1525289
2113753
27769654
10746034
6326823
6044738
1525289
22604346
6326823
1525289
33578841
7785953
23462616
2113753
32931185
18443496
1525289
2113753
7785953
6044738
1525289
2113753
3604826
340200804
1525289
9076934
8816267
7792563
40571717
7709395
34470125
6044738
187204811
61675374
1525289
50941859
6044738
55950785
9076934
465817
42552949
2113753
8119814
8119814
15214239
8119814
1525289
7785953
199427542
8119814
61926406
2113753
7709395
2113753
6044738
8119814
299870542
2113753
8119814
15214239
1525289
12318329
1525289
47377759
38299143
8816267
18443496
270526476
22604346
7709395
6044738
2113753
6044738
49413900
7785953
60998904
2113753
465817
15386575
23462616
2113753
24738159
40571717
71979704
11844756
38299143
12318329
1525289
1525289
2113753
1525289
1857383
38500367
11844756
8119814
11054542
465817
7792563
56694037
12318329
1857383
2113753
60744106
2113753
1857383
8816267
8816267
22604346
11054542
7785953
1857383
7785953
40571717
1525289
12318329
11844756
21133709
7785953
7785953
11054542
8816267
36276181
1857383
22604346
15386575
11054542
2113753
48984494
8119814
2113753
2113753
136892834
278215092
2113753
8119814
55950785
23462616
18443496
2113753
8816267
465817
11844756
8119814
91905999
2113753
2113753
67350644
7785953
2113753
1857383
15386575
7785953
3604826
7785953
15386575
18443496
4999770
4999770
8816267
1525289
4999770
7785953
2113753
11054542
8119814
38500367
1857383
11844756
23462616
1525289
35795334
2113753
4999770
7785953
22604346
102902860
11054542
43845252
71979704
7785953
8119814
15386575
22604346
7785953
2113753
21133709
3604826
40303970
3604826
43845252
2113753
81723287
1857383
8119814
24839642
1857383
1857383
8816267
63209513
3604826
24738159
24211931
4999770
11054542
27769654
11844756
24211931
24839642
8119814
3604826
8119814
28184327
15386575
8119814
2113753
24839642
12318329
4999770
8816267
4999770
8119814
2113753
8816267
8119814
1525289
23462616
255658336
24738159
1387936
2113753
2113753
8816267
2113753
119382828
1525289
1525289
1387936
4999770
1525289
1525289
3604826
24839642
465817
1525289
24839642
39050175
4999770
8119814
15386575
24211931
1525289
8119814
12318329
1525289
1525289
1857383
4999770
40303970
4999770
97695832
7785953
31822972
23462616
35735062
38299143
11844756
7785953
1525289
2113753
1857383
38299143
1525289
1525289
22604346
1529607
8119814
7785953
8119814
1857383
849633739
11054542
3604826
15214239
1857383
40303970
97680466
1525289
12318329
7785953
8816267
11844756
11054542
93947127
1525289
2113753
3604826
2113753
11844756
7785953
2113753
15386575
15386575
53237847
48392513
24211931
60744106
36276181
24211931
1529607
7785953
2113753
3604826
11844756
2113753
1857383
465817
1529607
7785953
7785953
1525289
128607946
11054542
22604346
102446520
1525289
1387936
8816267
1857383
54261081
2113753
140873878
48984494
1857383
23462616
21133709
59030167
23462616
24885240
15386575
7785953
2113753
1529607
21133709
1525289
2113753
21133709
8119814
1525289
7785953
8119814
12318329
3604826
40621927
23462616
119241606
1857383
11844756
48984494
465817
8119814
22604346
1525289
1525289
11054542
465817
41031049
22126877
1525289
35735062
8119814
18443496
11844756
47377759
48984494
2113753
3604826
8119814
933194828
8119814
465817
17026739
8119814
44400837
1525289
11844756
231129202
15386575
18443496
1529607
109861276
8119814
1525289
159179106
24839642
1529607
21133709
2113753
59030167
11844756
1525289
8119814
126115886
2113753
1525289
8119814
1525289
12318329
21133709
60744106
2113753
1525289
2113753
47386043
8119814
2113753
12318329
27769654
28184327
48984494
274174189
2113753
2113753
1525289
2113753
12318329
2113753
22126877
47386043
1525289
2113753
8816267
8119814
15386575
12318329
7785953
3604826
22126877
11054542
7785953
21133709
218142430
15214239
1529607
38500367
3604826
176332650
1529607
12318329
7785953
21133709
40571717
8119814
21133709
8119814
104348339
11194186
32931185
4609128
8119814
12318329
3604826
266073932
31822972
8119814
12318329
8119814
7785953
1529607
18443496
2666504
8816267
8119814
2666504
1529607
15386575
3604826
2666504
12318329
8816267
52669439
2666504
24211931
8816267
47377759
8119814
32931185
94850546
3604826
4609128
12318329
4609128
11844756
11844756
29863833
150627815
11054542
8816267
22126877
7785953
3604826
1525289
121469663
59195656
2666504
1525289
24211931
24211931
8119814
253020876
4609128
176374284
38299143
4609128
24839642
4609128
11844756
8119814
1529607
8119814
24738159
1525289
1525289
61926406
1525289
7785953
465817
40571717
29863833
8119814
22604346
21133709
125122131
7785953
11054542
29863833
1529607
690753126
1525289
21133709
465817
7785953
1525289
8816267
465817
47393517
4609128
4609128
21133709
8119814
18443496
15386575
15386575
59235758
8119814
1525289
8816267
11844756
1525289
7785953
7785953
1529607
40621927
21133709
36276181
11844756
199759974
22126877
7785953
4609128
8119814
36276181
4609128
1525289
4609128
40621927
94733073
8816267
11844756
1525289
4609128
7785953
22126877
7785953
8119814
37823256
12522896
8119814
7785953
29107613
38451597
29863833
15386575
29863833
1525289
143388152
152901368
8119814
97695832
47377759
27769654
18443496
7785953
7785953
1525289
8816267
1525289
74057620
8816267
4609128
169866764
7785953
61926406
4609128
1525289
55950785
15214239
7785953
11844756
11844756
8816267
21133709
12522896
1525289
457454532
4609128
1525289
31822972
4609128
29863833
12522896
24738159
8119814
29863833
11054542
22604346
8119814
36276181
7785953
21133709
52669439
8119814
59195656
4609128
21133709
15386575
44209145
11844756
23462616
18443496
1525289
4609128
8119814
7785953
21133709
5159408
60744106
119241606
7785953
1525289
63209513
7785953
11844756
8119814
5159408
4609128
7785953
36276181
11194186
4609128
56645952
11054542
23462616
1525289
1525289
44209145
4609128
1525289
54261081
38451597
5159408
29107613
21133709
7785953
8816267
19171839
21523638
