3000 3000
1943 830 40997510
282 557 19045407
2232 2818 93997586
2123 171 53917370
1506 1942 13074745
1319 888 59071859
1066 1223 28933111
1643 696 54652261
1051 297 62960390
428 2368 5699099
2981 866 533987
1015 45 77911743
2394 439 50167754
2729 1316 48238119
977 644 8378689
2895 1714 9774721
1767 1062 38540053
2565 2780 53844318
2368 1747 13693543
746 807 32005913
409 560 7857646
697 1041 23550229
2400 2985 67670506
2809 1805 34921844
258 2276 37269506
2765 1050 94003949
331 2813 758981
548 755 53736965
240 499 24269798
1841 2311 52535154
2591 1712 44553669
1811 578 13822053
444 2427 35236722
877 665 92217766
2357 2489 67012852
269 2184 29390151
2782 1006 37736553
32 1502 87798638
2892 1984 52843901
2676 1463 76790940
1941 2572 74704500
2788 1553 50076863
2694 2174 91104289
1062 2847 55785561
2083 75 73672548
2335 2439 25615157
1305 906 46808282
12 271 42129809
166 1301 53483398
306 1922 60052670
1686 2252 25825352
782 1551 75034173
1031 1362 33847336
308 89 55269362
773 748 5909900
859 647 68228533
2062 2664 55134581
1103 1485 61941501
926 1947 10695220
1501 1015 97518330
1746 2433 88417995
1521 1812 88926706
1784 376 13236935
90 664 86354383
21 1245 65659961
1083 2816 13416336
2813 1604 26391894
2099 2602 51621504
2741 1266 76068080
2309 1665 94648551
1595 237 57320828
2256 2195 8510056
363 610 36125862
1327 462 69681214
2387 733 17526421
1824 893 8684050
551 1484 46919487
1201 2775 13296646
125 2692 68577170
2965 2007 44323441
2153 1337 66256028
2930 2804 82991390
1072 920 51306503
1301 546 16833884
2200 2440 17073965
27 550 52087113
574 1483 72003123
2553 1365 95939485
189 2921 9968852
1492 572 16508426
1837 1373 849582
1553 1728 61723247
785 60 22142253
1189 1974 99768696
1830 404 41617203
749 563 67496054
250 1850 75118536
1142 276 84206863
1025 1378 75105756
1965 2991 10549406
2416 762 96824796
2598 631 47315759
2301 1606 4285015
1864 2475 57613285
301 1340 6926047
1479 2215 84984822
2524 1425 81239027
983 423 89864951
1311 105 23781722
1631 2738 19681945
2444 1458 95208941
1802 1068 85693892
2631 2992 67713822
95 1266 92794991
1366 1185 77332800
193 1873 50281245
1013 1609 29788968
1790 2054 41912418
2602 2975 23623984
2620 1774 37142517
305 2165 67357664
1558 1599 46489035
2360 2114 22979421
1842 2996 44403263
2923 1651 85736558
885 2131 24801952
2663 2404 92933713
668 938 4888816
2930 2987 63276965
1436 732 76654970
905 1653 5772034
2850 2848 68999529
576 2134 45947355
1939 2874 73671686
748 1572 81201616
724 215 98576734
67 51 13420123
1810 1268 65389615
2609 97 55187734
1722 2046 81245015
140 1186 64074436
2601 378 82615551
1192 1244 60913453
2571 1173 11126789
2770 2604 48439433
1415 2692 40287897
336 1038 5785806
1097 12 73988217
391 2015 10313567
1781 507 54819667
1731 262 96969389
2058 2372 92820659
2609 2718 73797255
75 1174 82161622
1383 1212 32271781
871 1220 24571692
2097 2510 35495957
601 1973 3816806
1381 1457 54227374
271 1797 52968157
1767 2657 39965629
2927 2032 61016964
1461 339 2505639
1644 877 10507017
459 1934 94134321
1828 296 29041470
615 1533 28094292
1540 358 50816279
2461 2365 40300537
1794 2445 63779696
522 2452 32821387
1409 2760 99607199
2820 1167 43620330
2759 1213 28199744
2503 18 3197653
2209 2321 76533411
1209 147 8380533
1460 1994 80318804
1814 2014 36127050
1748 1347 6475393
956 113 95086007
2136 187 27156073
1991 2577 64895664
740 1038 24795788
1661 898 13905725
709 529 33980122
154 1434 67461469
871 856 5668960
2628 1373 64903920
913 1658 37046051
1303 2393 20744401
2135 315 8868847
224 2682 34997200
1909 1720 14879951
2005 1870 34035288
1178 2671 86461961
1058 2362 14433179
105 731 44025748
2893 2634 5497990
1361 1106 69547439
562 2180 12107813
2949 1850 97315727
719 1804 47297651
627 1926 88542726
296 1176 86296860
417 1477 66687226
1899 2340 82320257
730 2146 91390647
164 2806 62309811
1436 2532 17055396
256 1891 94170997
2140 2967 44984651
949 2983 28477976
2239 1032 80734372
24 2544 36669505
978 1860 36523016
669 1826 74268435
1210 2080 90723370
1809 67 48980312
836 1377 7326487
538 1336 67303288
141 2364 35086531
1540 781 79485452
1442 950 17706747
1037 311 19223008
2664 644 51101694
1721 941 92385176
1707 2836 63931178
230 690 14714817
274 329 56298825
416 1747 43455156
1201 2514 8456340
1372 726 12436169
236 1115 92480593
1192 703 99173813
2562 2128 58307187
625 333 11181705
2255 104 53799448
818 2202 3949786
2535 599 66135543
427 318 61130394
1960 1778 84102431
855 1900 39466677
2056 1774 86535510
331 2593 79992668
1514 88 23509136
36 2171 38086047
2980 309 97329052
289 1839 65419733
908 2091 62533191
2988 2025 7573320
1317 1397 5650035
124 903 11230669
1597 537 22757460
934 77 92932943
2849 1533 5053286
2718 1609 31547521
614 1204 79805263
1193 87 53516997
2905 1189 87901927
1285 629 43880705
2143 364 83166940
46 1880 7617757
653 550 70525308
2170 700 53060717
2624 1568 8911881
1733 2375 3552248
2589 1567 26082516
21 637 75092742
2008 328 38548395
1294 580 59426556
232 952 11916230
2350 529 81810354
2233 2076 7172687
49 304 16052400
2440 1569 37990627
1844 2367 52242
2417 749 70633139
2517 2746 25641731
2475 1459 32346701
1008 2551 56146821
105 1594 7679826
1283 1042 60715272
290 2845 24734528
1675 65 70114800
2057 2371 34993045
2379 289 90159998
1508 648 91606459
2347 2798 62904730
1121 320 8379031
2997 406 59476955
1875 2050 56118169
2304 1309 10143140
1608 42 12855396
2873 273 90107166
1157 2749 90179875
1452 2647 42566551
1047 2177 37551138
2774 1539 74056808
1683 1089 42742411
2109 1194 71235416
2334 155 54096470
1574 1691 59411582
1805 372 66681042
1860 1512 57330130
2973 1074 31350521
1527 2929 75362869
531 1776 63877582
465 993 85266722
252 1885 95710190
2418 1133 61121509
1109 669 28472998
2572 1723 49251387
2803 1285 25927501
2262 560 78306850
2314 2601 13351064
2933 8 92578178
1265 2712 36297158
61 1473 49632395
2260 1334 30698041
275 1784 60365523
1031 480 15636634
2685 1705 46314250
737 836 54986112
2320 545 37332206
2165 77 3155936
103 214 61692372
2825 1785 73550763
882 1869 38776025
1731 982 89902059
1131 962 37931059
2542 1479 77077780
1978 683 36513495
592 2051 31929357
1201 2317 27252152
2303 189 38216601
2167 1492 10580504
1406 2884 61104773
1713 541 37547513
27 76 90745308
1763 135 14090468
1779 2354 21655023
1594 1988 11171591
115 2498 50392809
2476 468 2356906
2584 628 39079743
45 74 43743925
1879 2266 32105301
1779 1683 11079063
325 2146 6321414
1450 2173 52561221
1935 841 23391844
2440 1053 92833828
2938 1564 51567903
2425 2479 16162589
754 281 80879632
1131 1217 29645171
1102 523 60121321
2186 2399 14579022
1922 1369 49975781
860 2599 6386966
1562 1383 26397595
1084 2494 37889031
2125 2513 16473053
714 1680 13096461
2846 2206 27945129
2913 2787 77925464
1812 2106 35020625
246 2291 20713686
1970 434 15919421
1255 2454 40217646
2695 523 66653056
224 1616 20305827
2806 2978 52491464
255 63 48652074
69 1396 80591755
2368 2432 69345054
977 2023 31490424
1849 1551 86213846
2928 958 54362829
1230 170 53400475
2821 2303 49930662
1428 1645 3461107
46 2952 40714500
2521 1062 10514205
2072 940 95475204
1561 1834 71116799
8 1626 50882079
682 2565 11253530
1011 1662 39916075
2585 164 56451301
86 2357 59179590
1249 1350 54301716
1150 435 79962010
266 2750 14240857
2240 855 70337247
54 161 70152187
1024 1758 72126783
2172 2517 44804043
2453 875 3381893
441 766 34810492
803 2292 63921125
2969 1819 58577457
1302 1422 80625072
753 2006 15432114
61 2055 60759868
1103 1759 71166238
2051 1898 85301412
1832 1464 90041148
247 365 30609084
1416 633 87080804
2148 2950 29418256
1308 1701 59101046
993 1193 81428431
2410 545 9591994
985 635 59311950
710 1348 96435127
1258 168 34917079
1022 2456 78430837
890 2015 44899003
1086 1789 62208539
2740 2988 99143956
2707 2814 99730118
2614 1244 69802996
219 2280 35378062
421 364 21707012
1075 2233 21841757
2142 1650 56607404
1495 982 92856070
838 1153 49991560
1524 2051 32759338
2290 2343 37445745
72 1822 67880347
1831 2090 61237200
1799 2043 1316630
1474 2029 95374136
447 880 13213033
632 1655 6067804
2628 2194 87813057
542 2748 7615819
1692 2389 32326870
2088 2672 63266520
1083 1950 46485989
1589 2138 30067930
1214 1036 98969705
2481 2030 55429722
363 1162 48662838
1968 713 88712981
2143 2445 47649234
2449 2176 85839232
1950 2843 90221539
439 489 63545428
2733 2985 43854012
785 2327 80675089
786 2643 46225809
458 3000 1384694
2449 294 40471126
769 1161 74179259
496 2089 98970188
1521 1808 37226888
1235 591 4372763
624 601 20216251
1136 1725 32334585
2307 1392 64115841
427 1657 96226847
536 1652 45361182
1225 384 77637752
2618 1849 35634383
1120 2534 99420198
2151 1940 6473883
2469 1953 59200111
1060 161 35444254
1539 2773 19154756
1214 2487 78581899
522 1048 26136617
1946 2739 57215434
549 687 71594616
1741 2328 47655401
1401 262 22860576
2548 2284 86178412
1532 2522 7529635
147 1108 57345297
1346 2682 38863117
2697 198 59267708
2832 2752 68380785
1706 725 75640618
2380 2980 98378069
2954 2288 56159431
603 1249 15631408
80 266 4070977
1561 2452 97524321
1872 1738 22929067
2123 1716 69963554
1638 1820 82589962
359 179 32586424
2649 2533 11006926
577 537 65007572
2452 170 88256422
1079 736 72341625
2701 1064 5537545
2205 72 68684047
2290 2612 3258528
1857 628 57430674
806 971 82305608
2695 1945 32406500
103 234 50895690
2525 1126 8118587
763 615 66387945
783 693 32883345
1165 917 226916
1114 566 4144851
699 2323 25828293
652 1460 51098913
2050 868 97916941
2026 2852 52583524
2959 2703 26278034
2792 1132 72986659
159 2552 93485280
1763 841 26034279
2279 2244 24090754
2241 63 82663028
1996 999 87396617
1582 1532 83947416
2266 320 27942591
1528 1188 2944481
2080 763 61563252
2171 2685 7994221
2586 558 16759396
1052 1228 97374204
2149 2772 27905188
25 141 64783832
1285 379 13349429
839 926 43948518
73 2384 33909490
1122 763 59220217
2420 89 59637601
2247 674 67170984
125 1481 23982202
1884 879 62172933
2839 143 21765200
1677 648 66542692
1249 1175 17558924
2424 2634 67647864
1582 1069 56529191
993 721 9765604
1084 2968 74357495
6 2035 34835345
2817 2380 52732652
2459 2364 70203875
1984 614 96947578
661 2002 9736674
79 547 13992866
1843 898 16714735
2579 1008 58489067
1623 904 44260573
2393 2715 56722526
2272 1145 53695469
1718 1223 70520783
34 411 4785326
727 1610 69471887
2675 123 77772597
1201 314 31726817
2879 1486 63698082
409 2498 25000765
1356 2408 57941746
1140 529 31445540
534 598 61920023
838 2027 39716799
1307 1918 72433503
1014 276 52664182
215 1333 66503128
1216 1235 87694317
1768 663 98500621
1217 644 50335679
2410 218 43425339
2829 708 968804
1058 410 82742327
2411 2088 19613745
750 805 10764951
6 1285 11342678
1746 592 72158850
845 1017 8943272
1204 631 19416913
163 1807 6634216
1248 768 53839723
1230 1157 4966908
116 519 63006364
2820 2665 70073749
1700 570 5552950
296 2846 15461435
710 526 50502442
1824 123 51319694
2702 2759 91300756
1385 884 11426892
577 1322 66663797
1865 326 95209059
2613 2509 45616259
523 1685 9994539
1487 2861 73202635
1821 2680 30494885
947 2415 62315697
2500 1507 38291103
358 2927 40996750
77 2156 79964006
790 1418 33737170
293 830 11534645
1807 1014 85761922
1272 719 52473972
1575 2344 79407558
1701 12 54081349
2258 2740 18072386
1880 1299 78828779
1030 1208 8425160
174 1119 78916469
271 304 40734252
107 2303 71188369
114 2746 84112124
182 1014 45752679
2773 2995 76103367
754 1211 97971192
501 1767 56935512
2830 1554 60445400
2581 2924 80341794
1757 1392 20025464
1197 982 52552692
2390 322 39946229
224 2811 52567685
36 493 47347603
779 455 7994371
1062 1478 74858929
2403 2768 75405371
1615 450 21818748
2991 1835 31850099
781 1358 62388087
2753 2740 45801980
2597 1568 26197538
1848 1913 10064360
252 2139 54444760
2009 54 97658602
2536 1158 35403636
1696 1105 2107586
1652 2004 79397655
802 1895 31000657
414 1612 442875
1725 1892 75447015
1299 594 80333924
2861 941 27681011
2248 1907 5994095
2800 1665 62617886
2089 1955 31998247
146 1210 23273444
1357 2937 77992441
585 1936 76298225
384 2065 46799787
1537 782 95040411
655 2889 28313878
784 193 44727334
2302 1996 61526372
338 2199 95776600
876 320 76876542
1420 69 34826233
1653 498 47928532
932 1207 86350542
2829 2720 34177648
1198 635 51271083
163 2229 84805148
1656 1550 96923973
1050 2488 66101806
2055 2196 81426268
856 1877 89615426
862 170 95603480
1915 8 43830500
2981 759 74345432
606 2216 58310715
1350 2549 11182708
2223 2793 57493669
2440 2844 52562870
660 128 3125246
304 2783 96873517
576 2202 33949887
1562 2995 61632987
1945 84 67215799
83 1334 63567231
2628 1148 35435812
409 853 48103683
222 997 93367687
937 1132 60876119
2876 2413 40611569
1558 2785 60388632
2811 114 6807834
2104 1456 93401092
1128 15 766335
1321 1415 70264606
224 115 11145900
265 1659 71510754
639 2570 80021546
2482 1688 87747532
804 544 29544330
1363 1267 25713811
1483 740 58778066
2281 547 22931766
2608 1362 73865640
2656 2122 30628133
1514 1863 99428312
949 2728 92460937
2685 976 82204805
1542 264 8972669
2349 1258 14919357
2824 383 10469234
2873 947 12495545
958 1308 54566582
2572 958 28852116
640 1857 77257867
2876 993 66090492
2984 2798 12693178
943 2394 59487868
1862 78 19967477
1656 92 28982653
1588 1374 10592920
2821 2102 22056263
2297 2908 33014659
2235 1220 20520893
26 101 94993760
679 2635 8999668
2387 437 93410181
1870 2079 15895491
793 2994 53825341
1750 1575 28531877
2290 1056 36504695
170 1815 88190770
1258 1725 14097744
1007 2012 48396715
1695 2205 68610820
1028 2700 47363973
1341 2647 66325880
1797 1658 76884652
1298 133 40978067
1255 908 66494929
2634 783 72180095
815 96 90414844
475 55 44620524
257 1985 22836316
1497 1045 96404448
540 1110 63216827
2978 2948 32848489
44 2434 42813270
2513 1209 68857595
2989 1332 68243246
2366 474 30348983
670 952 65026970
2468 1220 78630220
1818 2883 33713088
1632 2723 75002965
72 586 91931136
1856 2309 16565308
1627 1506 96120554
2200 1927 72091485
2601 8 78647240
558 2933 25616606
1184 2009 52517966
350 2116 25856938
483 378 95425268
2750 2171 5568049
560 1497 71757092
354 2620 31545472
2540 1417 58543238
2423 1127 52762668
340 1113 83520894
1875 2775 56450316
1245 2644 82923108
666 281 22237487
532 1113 5684578
866 1987 6599983
2926 2716 49903666
1240 2434 96678973
184 2425 17419847
119 2290 59561667
719 191 75602577
591 1145 55802750
1256 2202 45286518
2466 2883 1916931
2528 2311 80084347
1767 2910 1799136
1460 228 26367392
179 1727 60970647
40 1444 71290318
1602 898 9868567
523 2693 24652480
1689 2765 69727007
2600 692 48482074
2022 932 62086377
1574 527 58862559
902 1437 76020387
1360 2993 44122537
1573 2988 11141151
2541 233 98549459
488 1015 25851577
1696 891 14022087
149 2411 11627898
1312 1507 95695859
2848 908 22427951
1336 2856 99571295
462 2392 29961929
2198 518 55997018
1726 259 87170691
2167 538 94794695
434 1859 14038698
1337 1849 12669401
2609 764 78978819
231 1744 43108018
2536 1637 68777902
2215 181 50255805
971 168 68314832
2950 587 73968883
295 2484 25489688
1145 1408 78530099
130 2430 16514419
1869 2642 58418252
576 2123 34978128
991 20 51863835
1263 1086 76219357
1379 805 71364566
1291 1783 33659496
1064 1489 75025280
1042 785 3469368
298 1508 68651270
1176 1466 92408641
998 1869 17182130
1426 1822 18607957
1080 1360 23899734
134 1507 35059988
535 1386 49167580
1793 797 89589006
2366 2840 24824846
2831 1266 82831548
1340 1231 10433681
53 743 12844499
1404 1069 2760142
1545 2240 59014363
1525 229 84667930
2975 323 26191273
322 2413 54357782
2085 620 59690125
465 2091 49466508
1095 2425 11240943
416 1794 85756250
1923 590 75730934
226 1017 58681410
1125 2202 99254066
1389 2164 88280876
1778 1583 30748808
1054 967 70706189
264 2076 56930115
1002 2385 46926640
972 902 67551223
1302 1038 89304597
1529 1249 84532745
1183 2003 62499441
895 619 52397145
2922 2709 17832487
1761 2049 50236456
676 2706 91441393
52 1975 49740830
554 477 63829782
13 2667 2504696
2537 1380 38245316
99 1553 32807294
526 173 83949301
1696 2735 7449441
909 443 41471723
2971 1033 74315167
125 1373 13381329
2857 2261 63794944
1082 302 41469270
782 2272 36855245
1592 2781 90996637
2599 2502 65481025
1318 1150 70043452
378 2877 97872636
799 1774 88867151
1107 601 43878095
1130 1946 67144854
24 2448 75229980
2586 775 27012348
421 1014 54032459
749 1546 23862084
1624 665 24205182
1169 512 50837830
445 2102 7572128
665 2166 18536283
1234 1689 70797567
2667 1266 76672422
2299 2896 52803545
2588 2767 30276334
2413 2743 36101406
289 2260 82144482
1646 300 94855743
1295 2028 74795905
2155 892 27454797
1123 2166 65311673
1056 643 44735188
1178 1334 6731177
1226 1310 81297931
1361 840 78171475
2383 2908 14115747
1421 2755 66938464
227 1863 39157790
1075 1427 40841411
1788 2495 45673758
1272 1293 1483446
662 1823 80147309
680 2102 13149654
1686 1348 90083602
2138 764 50595847
258 1420 62331218
946 2738 39378281
2095 1324 29798317
188 2278 94217487
217 920 51977271
1943 350 86550134
1341 2638 63165453
2182 2989 67017638
753 2331 78801340
2144 2210 94300939
1393 651 4704231
2256 409 26143473
2275 395 36806969
2340 1478 99587538
531 2297 88506986
1050 2424 82728731
399 226 47700658
557 1355 47974455
891 2291 50472864
1491 1124 36892205
1684 407 6056204
49 1712 88241764
1880 974 43684114
92 1196 62570653
1276 419 14069260
2602 1030 66640586
2284 404 50667177
1870 529 48019729
2581 2189 15009931
1934 571 24124130
317 956 87609010
2062 2498 71478362
2584 2429 93358485
2261 2809 57299455
1052 1390 74564056
695 351 83326739
2477 2243 78422787
817 2784 26994549
2305 1139 11810680
1272 1384 43289665
2884 1120 38044074
1880 510 77442543
132 514 54245483
1920 782 84285896
677 1171 64295476
1308 1381 34203097
1452 1819 58029106
464 2808 97495726
1007 2061 43310733
43 276 9269864
450 1518 36509838
120 335 62283929
331 2469 26992987
1150 628 28857217
78 396 99140525
1256 2193 96507831
1049 2547 7582627
60 1628 54876500
1744 2324 43387683
800 1576 18957174
441 1471 1643631
175 140 93364199
1552 7 95308702
2759 1604 54993996
858 282 96219750
53 188 56814402
2645 2788 66717568
718 2811 70867404
2206 43 35958286
2895 421 52821157
1873 891 26963896
1629 663 10019637
2539 1474 97816519
789 2894 30483431
2538 2732 2697232
156 2160 78198022
682 1871 76290165
2271 1736 93880065
2297 984 23387873
2667 1396 88894104
1459 1251 71322743
1564 1378 10159616
2318 382 33742331
2633 1517 77769168
2862 1094 29098755
174 860 31824303
1992 1895 29893563
831 1786 70046694
946 822 75203210
1147 1702 40821497
2177 2233 39600118
2789 956 53045792
560 853 63584988
1316 1497 67314526
2215 174 92820194
691 2754 28517869
529 1114 6219373
2497 1732 86973878
1763 334 14561929
1129 2972 95644399
1602 2854 68246960
1513 2087 12153322
1629 679 56357652
1343 2170 55345195
1758 2303 63942701
1022 2595 43555251
2844 1595 88517830
132 869 42493045
2436 2064 37366955
14 1911 87342960
786 2522 78311255
1833 1116 66099108
915 1622 4510071
1282 1995 58653072
2525 2746 66951675
798 224 79326287
1428 1283 5959024
738 2455 16678293
446 2101 23598205
2259 1487 3871657
1631 190 75990544
726 2828 51576023
725 1002 61260412
2351 1691 42064154
1372 1839 52155090
1861 1641 14863538
2698 1074 95235133
2724 668 22773058
1659 711 27376442
448 1967 53568184
2996 2812 12600992
48 1408 13975390
1747 1461 28596940
488 1989 72089595
1796 1608 30486142
1276 945 31556007
189 257 61699959
2067 2003 83644042
371 1926 24184953
1176 2495 58302818
1217 748 78443409
2673 1929 24151926
1358 2415 15702212
492 2528 15420302
2719 2981 44899702
1516 608 14341860
2288 1802 41286387
471 38 12369100
495 1108 25699558
770 367 95039691
2456 2943 21930370
2602 1552 88901815
512 1369 72558391
396 2270 90045011
837 1287 56397512
2853 2191 65123246
1284 349 37995734
714 502 63070778
656 1945 1348324
2240 1786 65872480
2281 1015 76139184
556 1758 73156135
841 2085 28291895
843 705 20249041
1152 1768 80886680
2274 2926 29445516
752 1372 22072795
1582 2244 28079289
816 2607 4946138
75 2135 66401316
1109 205 92088243
992 2068 16874182
555 620 53989698
408 2696 46500892
1071 2336 84600602
2538 1944 25465301
943 1655 62432503
2498 561 31687039
2976 2046 92611018
1300 2385 44483334
557 2753 55901040
302 187 4014090
238 1870 48526779
2470 2197 47360216
2101 1345 37032855
2559 2653 77726916
738 640 84940515
1455 2774 68784542
127 2079 72387755
132 631 71505046
531 372 57075883
2017 2596 89027944
2107 2588 32637803
2116 1241 24994212
419 67 52123464
426 1277 31399513
2664 623 9630443
432 2788 62931842
536 1764 95742804
2099 1739 44038073
1407 824 63146998
1056 303 36511196
2547 2616 94856761
1244 758 59830952
744 1904 58052215
2156 1059 55555747
116 1926 55879323
2524 316 56266979
2107 854 50344814
2195 831 6915502
2315 1398 90937203
829 799 65675683
2952 2634 48749894
1303 2299 36637717
2495 2504 96143339
989 2326 63895725
2238 2981 45094260
790 607 74168393
1738 509 69971513
2669 650 35689084
1231 1086 99167271
2593 1076 695290
626 2036 27515372
349 2738 30906591
297 1461 26262562
24 1289 14205648
1920 1157 67668796
2141 1262 82300973
2677 2090 36678236
2618 2454 92892558
2404 2793 18337680
1828 2110 32392861
1874 1326 52236080
1465 2004 40177808
246 1031 94040660
876 907 7113765
834 1200 75257357
331 74 58101682
2285 823 24500942
1451 2300 55058022
635 2504 81454045
2281 392 67029113
1282 970 67438151
802 2545 94082868
2623 919 76943827
2819 2782 4797454
45 1606 33538633
129 2579 88110076
2852 108 65911661
881 813 62542366
2830 2318 56538240
975 1553 9970285
130 184 90631224
834 2220 27905168
1621 679 9538362
1926 1660 86378052
2307 2913 13254785
919 2260 65822310
97 1587 9472538
1204 2538 29447710
1973 2409 4515875
1536 1324 68463272
2892 2561 99604482
162 949 45734477
1146 1648 44680213
2989 916 52637887
2964 338 47191161
1472 1684 19900107
1904 1460 20667623
1238 1220 77783127
2026 1316 11617502
2885 2848 50312807
2951 783 4051292
2771 2421 32973787
430 1025 4134090
2539 600 70262582
649 1184 70771803
1955 2974 65996260
279 2081 94483063
2184 380 10298144
2437 2632 14321054
2407 2359 12817114
623 1683 26752314
1725 1181 92897491
2258 2430 21697333
31 2753 31109420
2164 439 67268716
1042 1962 89565452
185 162 4148599
2267 1419 52475489
2679 2285 88214619
1647 1059 21433976
218 988 29119521
2179 1261 68745644
2344 877 10319236
1075 560 58693050
2333 2541 74512255
982 184 77662654
942 744 79920693
736 314 63524337
1833 204 21907254
693 2875 39080128
2371 1894 1152375
1932 392 52921841
1176 530 14210556
2304 518 63104844
1965 1133 38248698
1984 290 83958909
1552 2773 86992189
263 1658 81738568
1917 1623 98815200
292 1777 90740424
738 1231 77590808
1274 510 11952754
755 2123 31836471
1647 452 11077806
261 176 53880481
2464 1906 73219328
2391 2906 47857146
627 2780 66949011
2107 2463 15272836
363 1646 72663231
1512 323 75612005
1758 871 33257833
1243 2331 52133893
857 1827 2558329
791 2750 64412581
241 855 81434569
1508 1175 21307474
1051 1056 15083335
2701 1035 49997351
1004 2875 48914097
407 1392 61274953
465 2670 51284738
95 1403 1367663
974 1228 55017319
492 2408 99254077
1538 2851 14078090
2248 1845 78909029
1145 2945 26280540
2266 2223 50945480
2591 2874 17032168
1247 1042 62507285
3 426 57175966
1475 1339 62567121
2169 2192 34381069
1491 2640 12931857
1333 2992 5465239
973 390 19945407
2198 1007 33880872
1381 1889 77373841
1175 2698 21342421
657 31 23207245
286 2942 2679488
661 1053 68264107
961 1688 48040912
2375 2239 5643041
2683 2293 88305986
2291 378 45735179
1586 2082 73178814
519 2340 16141680
43 1853 42261863
1727 2018 53053963
1580 2609 60032044
480 465 71387451
2336 124 72346414
600 2876 52424001
2941 1980 25865755
300 1555 89254247
856 1133 37846012
1904 2161 86338219
2254 1331 31564435
353 1844 13516198
2012 573 34002830
269 616 9332407
2919 623 80564023
1448 587 53561310
1571 934 87549294
152 1321 38178010
1135 399 10304331
1257 936 54601318
2399 2199 99409249
808 925 91004945
2320 108 95738249
2195 628 62255440
110 657 66666704
2079 2482 54929229
2640 780 23379503
888 774 84230492
601 603 88532195
1243 1299 41279390
824 961 24574050
1062 758 78671190
1272 1469 73558462
245 2949 855406
1048 1266 64190409
974 2605 81648667
1155 1999 66082976
1797 650 72351596
527 336 200802
480 626 63668044
2873 754 69563343
1923 2593 85779285
903 626 51535778
2323 1357 52058269
2300 2173 73365006
878 682 22366410
2142 24 37078692
385 1254 1607998
282 1440 23587294
488 854 2036548
2701 795 22933674
736 1806 37718169
1996 1956 19074449
311 2068 60067043
2980 2066 93438919
1321 252 95173783
474 1720 8426888
2460 1988 96393585
419 1221 13077227
1476 593 3115581
1163 2620 44244685
2111 2319 59886754
2969 2748 83537079
1425 364 52113002
2777 2577 48009532
1608 2996 74153143
2680 2704 1060126
1952 1261 66747801
1890 534 87082375
430 1291 51590228
1662 1176 42068648
2320 1732 91599002
839 2251 80868844
634 1053 90651299
2796 2436 98097012
890 1114 43629599
2952 2737 41580208
1868 1809 7584222
2657 2245 18423479
2822 206 77995956
2589 1591 80494920
468 199 52732900
2599 2690 7216977
188 280 25021273
21 469 59806545
1018 2719 71627108
1300 2060 10103946
2763 1553 43367874
1682 2411 98554181
2077 2706 92498696
842 2233 94159515
1773 232 72064353
922 1458 20459119
2303 455 43736989
1303 2019 15240320
16 1509 48133637
2262 1849 6420536
478 1799 84928931
2955 65 55656354
821 2449 77104879
1957 2345 42697332
1947 2577 12229151
1256 1748 70668065
1556 2851 33647964
793 1104 48336198
1854 1981 44163990
2837 2507 41477086
413 11 39579281
2968 2064 38120563
822 339 25907094
1225 2974 59273023
2143 1378 30802756
2979 1841 78034624
2717 132 1645485
1725 910 73163014
1067 1950 69574911
2994 2146 77579518
489 391 135397
2217 2210 96669964
2578 1234 29681581
2013 939 48607712
723 956 31137605
1133 242 86079225
921 723 54202202
1556 1364 16940902
2947 1444 822468
2072 2246 57222971
475 2195 23016658
1382 5 54535091
2696 934 83954628
2715 1391 19001865
975 1329 28556195
2189 815 78196171
1444 346 21752710
367 1724 82581203
660 2573 13973222
239 2754 370419
949 832 54796031
2122 2189 70218552
1675 2288 85002269
1476 2084 14032390
1620 257 86568161
1676 1659 19896860
1892 2457 96561952
46 2039 37613397
1689 1893 93109241
703 2437 88165552
2023 2449 84951416
1132 210 62727351
196 2842 72872536
2169 1259 65308833
1196 2830 98528032
549 510 6755173
516 1298 56207651
2340 2422 53492765
922 1370 64412193
50 1770 69130549
1458 2500 40177449
1542 1117 33157994
650 596 11560647
1851 1198 58678526
2415 2104 11119662
471 1656 89707371
604 517 8561497
2208 178 71480997
1224 231 37431062
193 736 28617421
1088 1660 43197631
776 1223 76020504
24 1968 3854845
923 1476 26157722
670 1697 35439303
1301 2788 23189054
1854 396 1568657
1156 12 30550148
589 1933 10328572
1381 417 77748141
657 1129 7597608
2341 409 75828915
2727 1183 18465754
2601 2503 99660688
154 1233 11136862
1334 129 83469532
762 1335 59853082
1017 1365 25974646
1865 2668 40595985
1543 2831 50380379
1063 2253 70011373
716 2979 5354655
1974 648 51996146
39 2528 81197850
893 1754 83115730
604 2202 50114322
425 2551 17412773
2191 2678 71465826
2422 2309 1118656
391 561 17313155
1409 2921 78629379
920 2696 31936713
1656 2407 26623347
1958 152 76232268
1680 1868 32884059
135 366 21373660
1052 734 36069614
2089 512 59370934
604 2554 5132598
47 2889 41124819
114 2148 15744614
2264 2768 56356578
2438 2466 90587774
2407 728 85095195
1634 977 35828222
1322 1184 31637594
1781 1565 76464530
542 923 94934513
2676 1075 39213723
1328 2888 11200073
1291 2266 39283160
1797 1107 59902241
2111 564 48887105
1050 2625 93722302
2678 1721 12416418
2164 1799 3647027
1492 204 69523438
1160 1026 62800399
831 2682 33800147
339 2335 93432480
539 1545 3712660
954 236 84275126
2654 2614 10784237
578 2244 1973508
1300 2269 34960729
2936 1957 44642742
251 932 86452529
1912 893 59244546
2295 2119 16429110
2281 119 21036197
1741 2980 70406698
2767 330 71498428
507 1224 60931672
2206 2186 95493740
302 1935 71517217
357 2796 90244248
738 1055 74248039
1511 2940 87528990
1244 2484 4278419
2891 2225 19819702
1970 2252 59497847
684 1439 82917595
2640 1371 334000
1880 1340 39693184
316 152 79431579
285 2795 64106793
1930 1261 67745213
822 1354 8149396
127 617 74256824
1465 1798 84641959
1226 2417 75332795
2299 1853 66937720
45 1929 21357487
2945 866 26686766
2423 2343 88441715
32 1356 72442029
1644 1432 44590309
1205 2695 12874889
1738 2480 49910633
2237 815 33522298
174 1341 89734068
1773 131 9470056
739 363 72629462
954 127 19997953
2297 736 97565562
2489 2240 31700806
1722 1848 59000024
303 1739 11700991
2093 169 72629824
2384 277 39029601
2287 1128 7995511
931 1147 23452650
2820 377 43429925
2132 515 29592826
937 105 5835888
1615 2336 33529878
1084 167 91545590
355 305 13178400
2386 1597 14078519
563 1433 86631842
415 867 10176755
1422 1007 70084040
968 124 42071928
895 694 81628760
2483 414 8708832
445 61 41567220
1228 453 76064687
2139 2528 85312667
1096 134 44197223
479 1916 91148424
302 2120 10957676
1470 2710 77079734
2416 2374 89712044
2526 1499 97662905
2581 2661 41060340
386 2136 85132477
1746 2355 75843572
504 562 38641783
131 1405 78583178
2717 1663 95228112
1989 975 9329889
534 682 31779828
1422 903 68285084
1352 2721 58485246
1658 1433 79018100
127 1106 81332690
1351 467 78782263
2794 1137 17550922
1729 1426 62780229
1621 2330 93413501
2198 2570 48803273
1253 1876 10271521
882 1985 14879211
599 2635 37584457
714 427 14056207
2847 1884 94478767
836 2326 2787649
1196 2124 94973079
757 758 84187434
2481 2040 89886616
1761 1961 91305871
2693 2877 74486993
2869 2516 45219953
1051 2888 60308877
1487 2755 29663590
2346 2935 67639363
723 468 91026957
2357 2877 55776748
2615 1907 86597194
746 1801 88443211
2183 1494 34990272
951 1662 21991552
1800 2441 13147107
527 2211 60878312
657 2 60510442
944 1723 21855625
324 1638 39008856
2463 1421 89078113
48 1921 34325456
1393 2477 12173093
425 537 70266039
1731 1776 29118182
541 922 60282799
634 747 76641332
1857 2178 19324370
1987 2227 29351826
2193 1950 86530973
1907 501 87674145
1754 2842 5354849
1447 1487 75529231
673 331 91397371
924 540 49679364
717 1856 66736122
719 2930 8820201
2008 700 15325376
2156 983 60675422
1153 2852 17311431
2826 1174 83871040
29 1142 34915977
325 2630 30127737
1008 2102 77066666
1801 2955 70223466
2871 2403 12797818
2229 2962 51349549
712 2719 30599367
2356 2719 47547583
1127 74 63441789
2493 1681 71737159
1730 2750 61432344
1051 2732 33744148
789 1491 63753084
108 2262 55076860
2526 708 81323831
2974 1602 59217290
2641 1991 18716692
116 2534 15418969
2108 1008 58151164
1452 839 64200093
2147 1405 29686271
1539 1155 5694507
139 402 78554866
2206 1389 45681699
226 1661 17320571
2466 2292 88640791
2357 1074 67043519
1140 1148 71777997
984 1063 7983458
209 1745 62967792
2624 1361 17969552
2510 906 29929265
1771 988 8013157
648 1331 76617099
1197 510 30093682
572 2617 22816304
1420 507 38678959
1447 1161 46941743
2908 593 42623503
1773 664 8688511
378 581 13712441
1301 547 63693053
1308 2307 89188048
2643 2368 28747035
2967 65 84160577
715 1666 6239126
871 1611 99257532
1036 1792 25587237
673 2535 21684604
2593 1093 39888836
2811 2041 96442695
2289 1368 51045088
473 2119 77665984
1935 1516 64452800
337 2398 40131969
609 928 26848468
1191 178 43678126
1781 1416 85873360
1057 1665 44126304
2374 401 3812524
1371 1391 8821569
2546 1160 63404509
2650 2418 96655918
110 2274 35001442
2708 2975 51803412
1631 1580 46909596
2734 1770 53130517
1947 547 50794475
2596 2168 24441569
2349 1269 64772936
2787 1568 729896
723 1349 93960286
1425 740 20917071
2281 2913 87507269
1042 44 31384489
1686 2927 12444391
1956 2611 77787777
382 1147 58924107
67 910 95579602
622 2009 25910539
2253 587 89540741
859 2256 38229168
150 2879 44824483
1457 1724 55276985
1756 2958 74787924
2591 618 11958692
451 1086 52439400
2041 255 30968583
2184 1508 79056914
483 544 91904792
2273 476 33571161
1756 2370 50061790
434 579 52712410
415 2314 12423235
289 2087 81688810
2187 2838 26994645
2186 909 89732460
315 553 4092024
27 2809 5005451
1325 217 86713432
2688 929 76844682
2174 2796 66980081
1343 2922 37993344
924 1374 79822295
436 640 29855413
138 2099 99231746
2756 384 96966779
894 2538 28929600
2085 545 35057038
685 1935 49748815
1828 1949 57654629
1644 1327 4535695
2165 916 44855630
56 1799 77192163
1629 1337 91511691
574 372 85242372
1674 225 35281865
531 715 51631574
2248 274 17157559
204 1994 91873075
1437 2049 29368059
1158 2180 2349896
2757 1850 73452949
1861 2127 75696962
2302 1755 83512039
832 361 88591663
636 1560 69968638
1083 117 4844818
2972 1663 14365203
1258 2282 5475159
1252 1013 6237327
596 1948 65698536
2737 2254 61692950
2108 1440 13098036
1870 1864 53954817
529 658 81450364
859 551 96293910
2398 977 52308261
2026 1169 49172821
250 1425 31213806
851 2858 45184048
1376 2736 1472101
2296 1752 36022988
718 2873 55659182
2001 864 70054335
1042 2362 60667561
360 246 55163656
87 2000 10118613
2004 1896 4607873
11 129 39118550
1346 1650 21763167
2779 2360 80383192
1974 674 64219392
1636 1724 15370599
1773 1717 70436720
1283 1977 4354971
445 1839 956274
1909 1227 24020304
2002 1501 47108925
1095 2185 45151216
714 2950 58114624
1454 2343 35566359
1537 1941 64875591
2351 2050 24768745
813 2759 59873179
230 623 30112152
1066 1618 6812591
2506 955 65984254
2334 154 10955005
383 2747 24333850
1429 1710 46969736
2129 1213 14874836
1172 1504 10599749
1719 28 27351085
1737 848 76020820
1005 94 56298063
832 896 1707392
2639 881 23973592
1791 1464 63151214
595 2417 58739417
571 2939 45034380
2383 1842 18449042
1791 1430 68145432
6 403 69757494
2098 752 4571949
815 352 64150419
841 627 65473874
21 2110 89771408
1416 791 70975256
486 1618 10996935
357 1447 67056259
71 137 86152781
1060 632 6738334
2629 992 84336895
1706 2120 62327432
1189 1708 71714758
1693 2164 22308659
556 1635 49965493
1946 2296 22156492
2895 1032 92134692
2124 2154 53795177
1323 49 360878
2531 2142 45730166
2477 628 16455510
985 194 63650271
834 556 5728362
974 1307 64427376
1751 1152 13186391
876 1469 41521685
2345 1084 92669625
1074 2773 57265761
2764 69 4745651
1821 1090 67009103
927 2056 5762117
2809 415 28642577
1373 1466 69319386
2883 2297 44223596
1741 2336 26283653
897 2806 98551548
2331 31 91293093
504 2067 72589852
2739 812 95103094
2971 4 10475691
1451 917 69164558
2850 950 32738435
353 2341 98902038
2327 2856 24741608
408 1626 90131759
1834 997 94873843
2798 1186 45037126
1317 2042 95224518
1145 257 18647184
2327 1373 30586785
1364 1955 95555093
2605 1563 22396008
2101 943 83267160
2635 1424 17849773
209 2449 69290198
318 2346 24681339
109 1062 15878808
2188 1741 30002264
2062 547 8396209
769 2879 14775614
1009 541 75725469
555 1133 49040966
2459 1233 68748247
1182 2747 40332785
793 1452 32016928
2144 30 39992586
1519 2940 18742627
669 781 49652283
2180 836 77985456
555 2642 68640549
284 251 77064829
2646 1125 15374471
2012 2828 65094058
531 2969 31765174
712 1374 43757212
2128 923 82746478
695 1125 28428552
2498 858 97587045
2236 773 23109380
685 784 19768068
1950 1629 94912831
2574 2189 66283639
1352 1585 5523084
2691 1211 34540134
1201 766 19360662
1672 2218 32651215
2340 105 88117533
2147 2213 1533514
1575 552 19801546
1968 2889 3912383
647 2622 96400607
764 2285 32651456
274 1033 85937845
182 1059 28559983
2075 1815 43100168
1728 2339 38683109
1408 2227 27657419
929 1336 57012288
2814 1404 56690347
741 1471 77663372
146 845 54970704
202 1430 28175066
2713 2573 16183760
525 2866 9398335
992 2200 1704793
545 727 63555241
1124 19 87687317
1430 563 33444639
753 2171 85654696
1894 2042 72432222
1502 2125 75189626
2264 186 22106745
2559 1774 82024690
769 1280 27928110
1729 2587 61942947
2653 368 9126451
1928 890 23531793
537 2520 44568211
2483 2606 55513124
2539 2748 13474111
2933 2541 21088702
64 1762 75893445
261 2613 25025740
2660 2054 90237302
2870 2394 63327062
2892 1142 91175455
423 2544 67991182
2934 2359 13835069
931 526 20925652
1286 485 40136388
1024 2352 52555124
2041 2702 90856692
364 1675 95902302
926 1510 88286194
1226 1468 4924286
575 2531 82817026
2608 2208 62441852
1235 194 79871619
2547 84 5617470
2591 1399 57610991
2464 53 56795221
159 935 13555456
1612 1216 76435645
176 1496 84960827
44 2627 36077848
1600 1959 19369322
2469 2937 19046344
2691 2569 42758974
44 1825 20443080
1927 1786 45193299
1742 2110 98067036
1808 1103 99380091
1288 2839 67573099
2772 2950 33788687
326 2088 78019409
583 156 2603144
767 1982 83826566
1534 549 38379669
1063 1750 28864183
23 1431 90224597
178 2261 15098333
1607 1110 1346338
151 520 74166914
1746 1688 66094318
1569 1148 68377767
1453 2818 19964745
1999 1222 58848087
590 968 15289710
2244 476 7737310
225 808 81465489
671 2721 66945838
348 110 49391085
947 1579 44686878
1563 1304 913874
1846 2368 99403131
547 2795 18835103
1197 940 82756626
1019 1387 83768837
2222 1779 71243813
2357 2197 43545476
764 1588 33609321
1304 2575 77090562
957 523 27585790
2392 2886 71867817
462 2357 93090142
1347 319 41319499
964 1671 92290572
1846 1350 62159565
2852 1998 32022358
477 2936 98787838
371 2391 31342555
1885 1835 89074810
621 2311 19320531
1187 2740 8760484
2217 1196 50466378
2238 1951 82726498
2627 801 34614984
2688 1906 60395855
2920 869 84139641
1680 1937 92137661
620 155 64695689
947 2162 29067097
902 1466 94356273
1709 1066 54555537
378 2542 43745454
2915 1813 9664822
2436 1275 74032770
2595 1041 43489576
2387 280 48705496
2953 1114 55123932
1770 2961 47166643
2851 62 79168343
1767 2507 71224717
357 2585 85973847
24 867 42266812
2485 897 74931274
680 1991 52052112
1479 2235 47474601
661 2770 31143928
2801 1067 75986760
2804 2386 30424112
1367 663 22179974
2043 1781 74464744
1958 2227 29072326
1453 414 37614818
1764 2069 15499301
2600 2076 75861314
1702 490 98759174
929 362 81897749
976 1110 50715267
1941 2855 56977120
103 654 98137068
2241 2279 75164786
1433 1689 26685830
2801 1199 78667501
938 793 64541912
1964 2684 66303950
1272 526 51104157
1422 2035 66344821
2951 1147 84487022
884 41 19167294
2508 1957 59598856
786 1483 78794081
2005 650 38879217
2639 2695 98223015
1695 2095 36481322
159 2192 35589480
1670 1112 58102017
286 1828 17846474
215 1787 35933510
107 2905 37134451
224 2325 54594620
2537 2690 84104951
2909 2538 54088095
2895 790 93473300
2940 295 42390878
840 177 75764756
2977 875 51627460
2362 1648 31959331
1986 2416 32573735
1706 272 61008363
1851 1310 45149451
1254 54 13039643
937 1647 75655380
2073 975 14941300
2210 2083 91164666
2241 2056 11129411
1179 293 91041920
699 1750 95467106
1584 2579 17306032
2876 462 82795545
854 377 97701789
833 1534 95443252
1259 2333 39357305
2367 1985 68480727
179 2659 77213407
19 998 58508306
1620 2249 59320942
754 256 40278602
1186 2428 70491053
1736 2654 56497713
1227 656 96699440
2852 636 11011018
283 274 33228151
282 1511 62150773
1616 25 98288993
2351 1836 73987742
277 511 78798684
1735 2296 50205962
506 4 57375493
1177 2864 29680576
962 2131 13254497
1000 2289 32696801
162 1369 5982858
291 168 15210981
1992 2701 98562199
1741 2546 11396126
2296 889 99325650
1332 1661 73108500
1216 1237 6512460
174 964 209642
2692 2316 5610316
2158 2358 60211717
1434 2355 61759990
82 1983 44316455
1934 1296 9524333
2887 2731 16647331
2693 1576 11711892
1811 2729 16569626
453 1439 73252184
2121 1485 95331807
2387 1971 86877948
495 956 42940001
2059 1920 5719244
138 1619 89983744
874 1796 46454674
1871 2079 41374664
486 1299 32578793
2170 1373 38757062
1067 996 85527461
2490 498 52369625
1831 297 77857987
2235 1388 93234115
2366 2233 35293969
762 2054 51408029
1974 1025 94417801
124 1911 23632142
2091 1918 4276501
125 1530 42798043
2626 1796 87293581
2116 694 71566162
1825 2880 3913641
2300 2223 84123420
1228 848 19298906
996 1505 35345081
2025 2481 58584828
1823 931 21613905
1773 2943 94340951
652 1833 95264434
1699 600 46931992
1934 2856 98917367
1819 2937 46155328
724 277 15146755
167 686 93288899
945 582 92815377
2687 2164 56930653
2387 1094 96471132
1117 570 84449422
455 2939 96251402
2800 1914 45852927
1026 707 19043562
2157 124 96530620
26 1121 1287973
2976 1763 82528254
1826 2156 34028827
2742 1228 45751245
1504 2527 66456440
2965 1357 94812814
601 2233 72794260
1913 1731 50728549
1177 1910 27322850
2096 2978 88003238
2279 163 46369433
438 1720 31688950
1759 997 30712156
385 1993 77661225
182 2417 84707072
2573 2787 97884017
417 2532 52751832
2744 2363 70202221
164 1043 57419736
1806 1277 18389467
942 1316 42581367
1356 287 82709333
1667 2898 68215717
2328 2989 43531386
1887 1427 56515613
2342 1885 24505977
793 2661 10160220
1932 2923 57089991
1556 1483 44212177
2102 1829 27791576
110 1524 45233669
2058 640 85088732
2669 2740 99879871
1572 2376 83479951
28 1896 33973477
1810 1195 36286318
2849 2789 52898649
1488 309 90444292
569 2016 4511193
1436 124 48407113
1114 6 28762420
330 2412 46546683
327 2092 57022127
55 2859 53752338
1870 575 32256662
2065 270 80088674
1276 1900 83808720
1629 1001 34775082
214 185 59073873
1414 2506 13229983
753 2841 59548896
1332 2918 69921841
2178 275 89650922
313 80 93924920
1213 1906 40543710
237 3000 75894101
2225 2637 87384060
2202 1873 27373824
2058 2200 38059166
1263 1193 31463576
1325 520 48420719
857 1964 47376061
2334 1906 15039763
340 432 75049459
2012 1499 52825169
1485 2713 18070836
370 2320 42045653
2898 21 30069399
623 782 37622602
2176 1737 24824827
350 738 56679605
2490 2409 96514080
2902 2073 25651912
552 2667 46938680
1882 2217 86117268
2228 2155 94782940
1105 1181 97780523
525 2967 9932949
2110 540 50447810
136 2459 73892737
1543 2489 56676630
2121 1846 81896615
1209 1347 92308324
166 674 49986907
473 2278 86776653
2139 990 47742482
2948 2207 66272243
333 2991 70108846
1671 1355 90462791
2482 1017 64697382
2439 511 39411909
1278 18 40579836
1177 1792 51828085
2287 767 26550673
2714 747 72443825
1593 2764 27985937
1975 637 49615731
2098 2911 79795566
437 1436 40642852
1310 1996 41768010
2713 1595 63192973
379 1177 81323165
183 441 26697101
1221 722 32387917
1598 2545 77620849
153 541 80318531
2530 162 30602846
1501 639 46859513
487 2248 50117160
1262 1068 46671344
2484 735 83796418
1352 1218 1436107
2052 1654 11364016
1072 957 92537602
2374 1513 43744266
108 835 62509696
2013 2309 27532297
312 928 4937619
1311 303 60900974
2154 538 79646828
1762 2029 74421768
1062 2910 58663461
481 818 10848999
1441 96 48568912
570 2396 32127001
2705 1926 46180791
18 1233 17762922
1611 44 77771068
1310 932 64555420
1003 496 51934606
859 2724 31409612
2446 1303 81654349
414 1716 77109357
2146 1125 21418606
188 1147 55189560
2508 743 55314788
1786 61 59718351
1047 300 33959204
1661 2927 36605176
2754 102 79525926
602 1470 65922749
370 1053 79830555
766 495 30346121
1531 2916 90201484
933 719 45936622
827 472 7684367
2870 635 68170951
1342 847 27026371
1477 8 73222007
1809 910 7703022
1894 668 46202383
1290 2601 347742
2240 2610 87037125
1254 2662 17402514
1422 1833 22293136
1337 1018 1507028
2111 1420 15924729
1520 1489 29352955
1182 2034 40621815
2897 1352 50032190
2314 1647 41661867
2336 2445 94961684
646 664 24246648
1906 2413 3427079
1640 2930 94477233
2958 1356 92666700
1381 450 79114717
254 2472 32913918
234 21 18022409
633 262 7967264
2221 1920 11751006
1868 234 81903885
1945 1352 77526963
538 2978 41959281
412 1906 8822671
731 234 78525954
1403 2828 69733259
1154 432 10651471
2939 49 49090613
1652 696 12582215
1008 200 5983938
999 1896 48953870
1321 1932 56179898
727 1612 85518011
874 604 80638253
2626 1371 9148591
2168 1900 86762686
2292 2711 12745494
968 313 85377500
402 1016 68140293
822 2352 33876763
434 720 93700193
1137 1702 25788320
545 551 64418143
44 1912 57441834
1163 1808 98502267
2734 2131 87515219
1797 2576 40615482
290 1916 84616701
1685 1278 6419407
2479 368 97330687
1319 788 19639305
552 2789 12845406
2153 1266 30894766
2931 1246 34251312
2735 1706 82539120
2710 1378 47265970
2118 2244 55189169
2132 1172 28958433
765 1115 57038515
1219 2123 98517178
1790 2421 88735403
1128 1427 91710280
1592 1790 40778718
1464 1433 79180614
735 2604 72268952
1632 858 79384263
1577 1139 93112133
1909 1563 64728119
1523 513 10305243
1556 2241 2677933
544 1130 2546149
2434 1065 52677236
2752 2148 54493148
1812 400 51632783
2493 1868 3780395
1959 1828 46417362
2695 2150 91656946
376 1816 44794973
640 16 35819958
2011 2091 75227864
175 1415 38502011
599 80 24211520
297 2999 52209108
72 670 64828317
610 1717 81541369
1850 296 25067192
2487 2887 98181049
1948 1997 51908210
2254 1226 63520710
1929 129 75809546
1755 1234 70373708
167 961 16465225
1124 1197 642334
1132 714 1103605
597 1112 66368658
339 2665 19889944
644 887 29089504
1786 1283 94362219
2581 2775 19729027
319 1486 94984801
958 1086 9613281
2837 2997 69793068
2187 73 99696793
338 2263 9433167
1209 2757 60494388
187 95 86527044
982 1014 13587122
1757 1644 93118926
1567 1913 34394688
765 1977 1010425
2576 612 66958607
544 1901 66586969
2822 2900 33400128
2547 1580 61032897
1663 2861 63062383
203 2211 8169081
1799 2685 65675296
693 1847 9717738
651 48 33550795
158 2861 74450340
2914 2180 49470935
2522 2018 22007740
398 806 89259335
2936 1403 20470162
182 2250 99005052
1388 1421 93653271
2615 1086 33797222
2706 1174 12173234
1173 142 35964299
745 1681 41212446
2445 2888 99289703
460 861 96503741
957 320 61822600
1018 525 22257172
1961 348 15836063
278 1816 98978687
1263 2689 73405346
2286 130 56774849
1411 2795 83486505
2880 784 34513811
1139 1648 85490923
519 2247 11564980
1539 1108 571409
2777 1220 42973848
1024 1085 73999778
2635 548 62924347
1912 895 65456536
1490 2388 99542763
936 1920 29673237
1179 2689 12759705
2036 1117 81368840
676 72 24654614
161 202 19498256
1799 359 16139848
2621 1893 4202675
396 1921 79237134
1628 2962 41921988
455 669 28626272
372 655 38264091
2373 1126 32323258
1521 153 71532045
707 467 43559586
9 1292 60075457
1958 1840 87637207
2800 1726 6417640
1458 882 18679005
2811 91 72087011
1118 1022 36328412
2288 2897 52390954
398 1489 257374
2436 500 23109017
582 744 51980085
1851 530 56536726
1485 1736 31515155
314 1568 94556399
2814 1246 86601881
2239 2050 69656381
64 391 29955165
126 590 9969989
438 1169 53942859
29 240 87311506
1902 1431 71634312
1256 2918 19241332
69 920 62784785
1885 2804 29578271
1369 1303 66565507
2344 888 99052414
917 955 32772016
1270 839 61239054
1943 2256 49043637
1909 1797 30047865
2980 19 53765494
562 1264 77856298
97 1729 49712529
1577 1804 31658535
2747 2047 50889495
1663 823 96627089
1191 2962 52159932
2322 78 73657508
138 551 87799306
2934 213 16323355
241 643 12902376
401 210 4180153
1409 2444 93288323
2735 1 24531369
2238 1549 46941498
958 2272 31569514
1527 676 17203653
250 1203 66260258
2240 1575 8736100
1896 2664 23860158
2869 2770 60455863
1326 2476 8098849
2157 321 57474540
2176 1451 19974643
2603 1195 21338779
2364 1194 39232728
1286 2604 54664643
2439 1400 47318513
2665 2937 54376061
444 1168 86133053
1963 711 23793144
1675 2367 11324069
431 355 88245471
2046 843 33660042
2555 1474 16889854
1805 337 98432970
1517 874 15291633
2546 573 95067446
1960 1382 5903202
812 109 57911099
746 100 71936042
2200 917 29359974
288 2538 18238655
1098 731 14300324
2959 1252 40305321
1535 123 14007962
1564 534 43577670
781 332 40330031
900 279 61585423
48 96 36171129
1996 2987 6841276
6 1710 98719958
2329 2159 38795911
243 1571 97821784
1456 728 7152365
2301 2220 66424545
789 99 27955808
1672 2517 24527957
2239 965 1209939
2466 571 9894221
834 2163 57778455
1255 1236 8537399
874 2930 94525735
2108 2581 54445387
2054 392 10992508
2207 2690 81091111
2034 2760 5938029
172 2313 82914654
346 1353 21848458
1081 935 20888491
1284 406 19586409
2242 2048 10141547
2742 1526 94740244
2213 2457 47412675
1019 69 19574266
2318 112 39319564
770 1352 46323137
2963 1634 57020537
702 723 11843192
2456 1339 82778937
901 2997 90030777
2483 1913 35429083
2884 1971 29639115
632 2353 44008645
2208 1584 99719121
2876 95 28064756
286 1178 43409746
1853 200 1417806
219 1526 49785711
904 1899 92090923
764 266 26083479
2456 371 16526768
702 369 17694557
1509 421 17716402
238 1458 92604499
1889 2911 19816025
425 1584 63246776
652 1541 66909534
1372 2090 43575114
832 2957 26535725
1795 2012 84180645
1492 2204 75862401
2533 107 33979899
2677 694 94694694
582 1643 77361274
1687 641 23856821
1090 1307 63165612
1503 1434 17117429
1360 1688 61899132
619 893 70236934
2995 1245 73181617
1312 31 3751464
1690 832 37107934
2097 2358 51576358
2136 1222 76184956
2262 575 86375506
716 2741 85285568
2585 542 64826315
361 2984 90882233
913 177 51741488
461 2070 32170624
1747 1189 49994929
2630 122 67752797
595 1294 53901120
2775 1299 74431396
1983 425 71649102
1270 1701 59235665
1475 2213 97755381
1880 1541 71713963
276 1476 48445661
2666 1520 66354235
1376 1494 50037535
2329 1899 59004535
531 1406 28360121
1418 1507 55468478
1459 2361 87941062
418 2205 3241702
1980 2925 24629516
2846 1398 43001119
2388 2263 59335674
282 2916 40814097
2119 2523 34807822
925 250 22600499
1435 1343 78122568
2331 398 2595117
1996 792 72535486
249 2166 54319303
2655 930 71261543
3 894 94948392
1778 1010 40579256
576 1434 98757023
266 2622 65471981
2835 809 93612231
1003 1547 46014035
235 1095 16649362
170 1165 12109143
163 1569 60404029
1885 2306 19687310
2066 1324 71557709
1048 2599 22670898
1979 53 53348971
833 776 19440207
2388 2913 92474670
2132 1858 34941341
1058 574 3343102
1558 59 62098536
507 2455 98164141
237 152 60401491
2226 202 91102831
998 2733 13131362
1237 2757 2651995
245 160 1954781
1161 668 55170489
2551 2582 22455800
683 91 70107813
2474 2539 87899804
272 1433 45522436
2682 2805 90965728
1765 370 21855169
1501 1096 81428777
959 1371 66348184
847 354 49486933
746 1617 11231413
2566 1679 18360382
2149 2657 35160943
254 229 35326761
1212 1824 53850237
13 1353 44814877
452 1523 16408217
2871 2743 63873957
1609 935 22261302
2913 2540 70125141
2138 170 43295767
2177 311 32275050
2138 1727 86125362
788 1667 5923009
2696 2005 26455111
1870 21 42491545
2303 127 41117031
12 1867 26419669
2590 508 79170133
2596 146 92339185
168 1848 16721546
162 2966 22919262
2163 1560 43463277
2387 2293 1433524
285 1712 99275532
2646 883 3943096
2369 103 42308222
1221 990 20037626
2309 2257 93212516
2751 2426 49552799
1182 1268 99551349
2257 2517 84234178
1353 571 3012467
278 2308 22545359
867 2492 66932260
702 2707 86723273
657 485 51327143
1548 2416 36103740
1880 121 33484089
2117 991 50728338
1453 719 45927485
1167 1990 60445034
1517 546 62163843
1726 2218 85807930
533 17 88108660
2672 1959 5649278
825 2776 17098654
161 2787 2477196
288 915 76137227
2982 162 41635076
1350 1817 84662222
1093 1410 88782416
2759 1614 50583207
2563 1055 31146791
1722 1888 83316399
1515 2975 82494736
594 2394 13708795
413 2871 51390451
2254 794 44646304
372 2011 94358381
2969 1781 2587329
893 2313 52264653
2922 2721 74675402
2006 477 93914570
2212 2841 6986433
2707 2341 81009367
2933 812 83441159
1873 1773 92421811
1178 1669 54748405
1655 2555 84886168
1457 91 79005248
1975 252 11259028
2109 890 3004049
1024 2436 11398212
1604 2295 15779149
1990 2529 15556010
2691 2519 54094722
55 2575 57946846
2623 967 64089396
328 1948 68357739
2565 692 81705629
2356 1629 5510036
122 1587 12254652
59 118 46584974
1314 1289 23300559
2775 1645 65602830
532 2571 97689941
2296 2982 99012341
580 303 1567615
2016 703 54297730
2175 2816 36467915
646 2260 22150062
1081 2253 34148110
775 315 78352662
2049 858 7498254
1695 1025 58190396
1235 243 28412986
1587 2098 28766000
2131 1303 29455055
1649 603 62359637
840 1786 74587900
1397 2139 5146673
2117 169 49533300
1205 1645 47040083
2984 1641 79556479
293 662 71343806
2463 999 38222200
2243 2556 20461306
461 2880 79536198
1275 652 19482458
1840 2802 98662356
19 618 22292387
2605 192 22297650
2479 1908 22648061
2554 2912 12892578
1916 2822 23357895
514 1832 43781937
464 1678 49329593
835 2867 43889275
2984 2312 32818455
154 2704 17941574
2528 1282 97633307
2148 2403 14985138
973 1449 43136893
942 905 44693919
957 1129 97640579
2172 1239 36637963
956 2496 7423636
2117 970 51787349
2799 11 74047340
2357 2159 54022765
1661 1598 35860208
2433 963 85199675
2008 1702 52032955
2197 747 28954199
2023 2065 7303919
456 2004 13606117
215 12 59067167
1062 2420 1893562
548 1611 94012536
2571 2726 31715448
2499 1828 33115570
614 2985 36335569
274 43 3649955
1722 1936 6946805
2317 78 87695610
2534 1162 63659761
2234 146 90199326
1533 2603 22696671
2501 483 72497060
1437 655 86550572
1124 2991 72340741
419 669 81667827
907 258 79705347
2501 1433 46727432
15 930 22587123
838 536 83785361
206 2308 39005847
1932 2808 10283868
2821 1916 2295910
1852 1804 12921809
2864 2079 31952868
1939 2866 68610848
1708 684 22820529
1078 56 34634387
1983 1845 32597705
242 1753 8609226
1773 738 21664867
668 676 27853713
2828 374 81156114
449 2500 86391999
1432 358 24245120
1605 176 97566338
1839 1360 59696508
1559 2956 50820984
1149 889 81567115
795 548 30681120
1511 1653 85342083
2741 927 76242374
2443 450 35801899
1340 1329 23478864
998 109 25126516
2484 1583 89426055
2860 2146 33409710
2545 1903 52423990
2546 2774 17621800
1642 2684 25677974
366 1487 15407491
2890 2676 50955555
1068 2562 76206736
2591 557 50967365
2874 1659 91268511
2759 906 11765962
2308 16 54645956
901 418 4741819
1208 1054 51781997
1863 824 46739108
2410 1681 74925815
1882 539 51816704
1471 1046 63288246
2259 311 11805054
1085 1524 37282732
2600 441 24734568
2921 2885 19830295
1332 46 40885190
2575 281 72108350
2965 1147 53217153
740 2843 23577483
2720 85 86190313
686 1376 64230718
385 2553 3314380
529 694 72410858
679 2180 36487351
875 322 43310648
2398 491 33664242
2208 880 6653252
107 1588 26620771
2438 2686 90577564
1203 858 16739006
2729 952 71852283
2994 1100 40349913
598 1052 191542
2743 1750 60345586
947 1295 43056874
2133 1004 76928420
12 781 26321108
2819 2893 50397813
1391 1452 53657723
2876 2845 66202985
2833 568 89203649
599 2105 8542985
1541 103 80012227
319 2614 12879911
1747 93 8287137
1323 1025 88258385
901 216 36840529
238 343 39410770
802 349 71290541
2806 214 95867550
1415 200 16917047
2776 753 61975045
2640 2759 99202304
1097 2758 39961029
419 54 41782172
894 323 74649257
2084 2299 83373500
453 115 24693440
1904 299 89045747
2593 821 21378352
589 1482 68876528
2968 2005 43388343
1759 262 19898028
1006 528 42982770
2852 1099 45864017
634 299 66346877
1464 47 8197990
1680 331 13747654
2209 1278 5316691
749 2901 81818753
1971 206 50990728
1582 2926 91529849
2475 2260 22673386
935 2787 83782475
664 2884 89066022
1231 2745 89017505
2572 2179 89826393
2193 1030 24376900
1254 2896 36885862
1724 1485 69476982
298 1205 81206147
2668 725 69427630
2302 610 16096878
189 1961 18357624
1086 930 13953220
2925 1576 4630050
1312 1275 3266299
1810 1374 24961909
888 2705 85466806
71 1471 86263626
1740 1417 79124369
1650 2906 73850078
200 746 53787672
656 1371 83322934
1122 615 30014279
1543 2119 59578993
1278 253 81341551
1026 708 8321611
1313 1610 68473862
319 885 33563108
1321 1171 60945851
2507 2912 53436856
987 2148 63912063
1635 1386 1803627
1226 2667 89580438
756 1057 91835658
2254 1604 83277063
2747 2328 7323881
657 1245 74749202
2220 486 86100083
2123 851 28301256
2806 1455 58191080
