1234 2876
690 822 71238711
1211 140 96488680
1164 1234 38980800
824 213 15269610
14 1141 1091743
111 779 365257
609 693 98973057
512 720 13768418
439 5 32078314
1110 416 1068365
343 547 83864570
325 351 95447593
873 1070 95286844
401 212 66294041
146 526 86205225
761 721 18278374
275 904 29036655
813 773 35781626
441 935 43525476
1077 821 27843132
343 136 96282053
462 1127 15741312
858 30 23262504
210 159 27257343
27 305 86881843
94 1067 58317280
82 989 5961391
698 835 87471227
393 1089 28869544
1172 835 38376248
8 505 59835514
869 925 1933892
104 1136 18487038
224 626 83106195
50 792 51180045
970 110 8494800
1110 914 84382619
1206 310 74453076
565 386 41290130
738 210 16060697
936 1025 51366877
872 543 13507821
545 162 13095848
296 993 70300951
1223 351 84304027
897 650 89102259
261 345 95719975
959 1178 90978938
596 756 19893876
953 119 56604343
1144 683 39559827
411 1039 50588453
3 801 91181802
683 916 58251347
886 1050 46324683
1152 369 52556036
800 1009 2452130
416 958 14324391
500 269 39709988
665 153 34475639
618 1 13300399
631 232 63847991
1119 244 91952493
1033 292 70232894
128 1041 92045580
156 350 33590959
1011 995 69289519
1012 958 67214309
375 921 48444611
1051 1078 11703492
223 610 99899301
643 584 92104423
197 178 56234284
226 1034 18376940
1062 576 94821611
569 1147 35731351
1075 689 13858956
883 348 37582157
28 1021 49495808
990 45 20922227
350 135 52663821
54 521 97353819
233 339 31906716
391 770 81205204
820 306 877940
1065 86 7295012
518 406 96664007
725 1177 77239528
181 604 90300524
1014 965 92606390
1112 444 64882123
932 1100 16388487
1124 1213 41840895
1105 274 40788051
428 850 57414071
832 481 63124005
786 353 82592642
707 393 18955079
1123 175 56399885
778 95 1478083
458 620 37832276
349 1163 17820479
193 446 97012803
501 395 35741807
220 216 17970224
705 391 94658871
404 255 92374661
1016 447 29266006
1119 953 6266367
864 307 25739542
345 1142 6721560
1022 805 87894857
306 1053 65985345
769 1169 9740289
105 196 42939017
1009 777 59270346
127 920 266925
312 545 77626793
242 159 43189013
711 527 42287626
257 326 95509237
330 542 9798378
1171 115 19859292
137 628 25419664
500 451 17467060
321 1020 81004745
47 831 82904617
242 153 79583507
462 102 37531699
292 667 22345497
1048 989 35764685
430 298 52434104
416 1018 38968089
856 668 34624068
843 1078 34452350
332 1149 21307122
194 773 21535314
1161 1082 57444746
218 694 5402055
1213 1026 15812525
1096 43 42122262
344 1013 86482087
100 253 399472
399 814 12054195
804 959 30859578
402 457 63193349
474 630 56918699
1175 999 2728880
1053 429 30476
627 1085 88870844
312 621 18269582
192 539 95385839
1214 909 92054180
776 599 39326222
87 686 52447294
1234 510 12156787
88 1043 70866119
238 327 87641994
1088 990 66270319
827 692 22928365
1187 268 63767514
453 741 7673065
397 706 32913063
620 1128 52970410
259 15 46920775
135 896 40726661
117 590 36865430
288 345 10510193
329 102 27804807
1213 755 40735642
467 426 17686887
916 972 2757158
550 71 52267348
670 782 17839426
729 1144 70972736
729 439 50995433
124 1108 86377278
429 1159 81265619
658 490 48591622
379 932 36239575
866 776 66766567
302 354 7882782
1096 831 82258638
968 2 39423463
1 213 10495757
905 52 10730230
1164 400 47567021
73 419 95879749
1065 899 45338245
1224 95 51499197
1139 685 99426290
855 203 38145270
41 251 67291803
1008 221 1987252
997 2 43602535
974 961 13293175
862 1012 50556132
1003 1127 83829327
638 517 65470911
63 789 49660278
720 338 54113922
187 1038 72527896
233 479 7213777
13 452 55988405
542 269 47556276
9 24 99663088
1090 189 74134365
1178 860 97900831
340 358 30080586
1119 1201 24434690
1197 891 64658236
585 155 15683763
39 337 35581973
684 589 65200547
90 345 58970440
687 980 83995500
306 236 41160866
1139 1109 78543300
768 353 26329088
916 363 7100690
809 973 80096635
862 82 17631381
728 458 40665777
717 66 53505235
585 195 60493977
862 141 61172286
260 464 40702484
976 926 94161282
32 367 1415171
368 1171 5636466
378 967 98604375
640 21 77474935
901 57 98745260
691 402 31775014
566 402 14370708
500 37 83873402
825 1231 82453972
911 984 82884681
786 711 52638271
504 1209 13337889
1137 683 86413922
1222 1121 93128316
909 397 26279266
207 731 30671034
249 210 71410619
1101 493 74499075
836 227 84178685
163 212 19989849
741 1156 72148248
789 599 86136318
966 548 73048315
1187 405 34958542
15 741 21009316
286 1102 44838162
1114 866 25401964
1206 537 22925379
1207 358 24653918
1125 509 46363727
1190 311 18563509
396 150 64773597
149 1156 12788750
283 1158 26757578
1194 803 95563507
1146 1027 2172914
322 1041 84643217
184 207 64411287
1226 1087 32559842
691 1039 69305156
1111 699 87082867
821 165 15355946
323 246 10708286
547 196 15442915
977 11 10582291
271 1070 39797461
830 341 94771861
819 782 64028189
1006 471 59873450
208 1150 34441051
394 938 47052907
750 1048 18911003
298 949 74230244
401 1234 5980130
817 374 86496568
1078 28 59017181
890 81 47613630
1069 355 21011046
533 163 50393423
216 876 36710740
575 1154 13800290
1200 579 74297321
573 291 7460727
335 963 34816209
950 455 44619327
1072 660 99810847
66 373 83339238
1007 1098 50470375
988 1216 37432248
28 412 25464506
477 1185 1563087
854 955 59387982
1001 1071 50522968
47 643 32032327
838 749 24530899
679 890 84704710
1041 1028 75303798
422 688 50885127
715 1057 38636984
537 967 28202908
413 1212 95362196
638 8 80606064
180 868 64069381
1036 962 48654596
964 469 56889327
633 777 25472683
575 383 66406207
933 314 43307314
1084 365 62125362
297 353 56926250
214 638 21565889
989 986 15596147
430 410 88608515
939 1033 61002024
1131 361 38094109
831 596 26522563
382 558 39655561
876 433 61352298
350 123 48828240
509 240 3486427
1227 222 27529594
592 193 79732287
1065 440 29274773
547 1014 64084886
654 801 79375453
24 492 12611176
337 164 42753386
809 121 59180880
769 908 37160726
1061 120 76773774
991 330 70639397
301 61 96136550
173 1109 8053846
75 347 63508867
1108 492 46714819
927 778 73756467
1177 156 85516152
1034 78 67995379
974 854 52806687
1032 1122 78439206
1074 1123 83729681
1191 1019 24499110
513 637 48054150
119 603 5962539
584 95 20508147
6 201 41276061
146 727 23308239
885 1114 77449586
333 605 23452319
45 16 62997657
48 310 58287611
1094 1176 22832241
374 567 33990672
1132 350 69058515
697 721 49837987
252 1078 99682906
314 39 92978980
20 574 38991788
720 613 85985680
162 606 75436129
277 95 94486816
697 1120 74823412
560 866 21718544
509 84 34236744
210 152 80610588
830 37 75862927
14 122 8868000
1042 855 82834394
696 985 28982273
112 1121 80996833
590 520 18058873
39 555 98302598
1075 533 65032009
230 1056 29520541
478 828 85240133
928 1212 64489661
164 77 43612029
538 337 29079885
505 616 57166943
253 177 74781543
1030 1140 53117828
134 920 63207600
166 32 85025660
254 956 98681890
1017 687 90729177
420 755 39347839
458 113 54766431
77 284 77802246
780 593 6460697
460 1215 6942576
959 349 14325897
610 1085 54369387
851 1159 99283505
780 692 82357126
16 828 83101282
15 889 43315688
1009 169 93723580
856 536 80022154
985 29 79549131
880 1063 28422815
87 465 58038466
122 1196 68716422
723 335 54689738
1028 1201 79390400
783 574 91630769
1094 980 27680647
85 1086 96747563
512 1199 89277918
752 36 71914340
945 445 3114245
999 390 41042395
911 1054 4077189
258 1201 62608398
844 957 34577127
884 1130 75753000
23 478 91636011
262 268 51287849
971 134 66405714
42 130 66606251
704 373 47758067
1067 1187 46759866
19 1069 98161219
1228 426 66041996
315 1048 57499405
800 782 67285424
113 1152 47782927
1001 843 63263776
279 767 27717351
213 780 64545560
1129 439 36575698
1201 187 10977781
57 1037 49381822
358 26 5052741
138 661 8456953
375 588 70359613
1041 291 98685971
1165 958 24657357
676 967 29850536
932 821 39343714
499 372 50293922
172 460 24881581
1156 509 75271088
198 762 46535140
627 32 6480742
177 894 33457312
495 257 18540839
654 270 73489651
603 752 10740072
1161 540 54940504
451 211 20032855
533 505 60241460
667 345 22151464
37 167 90384141
73 703 2505452
265 309 77453705
451 691 40744652
106 954 61011407
312 1048 80266282
1232 373 5805868
1091 330 52279373
1124 563 82169131
864 501 54020480
169 999 7843989
417 33 70897153
877 210 5197702
376 790 1588453
381 401 89036626
48 548 12606747
100 1198 95067085
465 321 44622287
953 280 63188481
71 375 54568510
744 1081 21992584
757 776 26290030
188 569 80244869
1185 619 79398185
186 991 50135049
1172 630 30654750
440 639 64212393
554 1179 10551436
585 665 24684460
695 1122 31052645
277 827 99724854
532 641 30222123
935 383 30686032
201 116 49542183
2 780 46350666
1062 749 96536047
838 527 64600759
13 124 20188574
290 59 97665822
1159 671 70272927
973 376 35317559
197 1200 83728446
835 211 50642625
142 433 35851113
489 747 59370564
497 757 11304452
550 399 7033228
670 824 15140593
670 54 72517323
393 819 29810859
1162 1209 58481714
903 1027 24713135
477 111 4222114
652 100 38980026
813 1031 23356078
293 180 22966427
810 1068 38730940
1226 1177 12276374
964 927 35240159
1099 41 83081423
590 950 95337217
1155 1031 82171003
118 600 59334371
696 1222 17599261
272 907 5553698
78 1070 92096617
901 693 63541548
122 184 94755239
696 1193 68038698
1013 954 62730522
529 636 33891089
641 811 84471989
985 1099 11419400
1043 564 65241285
27 377 30475362
230 803 78484405
1156 849 45184025
937 64 78894659
590 140 99640631
733 866 27531234
840 360 64442130
687 1104 89023031
557 1225 61670413
38 732 54956394
975 988 49388179
356 1184 18101296
413 1125 54972433
229 170 35696877
1229 667 71985920
775 411 46837408
986 415 58285055
721 825 38838764
1217 94 5321704
1009 1134 49163741
552 429 54694951
1179 1080 88414346
940 763 21898372
788 957 53824981
292 445 39192207
1107 633 36763577
480 305 82005538
758 240 41172254
807 216 68891161
191 1130 81051318
198 1020 17664856
304 383 59919350
809 260 76492420
529 318 77499717
399 256 38022625
235 67 43626892
1067 585 73556078
22 993 28723805
437 450 6912126
447 398 928505
452 1020 95710695
210 983 81872918
747 328 52021037
607 410 85332575
562 1101 8651416
317 185 8517310
6 418 26503485
1094 200 59843728
462 739 48941313
82 427 47767890
1028 107 48844505
928 1209 69754709
486 566 85567568
909 234 39168931
323 674 44640597
318 59 66892892
480 668 78702614
963 900 62870602
861 551 81275506
1139 1102 375607
690 310 67554345
542 1097 84099803
702 387 96080335
436 109 20219985
881 1057 63528812
247 493 9906622
624 586 45380423
1053 375 62362606
48 1185 59712718
396 983 63953760
754 539 32144988
566 1180 22230572
883 1024 45612623
1058 152 30062138
504 431 35844346
992 397 52284579
618 116 91243971
981 986 46760093
469 724 54193734
766 904 97259199
388 650 31580212
1022 1103 10399343
278 714 53883084
112 37 34949973
622 1201 56789729
432 3 82876252
469 1225 88553605
1085 997 14186677
249 721 85385748
119 245 54567203
223 814 39954562
378 234 35184310
549 982 6084076
682 43 64723818
1004 704 57717791
1225 430 37145746
584 472 51819106
635 773 50993161
699 387 34634506
1174 536 84100462
620 1146 86836993
285 996 24172375
735 1137 84002293
602 804 36034552
1084 916 49957770
723 765 16229971
502 136 36699847
434 10 94175279
694 1176 30618376
841 806 55569097
265 1198 78494050
137 361 84243252
1150 1161 58295588
88 805 59591816
455 772 6917978
460 681 4719020
1018 1188 32020605
1093 496 71134420
160 793 73177855
1101 543 1588311
481 87 19559134
776 997 63029334
105 1137 53020114
528 67 28481717
787 718 74025073
126 774 39641656
1173 802 47516249
416 447 35392845
1178 630 24786566
102 427 54781323
944 1021 95609724
1204 846 4536508
600 1181 40667761
398 188 73308119
1117 384 36711659
236 838 19818119
338 279 29010319
612 563 48863265
808 701 7040323
419 106 41579468
747 1218 80286590
95 458 14171982
524 1191 18305670
470 1158 88866587
896 869 58367601
1018 487 81763584
854 342 22494105
905 494 80077598
667 1205 4814972
316 340 57938852
988 1045 63354728
361 553 59827224
1188 754 6858825
486 116 98276795
910 638 81511321
1003 669 41402243
30 412 75541307
1102 1042 44590530
505 179 98239262
511 856 75944641
634 291 34442516
460 795 78009740
297 805 74422663
214 121 90101617
322 1060 21077734
531 253 94023299
366 588 7394961
648 634 72114585
281 641 21805540
996 114 48104687
1044 406 62697765
400 173 40796956
12 570 80206066
171 1037 64733985
200 668 78546500
275 697 31850441
193 786 68333493
1 236 4837350
433 1057 42451099
539 505 78715923
503 384 92031219
193 913 46544675
183 1107 16554203
221 763 15119303
1139 896 84761744
781 737 45421075
898 180 77913435
365 521 33491623
987 332 30487859
3 184 57169602
960 864 26955852
396 1221 69191527
236 899 19865147
756 331 59532900
584 799 58449210
179 281 17694894
723 41 61645770
380 1036 60904438
1128 972 85547155
385 409 66676
30 240 71286174
863 917 9064063
952 1100 80629245
194 269 30705288
421 710 5355511
883 1025 96439568
869 195 75578921
1220 676 47293015
321 472 48503754
1175 818 49718015
472 467 17965195
988 837 28916986
1091 121 29260162
1031 929 1133906
523 242 62245756
519 829 22545374
1182 355 68687699
266 688 69698095
1082 105 34904964
642 508 51965111
1196 466 34803879
619 461 39201769
502 957 46280439
335 555 53198255
203 1150 59804986
227 603 68391991
189 1181 86639107
341 458 33069092
513 1076 85942460
234 284 3880422
33 62 74899940
813 471 89479126
361 90 99387753
396 896 85118449
336 1145 81291619
1157 1185 31768873
1115 584 35289340
381 1219 19652374
911 567 36960736
825 306 12189640
1093 243 77253069
269 46 20476231
337 229 47554581
1084 602 86505535
399 374 10837972
1196 970 41106394
298 1194 17494712
1201 255 63545516
14 669 47892019
548 997 5477342
640 1068 93572415
417 412 46556660
26 162 53899530
845 783 51582843
433 231 95921948
546 332 15685676
1131 432 82999453
591 1100 66734919
1220 236 61183130
92 671 51257847
163 1213 56277283
95 717 64935341
1137 799 76721840
177 785 78480492
529 335 71560315
684 487 10570170
762 492 2552416
1021 284 15166192
558 1002 606835
87 1048 12811638
550 568 17717848
968 193 10954492
153 197 41631132
950 402 40253957
1070 291 50064912
518 128 86100918
994 455 96053349
255 1165 87050855
106 1196 54665968
1025 93 35177252
221 1040 70367309
807 232 26065386
622 691 75457520
291 699 64735233
185 970 81447264
875 315 24334129
1179 790 1069204
969 841 13912663
299 83 83947410
1165 1002 78694461
365 908 62611333
882 371 35092073
907 290 4820468
212 864 99959233
440 279 6518119
223 283 24123310
706 747 62443176
571 506 51899680
584 83 22347889
1176 688 71418885
279 670 30773931
522 426 48521291
768 1171 41282540
157 334 34744273
796 902 83582746
734 494 94302544
895 468 64669313
109 1233 4713421
580 1022 50085805
802 505 10417398
769 1019 61411066
791 703 58330299
308 228 89063546
886 525 36146075
1132 740 48253387
104 969 47348370
1186 414 721528
403 668 2573462
558 1133 13329228
581 1114 54794185
107 1137 76012756
650 152 26542858
174 636 28736683
484 458 21040012
598 675 54659353
1205 1048 14226378
1192 555 25152649
49 565 88887539
523 592 16279263
967 89 97700051
520 663 30315904
147 351 82950009
880 250 43132340
764 602 78451720
219 218 90353363
59 583 3190891
1226 400 31995051
914 1084 13033754
378 1098 19995583
875 270 5031432
768 741 45856425
557 444 53897583
705 279 11802969
98 654 70188131
451 449 35798970
832 807 37227614
346 990 48192110
602 1169 69133226
801 134 50949859
411 964 41482458
1044 319 64507136
764 75 14783233
418 976 6522666
796 1122 88828165
323 156 38880510
105 272 72987131
16 676 82718402
1034 443 62822551
11 465 28782404
229 535 1998889
651 1232 71402544
1118 983 48611491
306 914 60270420
701 741 66624019
1215 122 91646717
446 81 96259796
1001 1124 937007
196 174 95523315
234 1031 13439330
1003 27 25799661
429 364 32951762
669 862 59410730
1042 212 83233472
616 61 29324602
1116 661 73219560
452 1150 42757279
667 581 90138235
825 562 47097247
984 505 77788144
75 958 50134690
1043 450 97116392
987 125 28288252
1129 156 44873461
739 262 88867039
680 1124 73467521
511 42 42914210
762 351 13623442
1201 1029 54545329
1198 465 14726467
735 708 45185017
387 270 1035684
681 69 77054138
1114 817 98670618
1039 166 63541435
696 665 49263205
40 785 74921201
369 1164 65302968
1220 21 52936170
226 251 99428287
327 413 2745786
962 1215 57452818
1059 429 71207207
662 904 88844202
946 151 36626996
837 953 89957759
1015 895 89576615
960 1007 27399991
644 164 48563483
1160 286 37528735
1174 1171 42610289
340 976 46776592
966 778 97390856
822 406 55125596
640 103 59605448
371 469 66084187
206 311 46852665
410 925 97810106
755 1038 27473383
803 307 47778012
224 484 40969181
316 950 83353126
584 534 68698874
838 940 54875780
1045 701 9494056
603 939 94153978
149 791 56233487
768 750 19033159
1202 630 25885094
1210 130 56986395
626 634 10336120
696 207 72792154
815 766 1416922
76 313 58276172
98 37 88315469
794 916 64847021
624 386 67428055
896 12 69506079
746 22 22575752
282 16 29870853
826 232 93473306
534 312 98404787
173 265 37284637
695 345 97552379
777 914 64906886
530 61 60899237
351 828 84984920
1095 1156 68923585
576 614 34791274
152 218 85053360
42 1185 98103995
1228 567 93684117
280 910 8839315
1063 207 60169259
905 310 85243691
983 400 13231099
296 1023 73196100
172 830 58867058
23 782 94076722
1078 869 84688054
283 97 83686285
640 106 62307625
639 1228 34475265
975 1049 36314024
3 786 27869983
47 1213 15583548
771 370 35522607
258 743 43697008
836 779 19520696
17 607 81896550
763 218 82232973
130 1034 88402265
1137 198 77329911
767 509 87317491
1165 1182 66429305
507 5 79019523
941 674 25968247
552 767 83787493
697 663 73208951
1146 997 36135759
1034 1124 23058766
975 42 27189071
635 281 36678439
538 527 98747224
1217 331 28815981
630 417 34749024
235 634 91263261
1012 250 35805755
177 765 50593248
929 1209 19755065
1123 177 33225026
526 1167 92451837
1232 888 76814101
188 956 56429788
961 343 83711746
134 114 25358319
523 996 15937552
959 914 23898247
43 432 67297293
350 615 80569768
282 649 47536269
464 129 69820147
145 170 16719605
464 485 35267364
1076 1185 10634130
85 628 78777484
151 1146 59053280
742 827 17956331
922 820 54056883
932 814 65039615
810 56 15488339
426 228 5826427
472 537 79423766
743 560 82996276
441 736 45463427
136 526 21413123
251 269 39019667
815 930 68082951
592 66 38730401
706 943 98146232
262 1016 38971695
255 559 79621023
890 49 11739060
379 345 42244918
983 446 56952052
1122 899 23552362
504 220 68653206
874 712 96900000
1092 1114 57895936
78 946 14168674
714 941 15861240
247 874 29817125
1101 172 29527576
233 851 10951605
287 1016 48478340
457 485 9778369
1163 354 60270633
778 696 30740391
931 179 67457442
869 120 99204464
188 831 24146487
80 189 32326398
699 453 70699351
555 576 91166533
572 553 63666186
1048 684 92804687
546 613 77369608
476 389 58469282
30 990 40622716
552 578 69870404
390 162 10369049
162 519 78554606
7 1219 18682680
122 638 46732079
592 1143 80867892
362 573 28363926
75 678 41141850
186 154 59268248
1127 693 28331012
891 823 49062835
160 984 36123671
312 44 2191729
645 93 47914392
293 1035 27869926
373 37 54021630
1188 946 24518921
752 810 43562143
151 140 53200376
903 761 13157587
332 55 42707032
85 715 59605019
638 860 29681370
775 789 45409055
1052 752 41088769
126 48 87283418
138 435 68083970
158 589 52807185
978 412 83518728
1171 679 42141183
540 968 83873976
330 467 17207288
239 84 67001120
1234 334 26679827
721 31 11190268
839 1208 48371813
440 381 98715903
1192 122 18389272
1203 1121 47174827
768 600 43668062
1182 990 83633944
689 104 53709942
1126 1110 37819326
600 1117 93154099
59 28 96848927
838 54 28053063
471 34 25961585
1008 614 19521523
87 1048 68121355
240 90 53746977
717 762 35765840
788 414 96377660
859 328 29634306
1233 1166 5197781
1139 806 55080227
178 663 60289508
1168 1134 41159308
714 549 37550996
713 467 86503511
510 433 19127422
1119 749 83466713
1050 792 30096148
1019 917 18310744
458 533 21517869
133 433 91888031
975 15 57856285
583 700 26331898
1064 1175 20766547
254 104 69719061
1108 248 23825953
420 879 27060341
1062 519 96189098
444 143 61300538
1180 1017 65457382
666 560 46117914
458 913 33931995
254 586 54790294
515 362 38651872
773 121 53297163
638 1126 86933711
117 478 20104133
188 482 79700892
462 1177 62632699
1051 574 3516174
255 965 73864356
810 1074 24829079
1055 890 74291860
378 911 40398321
354 583 89760675
343 518 20457684
141 504 16566903
808 181 9110704
1025 1195 50340702
1197 370 24540656
343 156 22553955
1061 482 89385075
1180 583 77434510
403 1167 69755932
1061 470 47195463
1161 555 22912322
891 971 8543365
456 957 74731279
836 9 72134361
137 273 49338895
480 1198 40195374
61 656 9835961
35 563 71966738
496 1233 28589688
866 2 9050549
1030 949 24503517
411 724 84329832
1063 1033 91235188
386 361 34014659
375 1020 55636719
84 13 98122735
1044 397 26210230
726 882 46429985
592 943 30516246
314 316 3926451
155 184 22666126
1170 960 68703661
238 215 16715382
996 159 98056341
192 6 97472943
606 1133 467610
145 1167 59158170
879 819 19450545
1091 793 25125533
703 213 89081606
603 359 14083810
869 787 72985231
526 988 44138254
653 1080 79322180
1196 389 18901684
945 431 87654738
170 1101 66092489
362 58 22905876
821 389 80008973
816 639 98237153
462 721 73516339
355 407 89180084
710 1013 37437192
610 13 56137111
559 1128 34839058
25 1163 37000832
811 612 11555780
918 705 94337738
767 330 13210402
670 1125 70650997
444 1173 65286268
677 816 50871816
1083 806 35183759
111 174 47307218
114 1170 64802990
375 461 63956508
792 1110 1085965
246 479 99669089
934 459 64727686
487 864 93670956
212 968 90052896
88 448 55680838
330 577 60190660
422 199 47771914
332 110 26704481
203 429 39248087
904 1053 22531458
314 1217 35031243
401 1134 73516153
889 899 42160938
896 702 5853066
288 694 57450742
361 908 64931513
891 374 8051520
173 1181 98949864
694 725 98829511
1093 854 17894004
101 1122 38083026
1099 1130 57842016
269 445 54018669
1145 1092 92656720
134 716 75995624
424 1200 64767232
554 588 80419995
34 589 92892940
715 374 40940250
1184 520 21104449
159 1160 54085059
47 144 58536085
829 488 45744361
292 301 68987209
779 686 33688676
423 509 30758557
596 321 48626854
565 949 28661942
938 782 17759329
60 808 56668653
334 420 20292369
1100 1135 58599194
809 192 43860080
300 1022 1802841
1101 205 39442007
541 1215 60620861
1047 49 26819305
119 1125 53838021
1051 64 74641387
228 281 49893102
1098 1094 42093912
483 929 54230131
1092 828 43758155
1030 660 53911647
455 1031 32429205
650 183 77130640
1109 761 71424008
680 598 82310882
366 1048 92104334
1075 5 87054987
1021 1081 66677017
1177 541 26341663
1172 521 11554366
769 369 47936268
1109 214 25821141
657 159 90063994
838 34 45143111
593 1210 85269014
1149 519 32807986
1198 317 64228219
927 700 50958362
697 1209 58949000
512 1015 63601211
366 468 55433146
353 760 82125005
56 842 93310509
846 967 4692222
275 1046 77697790
720 1190 81511458
308 887 43948731
342 1020 39514800
401 461 48463076
669 514 33912100
1229 932 11425080
511 623 21747460
1230 629 31232617
471 299 99392240
1221 1013 23804859
993 489 67518524
1088 51 22926792
185 537 9390863
595 553 29246927
173 591 22674944
161 296 30892629
433 954 54976815
259 71 29485870
79 88 8599600
766 142 61426694
66 129 58670037
1039 97 84029569
970 922 55257664
306 1137 957598
367 29 82379721
904 829 89553114
597 917 48269722
786 971 92717892
230 659 4215160
227 992 60710
430 98 39153793
24 1043 35118995
395 199 4242204
426 414 26778554
746 1005 89546907
984 1175 88435766
881 127 11054495
638 935 41308455
132 1178 92270319
971 1199 15110339
1187 513 47224799
522 406 66321320
818 1170 93244864
988 58 91285626
786 1035 21896389
382 153 61453438
1005 96 45610168
364 622 98854497
150 1086 81900299
488 664 39104418
1144 1084 44990262
631 1046 90589374
609 664 7328740
69 866 77715929
1113 657 90826734
343 950 49284057
131 59 91225396
215 915 41617719
586 532 80538390
434 764 88605044
394 253 63980919
686 616 10021633
898 788 96120903
1026 1149 49129518
34 339 32290863
1204 865 69793871
730 1133 30684156
341 589 10929102
715 965 95720553
156 364 44389711
261 854 93683962
753 393 45211500
83 617 45856009
320 458 43955648
1157 679 19011485
56 139 37034981
42 172 32747282
277 223 88495777
1007 180 29368076
810 641 58747961
367 1115 13439702
130 1190 73689195
1202 750 89075862
530 552 1410724
1069 778 61661233
962 321 39968141
316 483 65351969
791 1014 65000175
785 1063 83181163
155 656 2797827
478 397 57638467
750 218 41576912
599 449 966893
1107 1198 56924522
1000 423 18019685
417 824 57484379
942 520 56575691
1112 1159 96281542
367 517 73095116
630 1124 13543090
814 910 77913464
60 559 80172711
1174 97 67385235
592 543 43516833
889 267 95930681
795 229 43053567
887 854 34032947
836 339 1268554
315 412 42804924
202 1129 24002814
666 722 62799598
937 1038 49488292
1055 1134 35215185
1160 327 27020784
828 744 61956752
1233 270 196084
865 35 40006800
766 278 30061552
827 1202 32748961
388 464 80378986
985 361 40744049
412 326 18933944
179 538 61157547
68 999 53353614
912 576 84375406
253 772 69259895
354 991 253624
109 889 51246738
933 409 44560990
647 1048 79390791
921 627 40986909
229 676 41219682
708 847 75178177
78 888 41991994
556 694 40861609
674 348 45442978
566 371 23527502
1068 825 92674461
476 1179 42877465
446 1066 21558885
65 1130 82463880
16 901 54505491
968 421 29044891
331 925 17203337
888 561 87535750
768 1021 59566589
87 1073 98896366
544 961 35435468
586 927 51041980
50 63 14212228
643 954 23082964
1134 464 63912009
13 93 25749395
195 135 62432094
314 331 80373920
544 128 85178664
564 312 29766414
282 120 4581405
840 373 53447263
948 1111 79820650
210 1186 22382751
311 338 42133200
393 909 41483353
786 28 22148325
1116 799 89563301
1017 369 91992943
651 708 43714795
763 1060 95735101
198 114 1464465
1027 288 89755112
1182 136 94083090
1102 229 32633665
896 117 47806493
521 1025 91365978
54 1091 95218788
1130 1025 65560995
173 970 38384760
345 560 70790035
753 705 7208498
1211 719 87061757
866 992 45282466
426 530 64651588
530 643 26545279
801 495 38589482
1193 909 61745550
721 791 84691093
928 970 15011318
92 1073 57569911
767 607 96530459
431 1180 88187502
964 474 35244371
380 670 57834551
283 963 86764892
795 1185 58308087
1188 705 17052245
203 834 47884033
863 744 70790194
777 746 37142477
2 467 66722455
225 286 10461549
966 946 22960689
975 522 69162277
81 1161 288685
308 1040 12844902
735 153 70406409
170 63 91834035
46 1147 43532647
130 898 89418122
852 349 31241721
1027 466 41939606
615 905 35384513
576 13 7388986
119 695 16684797
491 359 13157239
1039 272 89345882
569 529 68652872
497 189 28961129
218 1058 79022577
1005 327 92864227
336 606 89250266
660 529 47626677
754 1030 23186916
609 318 40491515
921 793 83421504
204 1172 94028388
23 547 56609876
1068 19 18241811
142 1229 92552999
761 1022 6187464
1025 1217 84340219
461 1032 34574661
312 748 25084693
982 1184 74194694
1066 605 59480157
354 91 43266687
1220 618 1545156
95 650 21435948
907 1175 54939636
330 518 41346939
473 7 99058903
867 840 59242237
711 115 73128826
548 395 55895285
911 569 17004976
857 361 68997437
947 108 72607465
722 1068 21928167
1170 743 37613140
947 687 39141278
623 212 97350928
1090 1221 63590688
348 296 94620638
1044 53 1511965
1185 226 32611397
101 40 5096367
11 748 51060814
843 375 50025782
808 74 10562605
274 1220 42611437
351 109 57243317
40 707 19765600
621 412 85307331
196 664 36319435
692 287 31291843
240 334 9567911
65 533 48279291
780 454 11928440
698 167 91776795
404 1058 63844321
279 657 45731336
352 1230 34038685
295 672 49060074
456 235 90092680
725 459 72345382
570 1011 3445621
996 1015 30860436
1143 782 28353328
683 1071 51581342
1227 1113 74730592
1176 349 31550811
590 975 7607814
762 171 6747924
510 460 20266799
1016 383 80079814
303 424 59404525
543 430 85255751
329 733 33967563
524 138 13572674
1132 474 40337662
828 726 75599903
1047 296 32880913
24 161 62694240
836 468 4940508
1208 1139 76599430
479 311 48946172
879 769 81351681
946 1194 35253823
652 1198 27838529
353 707 85126161
20 924 47648230
295 66 86006544
610 525 97803327
840 334 56241388
754 304 9425696
841 4 10033662
554 810 55451131
971 469 47710710
61 1108 68334461
870 700 26569972
807 250 48649683
954 916 48252164
261 1230 35684918
734 960 54433666
178 1107 69978068
5 1035 67766724
516 194 69686317
933 640 29949466
1022 58 80828660
287 211 26178438
1142 117 72052678
125 613 84977943
432 309 57017759
1125 286 51766707
347 905 60963356
206 1156 49946316
590 862 12579195
1080 566 30502145
717 745 68659585
1004 186 72117983
68 800 43464938
218 282 22085554
1116 1197 66826696
435 1201 4905438
1155 425 73937459
1045 327 5506864
534 1181 93527014
1018 1100 38012907
516 920 88045760
173 55 4576055
870 644 90065445
74 893 64069444
71 115 18071176
923 670 39272543
161 362 11714947
800 1102 41024719
873 120 38615088
1177 938 95320966
10 1091 16576524
672 670 72505974
239 736 33003701
987 1135 22112494
1143 248 17984533
798 29 46857670
321 1065 57796305
964 318 44225671
368 1020 93313867
261 1187 96398953
260 1175 16669210
539 976 88294339
576 292 11037708
1118 66 66459819
705 237 51132019
1106 843 45884087
602 516 96312798
588 275 19235227
760 549 15526718
921 433 84667026
549 484 4998854
162 543 15619746
164 779 2664834
823 862 50986651
865 1002 88134650
322 116 30934757
556 724 93105380
405 309 47486471
648 120 45642629
484 678 64659828
1202 94 38192761
626 751 84076169
970 931 48508449
579 1233 50001833
72 212 60030161
977 366 41896003
801 553 32314700
1216 126 39095768
263 862 31027095
296 412 59187714
1127 416 99603769
843 1175 75699818
580 368 19784558
1193 233 90556627
568 14 7696873
264 26 90261703
418 771 48850620
971 1216 91770888
2 324 85295043
472 522 74172298
830 667 40973536
613 159 69537589
535 560 63828750
673 514 65897780
1164 867 17736353
444 904 67985084
1100 800 27929867
503 238 70755266
736 437 72765224
950 226 80785582
374 990 6833642
376 560 32152639
849 385 37083056
25 1106 31333486
86 400 33308828
561 1005 11984445
70 314 68282166
1187 158 57956273
510 331 40157658
181 1131 1684679
283 770 69349489
336 240 43846748
992 1216 51685707
892 770 98721229
187 419 91027436
844 769 65773462
229 222 83200051
633 88 72061738
739 1062 61321637
316 517 6241370
652 645 85398903
75 1070 58599084
129 255 94436942
341 532 10092512
958 111 43436901
134 1193 49630461
949 984 39431497
1080 724 24687912
547 353 32121803
567 565 53861236
1196 362 87919033
871 202 85205821
157 407 61016050
1104 236 33762485
1139 181 71410808
369 178 3652163
892 1059 29449651
1160 266 21635305
431 226 78775049
287 300 4838080
110 320 45099765
1002 1136 56195639
25 891 41603376
947 1074 49369741
779 554 73110714
102 677 50097354
301 760 42221771
205 684 7463560
527 430 54489749
489 1203 93095451
909 892 13170591
1076 465 5600831
522 170 33737824
1050 806 17945685
522 645 39874448
787 554 24256813
426 924 23530717
813 990 9055507
1051 235 96893853
460 684 9407529
36 107 32842296
1168 373 29929318
1180 127 8423085
436 167 25721831
977 581 84296352
536 642 53508940
710 1094 62251767
680 1125 90380388
450 888 19448014
922 454 98559039
274 520 63569010
218 719 65030804
305 949 47073623
181 47 51749714
514 647 46110957
603 585 56985832
576 704 60611820
730 1215 88900531
327 289 13989418
528 381 17217999
158 425 89700669
1069 549 27059642
1176 638 2858522
121 248 80569937
542 949 85636771
836 1035 21217257
1137 737 34276629
631 36 71390208
204 1075 5203049
424 79 40174107
15 301 96944694
1075 1126 67408444
293 449 30496964
320 532 1466186
331 670 89768961
955 670 85570643
1136 667 23979692
926 320 16993598
219 516 19490910
679 268 18326270
416 770 71433520
219 796 12148972
55 694 46445426
1134 811 4446713
725 226 78263612
1110 556 81966790
720 426 36338604
1161 1029 51220903
1087 1121 47273137
1007 710 37899459
1211 134 52843052
349 605 51845687
1155 79 2450645
337 837 37428510
953 1115 7714732
743 587 33791957
618 805 46679453
793 823 31046594
42 817 33376174
585 589 16559759
461 663 37946676
1115 916 25474456
589 682 5532305
857 740 62225624
676 871 30845187
226 759 50573963
777 405 78365342
960 366 71035355
304 1072 40931654
394 178 38296490
606 745 27898640
173 827 21063249
6 49 39824588
1082 1045 40399780
363 764 39986833
36 282 41726366
216 342 55284114
725 31 57274775
1084 868 89525939
1100 207 89452044
262 325 12595357
577 604 20390113
1192 257 81238745
642 742 7100686
823 317 98737053
733 541 97086518
1065 339 84862165
292 1208 26978231
152 1190 44092157
385 706 32716178
304 1143 50709607
83 159 66267231
223 92 56485221
164 807 75119115
438 750 24169936
827 854 67449749
327 346 32158487
109 105 85846621
413 858 47692626
705 1017 38459620
1137 220 189068
1039 960 40356126
1116 671 45030968
726 654 48568329
252 38 34206602
338 53 5813025
338 1090 80806152
16 824 58802223
1186 1065 17184859
68 1158 90487675
248 159 80596726
804 51 42418580
1113 943 36275653
545 899 96350347
734 494 53363431
451 1169 38987639
926 567 56805820
929 1223 3675692
196 588 11479373
897 199 12030028
636 41 19205315
880 486 63023404
575 507 23719305
672 486 84899950
256 957 16927748
707 526 90790400
150 971 77343242
360 843 7665493
688 986 75818434
997 198 27520807
1233 1065 41768269
483 1161 15304009
439 778 53334718
817 714 99360221
283 1112 92338461
191 435 99696558
1072 397 60768319
721 982 98553333
679 768 63195600
224 830 94691467
891 844 98187383
1017 323 53340238
537 809 23595285
80 595 38612805
1128 429 43751462
754 884 42308902
170 919 84249206
723 123 59405330
1162 346 84362392
41 649 39333654
227 122 34223996
713 368 47062156
624 500 35668249
101 1070 40477064
1136 603 62749716
1216 354 83989002
1018 188 18750507
28 521 17868603
508 351 24426531
1122 915 21620620
1119 146 17700475
526 202 32390521
98 1022 32606808
174 1050 9286125
902 726 93202617
859 611 20485958
764 964 38217250
33 312 95415613
386 226 74907337
845 1156 31310482
876 156 5477783
712 1089 67477737
105 672 48990450
588 899 51751480
473 56 25217333
517 185 82132960
613 914 45309400
944 326 72401779
54 76 25940837
920 316 33619627
351 232 61360769
413 207 62884740
910 1225 20058346
228 767 81981039
522 934 16778208
231 637 81071901
547 109 92911023
474 730 22209231
1039 588 13937044
1032 373 77230163
882 1002 11611917
815 245 62225972
230 1116 97977458
1048 919 94981542
652 465 45134541
235 1001 36996776
662 1211 94816291
89 461 57126978
787 405 4643467
958 162 47007626
1170 168 50357302
694 532 89470061
222 4 99678224
674 1073 94442119
334 281 5648197
1186 186 66584777
471 248 79100922
245 205 76693913
1180 446 60821746
921 629 27381357
1010 337 1144680
127 73 30861387
947 656 76158106
873 103 7583386
1038 157 74301964
341 879 82046759
1136 345 46832995
1142 21 78406683
229 795 85200999
690 1219 84322880
469 721 98514399
1231 1114 33449487
811 64 76942067
835 155 33386393
607 280 55292490
1048 166 41344249
1044 784 54007524
610 467 70120070
891 445 56825198
127 1169 86633644
377 33 38806134
676 297 72520057
938 323 20375258
929 161 23980905
5 1222 9674605
157 1035 56833913
208 658 20442931
497 905 75131479
731 1187 2657357
380 590 61354506
65 884 82666465
831 1133 58592788
625 834 49448779
8 1181 80362983
902 869 9491097
884 21 77661692
265 778 5630074
557 858 14625570
790 566 53754725
227 684 90842585
112 1001 67495872
984 797 7268693
728 546 42073274
942 517 63677109
541 945 56268320
323 693 90249786
840 1223 60407862
735 1216 67058975
956 59 45855280
1051 964 12775367
771 839 14097274
731 805 49671016
482 902 47432394
675 732 53549397
15 1020 73385213
535 305 89360459
1100 949 19267629
379 1030 45165360
595 53 78157798
490 824 25270864
74 1203 10305775
254 574 15301245
114 332 61305279
697 60 54988477
843 1049 90491948
1187 598 65649244
76 649 57383093
792 911 36434547
704 1142 9145978
246 1229 15968231
1006 1153 40638933
503 284 8124708
955 1023 66413992
244 1127 1894598
1090 412 57571552
1037 1218 25592449
57 327 30396162
238 1193 12868944
935 39 19636103
1029 615 62399739
1093 1060 97975382
558 7 20744269
100 307 24877325
785 359 90729891
633 930 88302327
636 291 21246501
763 999 10189096
764 362 47802135
559 295 133777
197 224 71804193
673 1167 11851343
331 1109 76657486
936 82 46196684
80 776 637334
1215 133 25663718
388 325 32137212
223 386 72461864
2 753 73284615
853 637 75264375
690 704 49316363
55 417 15106827
423 624 87600751
684 366 51023469
634 1082 68736953
570 841 33653998
482 884 78370497
753 467 16183476
70 577 36596520
840 874 24836160
1046 17 58628830
760 687 12596273
1087 641 97236004
543 463 25727979
863 557 4225364
942 1032 77670514
551 117 11657640
820 419 36870470
888 632 96400367
949 129 43966770
747 1184 65067951
615 871 86661577
1125 506 95461060
988 1022 7890255
382 202 1397487
354 156 62230229
303 106 93753589
360 239 30027528
700 167 6135058
799 183 23596979
719 715 55793177
311 1085 49875495
750 1116 98940679
15 715 71319701
485 1021 83233718
260 1212 44806951
872 241 98832732
204 83 61520308
1197 294 36799084
977 670 58539577
659 544 68530116
254 564 41174884
652 662 98828429
651 677 92213961
1124 638 99976315
1187 62 67188497
134 220 64416083
201 72 59444196
525 1119 55207347
144 995 24677048
419 275 69485340
1055 842 48346865
295 1228 78441298
376 527 43228062
277 945 16833089
1056 505 58127582
145 103 37152193
290 1021 65450725
785 294 58990271
803 1041 70066285
231 900 77830803
392 860 78026564
1121 1216 30056963
358 274 60336543
558 948 80782360
450 866 2858256
142 180 69425693
254 1051 16123129
785 847 91854928
595 165 21177534
255 1086 18468694
876 373 31557591
18 751 79044727
464 671 5572995
1189 482 40911542
602 86 10810391
852 1173 82732039
857 157 51349469
834 5 79588891
369 874 1598958
576 601 5465056
571 708 95903996
962 952 69361067
707 653 46166854
1156 1055 59896022
839 395 12020557
635 779 52763845
407 1074 3617144
338 152 1310974
239 835 18473905
1147 604 63984388
610 851 72767902
1193 856 85431426
1122 87 51532341
718 936 63819403
70 952 73114406
776 288 90835477
1091 1074 5200608
982 1023 23981529
332 1104 93589948
218 892 90234279
870 805 80930724
411 731 80689564
946 631 19564313
805 154 80231628
420 595 78154434
211 1050 84503324
201 1182 83022455
337 675 59191721
1172 682 56007815
203 877 78076808
756 1175 8584780
482 255 46235176
1150 194 8706207
234 802 51783507
409 774 93698499
468 817 73058331
466 1213 2045803
543 911 56125249
261 1234 79908254
217 113 81851128
143 266 2905073
372 730 49224153
771 7 96438627
283 3 93083978
106 378 81810471
129 379 85074504
1041 434 58046377
148 1170 76617086
390 209 51091448
271 501 30919618
1050 1185 1129757
1000 924 34812849
771 711 72597810
113 425 59037543
275 404 2182873
192 959 22847321
343 1230 79095524
1179 532 23261022
10 636 54929904
469 830 48479398
478 57 28821197
314 788 68469889
756 529 13510319
602 704 74964280
960 770 81025764
193 367 68781199
693 826 55484114
329 578 64992045
397 205 58257171
432 482 6001151
1040 929 81816489
1060 364 16281517
273 669 2141045
956 1189 79550885
790 138 19712178
1224 44 98186327
880 1099 91640631
308 894 96916030
511 708 68209171
78 836 5369063
382 823 88712673
966 1026 60091847
308 491 76092740
875 316 11989495
375 371 20104415
451 13 84054024
937 279 28492694
38 1119 75257178
1181 902 53146685
166 1044 32957738
1167 752 87782687
963 748 11558266
812 276 76317160
847 111 4385995
787 623 79744591
1108 276 31606340
1105 389 13655847
956 756 20335350
661 111 12551315
842 686 502456
103 983 67263716
544 668 18429136
52 566 57465569
454 1026 95749946
433 323 13535458
854 793 7755349
1069 374 88695215
456 804 81963693
649 1208 27318614
1149 1044 11435482
930 353 69190034
480 136 22870752
247 782 33447261
170 163 23718243
1074 74 36960618
1 1161 68818109
1208 609 36978162
437 54 22433288
702 868 756806
701 1096 75364587
361 931 57965251
1088 994 98496913
590 285 79306364
678 973 68855977
940 255 22954837
114 711 63414434
609 251 74827862
176 450 96771977
1054 173 3331426
854 785 97667006
439 404 28109163
652 974 63987072
866 861 44737623
674 278 50756956
861 1174 29343719
915 467 87024889
218 536 21135224
211 715 11657730
664 1168 75779983
116 373 47224931
91 455 25256483
306 607 31847733
142 671 41862859
1019 1220 78602702
700 750 7237252
895 828 35875946
604 367 35773935
1218 257 91951258
785 201 34812476
813 652 62849643
180 264 90694535
1102 1101 58799882
1189 259 12186317
779 160 87823211
1107 793 4640398
1064 12 3446637
280 1230 57772299
757 900 35448775
816 800 94033704
936 836 60606605
405 738 98516720
671 626 34917130
813 1085 8866500
313 391 79317540
829 869 95152237
266 1105 87220603
657 761 57472758
100 954 17397257
6 202 11953207
425 895 14487685
41 486 47597090
195 398 61151570
1085 1092 76504274
3 654 561870
107 397 6377493
639 654 64428327
1183 843 99225770
598 1121 64001103
620 508 47817497
667 763 81800134
1234 853 18910158
760 279 76350380
599 271 86377898
1117 228 72595080
1188 1172 10271915
767 959 45964409
618 865 13156157
627 122 72967054
345 145 44024798
304 731 23363167
474 62 64497730
168 894 23039496
567 210 38584982
697 705 45550284
1075 342 53779109
1209 1179 26112331
720 753 74702080
822 1201 11253512
340 1024 13069919
659 895 3951500
834 157 17831884
410 595 54189733
136 739 48315577
455 284 31963454
1139 547 20115560
413 956 52035729
191 1216 65446890
301 413 28090464
227 847 82247
642 744 76461597
32 456 44854953
413 90 74018168
860 1003 61517961
338 951 71737371
255 506 13287974
372 91 44560149
824 872 92314534
1035 499 69191341
17 89 58653392
353 1133 45771335
983 850 57617370
894 297 12139541
1111 338 78168836
384 60 41356499
738 683 50793322
1122 482 56003529
575 38 89278939
114 872 71534902
186 763 85593794
1024 918 11444690
908 579 21585959
604 750 51059924
803 1145 25508842
964 551 35174227
841 157 80437304
942 183 75042135
636 776 23941848
350 901 44823119
742 860 25830722
1039 409 27667588
372 652 4508119
657 971 6651503
914 33 5870601
560 196 54172023
573 77 96793838
638 177 94214438
1176 645 72071195
201 478 94024818
92 599 79515408
376 1075 9801588
760 815 52214768
151 1012 1607200
409 435 18226684
993 184 29936887
497 482 45308
769 1216 39589217
17 163 17153284
549 662 76821206
85 1135 34044879
663 184 85391936
743 833 65731587
14 36 7378751
1229 1005 29056231
867 645 22015580
389 1028 30396676
210 1171 97622749
498 543 8655260
70 657 94629260
396 937 45701846
53 552 91521247
952 364 80959150
819 9 88108460
743 842 97989328
956 603 30333040
852 784 97187464
1068 351 31403418
36 1223 53530491
640 226 35880099
496 595 36937647
776 845 73025918
266 547 79893580
1128 593 82077597
355 774 99285843
210 1176 46963285
587 666 56577510
1038 222 76956484
20 7 71605897
305 194 10365763
1138 1086 38682120
337 195 57609266
905 1130 88011889
103 1178 98945995
1152 749 9097282
185 174 66833975
1201 778 30716863
812 830 76539496
179 738 61995790
515 1044 79980875
213 499 97182607
444 1052 12442740
574 756 50855825
888 966 2057872
981 164 23276301
1073 611 55688347
1106 317 17865592
404 54 14134667
76 141 59625668
161 1083 35247133
319 697 31571948
942 1110 4178465
1155 432 73286387
955 1036 26045417
175 896 68154909
726 1035 72601237
714 442 77693328
512 901 50974683
116 455 69147989
351 643 71412934
647 11 69622454
357 178 49890923
646 580 29038792
708 638 95250026
253 985 46792928
304 259 4239209
937 219 56361133
1153 349 77593385
827 169 32323088
269 1095 65996987
841 225 20476247
79 896 81878211
636 982 4470861
293 549 85956997
812 455 83989457
693 937 74053069
119 659 52953154
713 671 11505577
520 221 81270274
569 1095 20832889
892 774 73273222
1080 701 81056717
72 727 51486088
252 306 44308223
533 955 72934657
692 409 8290654
749 430 58001281
813 59 70877530
861 110 97632178
87 715 63297305
1046 830 63215294
1098 132 53890599
5 717 47347290
967 422 984251
327 329 68958817
703 337 46494711
481 653 36004185
1015 413 74900575
567 227 15938188
391 855 32595571
444 20 19703703
271 1066 80294065
22 931 19964932
353 350 12875537
735 1116 30355375
435 173 53042733
1003 810 13204531
1202 502 606714
1058 307 69174655
1121 893 89106839
1057 34 41415960
1055 612 18492382
1210 354 84500494
1050 564 3653406
160 1157 89793876
748 653 94831914
1122 65 60076017
106 940 83437715
267 533 49952385
1165 443 55659912
1012 1068 14664018
921 890 81135278
1034 295 74979060
219 352 63781551
244 451 52138477
889 155 43014582
818 363 39903179
935 1006 21329033
43 434 18803509
435 108 57005831
704 241 57353860
195 537 3845581
628 1004 79390185
1080 196 16079273
548 856 19418341
202 488 48750410
572 220 43069812
1180 1016 99243401
195 401 7709969
815 1212 88849171
82 183 42697996
704 225 15674529
48 892 52116178
874 561 72927553
350 749 72062236
327 268 35593449
827 1045 59763746
230 1009 10333981
422 874 86247590
103 2 78991648
419 177 79416562
1163 958 18690463
949 55 79638743
109 705 38499137
194 704 77527064
184 535 15702149
864 356 49021889
529 835 85016527
907 570 34123826
1020 701 62842197
681 599 60661183
566 914 9339443
27 781 85831121
425 952 88635017
939 233 35874845
475 371 82452745
386 620 95608105
1188 368 74286186
553 714 9193566
856 52 99887924
691 592 96385416
1094 47 90814074
647 215 78523570
1220 261 54139479
1046 732 68034453
809 230 1461075
1054 628 43239273
538 991 91820801
614 437 14593599
113 879 87509883
933 941 93250087
1046 247 40742679
946 794 36572728
126 920 87856087
412 797 10754648
152 527 54703926
527 27 30756815
880 1184 89427549
455 238 55016439
29 65 99588460
485 1132 37963744
949 1118 20212414
191 1210 72398019
82 688 15310838
24 409 16450464
371 300 6110970
713 1152 3361809
976 1052 64135285
1208 1089 92117199
1134 488 83521094
594 1078 27549746
656 477 25550690
521 459 45123188
378 243 85813035
447 308 39051142
142 679 82800904
857 601 44529
1133 1067 93076247
686 639 13458454
610 1131 21169034
669 65 59327050
207 952 53249843
261 284 86382391
385 738 26380845
1042 1201 72577561
884 576 99248648
635 863 20572927
594 312 85871094
537 819 11322981
147 270 4727961
733 590 36856073
663 1187 94027283
996 695 60224059
1059 816 48706913
351 660 97094683
23 1039 44949055
956 513 57200914
93 156 74617982
86 267 86194258
255 687 57622978
859 127 49536432
795 1052 42419188
863 655 69467145
307 498 4793392
1157 279 43580783
997 768 9300870
500 622 30989179
50 655 41795561
276 549 87311883
420 205 25344607
110 1227 31456383
623 575 33803068
211 303 49928048
71 530 15236762
1138 1056 72197838
1146 591 48035963
1132 1115 57203709
494 230 19823019
882 775 42106770
86 78 93806644
491 1004 18844567
882 413 57523266
134 129 60413243
265 543 81057319
253 919 77031513
366 1185 21598169
689 215 96416950
80 543 35697135
51 867 4872645
601 901 91567047
968 569 80028864
348 204 40741638
589 246 21238997
573 999 10175780
1052 987 21569277
541 1064 19559526
922 394 88231892
788 11 25612058
1066 62 17520143
28 868 65572231
787 856 94339411
565 812 20483837
968 464 94626727
315 676 64637316
306 501 31962540
175 684 5639251
1178 1003 52546104
1135 778 35446716
285 196 52323440
333 482 98898996
453 376 23539558
1169 301 14630218
91 247 89828718
1199 906 92868517
642 147 94806281
376 67 19092288
152 568 64989255
816 514 64467771
867 1180 34093966
532 404 79819563
70 957 18042511
624 647 32510244
817 528 1106906
1197 183 45205083
905 1194 1320327
512 739 60950105
819 353 54652525
256 141 89399844
28 1023 75482902
1023 265 53373533
303 608 65873222
172 6 92529960
1093 252 86230950
407 1077 75126995
808 585 51298209
480 246 61170381
997 555 27080547
881 857 14511485
85 192 29855006
994 191 57017018
245 802 80537716
129 722 94677641
920 830 81577518
1023 240 64305965
1052 322 37526821
802 1082 5879322
315 57 32779442
124 455 45207909
38 172 90684098
229 619 14944433
449 361 59467385
665 1134 62158557
63 1187 22355846
1058 157 5169702
885 865 98846817
1142 136 73065995
669 925 85916433
238 245 34192795
740 905 85253535
162 341 23401501
792 630 36496247
1064 676 24317337
289 311 66102684
56 158 34323451
792 131 17024094
424 212 96904361
628 328 13554856
415 457 16457664
994 177 19768668
1217 571 85009519
529 523 34572243
561 286 82736031
765 979 82387161
218 796 37659445
713 362 31148076
568 466 58275402
660 1165 49158386
913 787 57755461
381 1071 8328216
670 451 11047442
839 449 46592056
482 718 70525791
591 1044 77971195
427 1208 91932238
559 25 63131932
220 264 37272294
412 153 70017051
83 987 44110453
1198 707 78912963
1016 361 11332894
915 314 30781746
40 86 36460741
256 925 39447038
243 841 26069657
514 717 82113038
912 206 90534064
561 21 15517329
489 959 48406917
1034 360 70504862
741 65 85134974
688 791 93255619
531 1200 1475043
1100 221 6863775
42 187 84178172
773 1233 60066471
1214 99 67226171
228 382 50668759
552 109 44679084
1048 868 14527205
860 214 63864636
448 1160 31679483
730 815 67723449
614 1017 57036473
670 1103 39154919
675 716 53637409
246 55 97274633
400 1225 85482077
1230 750 46602217
314 1062 7732303
973 348 68843454
1234 154 51006914
971 53 8894357
414 1122 85508721
1115 277 33010216
1029 1198 23171974
218 1225 36703739
876 223 68586650
272 1070 87102406
498 550 30564756
587 754 12612055
690 1197 33824370
302 1181 23680501
621 839 13737682
580 418 74337149
1110 268 20873562
818 698 35428483
124 386 1911836
82 695 95059006
329 864 38760029
184 625 19205784
1142 873 86663389
17 514 84602358
924 442 22513187
846 830 70174224
552 706 47066157
1141 90 62554704
863 641 47777724
1149 1217 29770294
701 1227 84637083
740 235 66164729
1199 239 15626380
932 1079 29034229
1054 708 63944994
1143 295 83528805
347 252 44578812
885 1127 91920744
997 1075 90534909
182 44 59065117
453 204 38281569
777 686 37646676
752 4 12546785
1166 645 28383236
1156 44 32475669
432 910 8716440
298 748 41120516
1046 516 36004947
1057 637 55431084
77 396 69368224
866 338 4809926
99 103 83833132
304 681 25485217
741 2 36083356
1137 560 26214080
819 975 30424690
219 396 55933366
