300 1000
194 120 71402109
83 273 91755981
256 119 17509815
271 272 9472111
274 201 93099366
82 4 41723636
159 177 81558643
235 26 19242745
299 67 20335238
125 66 57185832
272 127 2365113
82 274 52032038
77 52 55633998
219 246 72277625
102 66 28411668
209 180 95888240
201 6 -631939
49 208 96010958
158 61 37646310
20 4 22095953
187 168 72077899
118 48 37998527
36 19 27732976
66 2 74351903
34 21 19956558
299 238 61354711
107 94 19600757
31 94 54385636
11 103 37615021
112 82 33199744
139 293 88638857
45 76 21347764
201 125 63519439
36 244 68193921
178 260 64550624
173 124 53339288
165 195 21991282
199 36 98518894
45 299 31183910
174 2 51730507
23 65 788408
66 74 55688739
291 246 -78692
162 166 71964531
190 3 47001592
45 239 93159177
261 225 46494631
125 161 -30160
270 293 30999438
27 277 96350004
174 48 96271275
20 209 44861052
93 103 57055867
157 241 16267632
68 27 76996459
203 43 12263751
228 165 83213343
74 52 45901062
39 186 76542000
189 272 9489046
190 252 -300635
251 205 -217554
284 218 97479185
43 155 38891993
48 206 47304209
92 31 85720455
7 49 40820799
204 151 -272199
209 164 62461481
192 208 70317701
187 293 60895625
1 138 -429036
115 71 89584368
180 231 66193842
37 24 70829460
181 155 72977759
2 9 12068149
115 59 96947770
48 168 87766303
133 130 20077187
216 16 12761207
286 142 61873766
189 11 47495799
241 110 80512135
82 51 35080653
260 111 67239026
148 159 22168138
28 193 23773431
214 33 93170297
206 198 75100013
272 131 63522595
251 242 -533487
72 284 83901840
295 275 86780659
33 279 -134054
253 46 24916559
88 287 79289323
248 186 18974706
140 127 69995164
79 39 93965323
13 38 -920974
201 252 -89774
193 143 -450527
300 150 -977189
71 165 37559555
5 255 79919840
147 55 41929354
189 131 48084598
175 240 46041353
205 92 20232921
199 219 99390000
217 283 11359007
193 287 93813354
296 235 71911678
225 255 50843703
261 180 80651956
164 66 84341812
59 229 16736523
100 235 49325895
5 275 12686800
85 10 -419885
225 80 37844479
4 47 -781155
32 189 72682755
119 197 9512811
103 222 59176885
82 12 37758926
239 237 36204592
239 152 75376909
137 26 60851335
90 20 51537767
45 10 44668267
292 192 37491915
90 275 81551874
55 124 4194081
135 46 40559263
259 287 79569105
94 19 28463381
194 93 -661155
72 112 65625171
248 187 67600642
110 249 71220413
182 169 79162604
189 96 64193789
102 118 5702353
38 213 19140493
140 290 36719817
286 153 -372980
6 106 83328342
249 79 6304350
272 167 97172589
126 189 55888408
259 214 57333710
20 111 6567949
285 108 44422662
230 223 27253590
214 157 73387723
183 45 -906226
163 124 40018102
229 188 16525583
134 293 11763698
253 25 15866105
167 145 53569327
208 98 33309230
32 57 25988821
278 119 74945253
265 22 23516138
230 62 97281215
227 249 44801403
252 27 74908001
152 179 53153962
8 296 19864756
13 73 56653500
144 294 29483222
41 252 68880127
165 249 42866752
87 213 98032029
192 82 33822652
264 229 20084725
78 239 65188303
111 130 63683213
236 156 8981691
260 31 19528838
111 59 4017814
185 170 65950240
40 77 58051788
173 88 62198258
19 90 4063207
148 82 42601487
144 92 -506544
278 123 28499842
181 297 90931350
258 126 63419246
29 228 60006211
150 172 -835332
54 74 34417129
165 50 86164319
46 262 40150520
98 233 38616620
89 176 -943562
231 35 19161984
72 292 58920015
252 24 91920919
124 260 58892766
151 117 26143719
14 224 19385088
109 23 63015210
271 243 11032690
194 84 37993680
137 156 83006766
268 300 51401816
151 65 72221245
275 84 50999144
12 43 38218466
241 42 68353123
104 186 18635447
263 102 27767795
48 217 31030992
222 117 16835755
85 11 75859773
242 68 17365888
8 233 15878840
297 268 16500900
207 134 69948268
59 295 31475916
73 189 53640556
110 185 33133343
219 300 36069927
36 210 73598461
177 138 24427454
160 250 76540989
100 145 2816240
206 64 79640619
85 60 72727251
139 5 77239644
94 110 20221038
80 127 52850027
135 258 69387488
94 138 25960967
282 228 72502949
253 184 31081186
18 40 19774234
280 6 98282988
207 217 88601384
122 64 1039826
203 158 29773734
153 87 -465582
233 190 -747715
202 5 77572876
230 109 44372660
238 83 23511581
130 255 13224591
294 5 64218124
134 247 53491151
155 112 31011936
108 25 35235568
138 219 8278281
100 233 8587634
175 84 30647294
15 10 68092726
109 162 2829511
187 200 -971799
187 186 42734976
176 71 23292928
123 260 25794320
160 66 30712307
211 190 6902831
123 241 70756402
178 296 48856036
158 149 71372002
6 291 17998284
255 55 57456928
219 190 -584953
110 91 93994637
136 211 38966277
16 96 35953184
49 122 80049982
11 202 4701211
10 89 87660018
4 166 36253364
258 44 45897776
234 109 3169785
256 113 40725786
36 264 6977670
90 300 92548828
43 176 83774637
197 107 73664252
75 34 25765003
190 258 3960856
37 135 93062359
162 112 53871400
255 128 92495440
234 150 85974366
13 10 2281160
86 158 82448513
220 170 64244321
205 108 88369540
118 129 68045277
102 62 62226344
127 60 -56995
279 208 35674067
209 84 29536183
146 184 21171407
64 266 91397080
14 223 85824344
137 119 -490241
37 213 5065929
114 296 -359068
144 195 -257989
247 234 49023206
243 31 58948397
114 198 8073937
153 182 -638462
19 117 76281114
201 112 -145971
147 264 74733467
194 230 41780041
40 17 87102832
195 222 10480411
50 175 12042551
82 261 79929113
267 212 69574472
84 175 31588630
94 177 60275492
10 138 77201010
283 239 74336925
129 206 66968613
76 204 8152565
170 172 3139311
173 127 -377398
14 291 -237325
232 114 51957923
137 197 17487684
124 195 8376939
154 169 42787566
117 185 28457690
232 284 58304251
257 98 -517481
229 222 86119323
292 108 39076288
242 237 44108677
55 278 89323499
152 9 48388192
160 294 8109113
228 108 71159108
251 130 78743361
207 30 45173761
22 289 -624012
294 5 92308725
213 121 68317326
225 61 77357447
81 76 81612824
215 36 29652431
200 233 35724068
223 83 50275325
78 179 87375989
187 129 -180939
81 129 40234317
132 70 87681922
245 70 -19833
63 137 -530303
231 5 68527509
257 95 51050024
229 201 4280356
155 122 54073100
119 165 55071967
294 158 8137669
294 300 96866920
142 177 81411759
264 190 37764296
174 160 3687782
13 87 28048913
65 287 51719808
147 194 58590757
133 291 -621220
166 10 17570639
8 82 90446854
132 118 18347599
233 181 -199029
165 142 -255315
38 212 23038049
142 46 55077950
299 252 -670787
132 5 87347775
231 91 42197682
105 183 84106082
78 298 65387218
134 120 94271383
140 189 20755960
199 11 59531630
235 202 92905638
41 72 81021662
153 41 81482101
261 276 92288436
137 131 -729995
193 211 41527019
137 171 50484615
38 24 92596264
206 267 12674530
215 127 70173820
141 139 43995833
212 197 75184344
114 273 18240077
59 3 46668903
28 116 70790855
155 238 83875041
55 269 50107500
72 2 10277291
79 100 81914558
280 6 75757334
50 199 19236986
279 98 37255741
61 126 88470294
239 175 4746262
101 247 29394357
184 282 40563210
227 67 13220096
267 152 13977466
292 265 11673991
286 2 44649132
193 65 62175738
289 297 71551153
123 242 78996447
241 162 51147681
130 277 90892374
300 214 75682316
128 212 56920057
42 246 -510270
99 275 77434675
17 243 19722120
278 188 38712786
189 182 2228496
199 20 -143422
187 120 2098115
287 95 58423526
73 178 68581800
131 190 56111285
143 53 39818650
276 19 41068195
275 167 49900134
110 27 13483050
129 7 56188593
56 54 97829746
298 55 16567619
233 1 88510358
208 300 61347459
63 38 50302136
203 67 50625827
252 298 61663187
68 177 63304426
167 253 4531901
157 176 71249754
106 33 -933869
207 75 41350204
90 42 35396191
205 300 53706364
115 69 39138961
186 280 8102153
84 236 -772729
295 121 70237834
53 4 66261119
24 290 -302230
274 161 12639865
222 249 -404172
72 246 90671697
16 111 59245860
184 237 31019095
265 150 13115534
283 213 32126024
213 153 64640611
129 115 54517301
241 219 36617434
207 99 24618670
262 184 66013954
70 91 39060374
252 69 -571109
211 112 34297758
57 148 86233000
8 10 74879271
81 85 61088299
196 160 23855633
50 293 76206677
22 161 7348623
49 221 64762768
282 7 39830739
258 15 77874414
205 118 57082060
79 59 81763027
288 105 10658490
221 50 54773113
16 111 84387914
32 217 73955498
271 298 16486760
254 18 10936073
56 139 6602796
119 229 84110109
210 10 81407544
249 63 29548418
233 157 87725425
249 218 79643651
174 173 16824122
231 97 65111110
234 179 18933658
190 279 57593563
82 36 27318194
96 85 1272
72 216 56730798
209 62 -373586
55 221 71532190
116 173 99429933
62 92 36855489
42 102 50936552
97 105 90562921
166 91 72638361
209 147 5807967
118 299 93290143
239 45 58917319
62 185 54651757
184 9 27235900
297 89 -263491
277 260 51228532
57 41 20203823
20 42 20764393
106 284 4932330
93 249 77305586
215 49 66019105
208 162 50770907
146 289 34322870
224 78 73248124
59 279 19735329
114 141 13727738
253 10 56897159
293 110 86713390
233 34 77719
259 288 225897
242 28 43031519
126 60 25131780
235 134 78915452
205 73 95828521
201 267 95815864
175 66 93041891
183 67 96420826
104 37 85400043
107 24 12276589
209 23 -772516
281 97 36246923
295 237 443149
204 65 46536350
88 23 10679440
154 164 19910002
195 275 69662423
19 288 3239237
95 134 59806155
66 64 52975628
200 237 7930271
97 92 97434547
123 20 51853304
44 109 80134991
69 50 24324989
150 40 35407637
223 222 81181347
52 159 5830576
70 37 83847514
81 202 68511569
268 286 5131172
279 206 62453676
164 292 -311994
166 213 88845385
213 121 69368705
217 267 58691381
59 250 15479533
22 157 37518822
223 216 45704708
26 92 91967145
130 275 914597
73 6 68189360
289 61 37198248
229 230 8983604
138 159 39188437
158 4 65390660
9 218 -89847
174 206 -662655
6 90 99865325
150 67 -237039
192 221 18494438
54 171 88990935
63 92 72033607
220 203 72166554
80 68 4680023
161 84 -203284
21 53 21305253
21 176 -928607
1 45 53842862
22 87 65905907
67 293 -671117
8 286 87462950
115 198 66402898
149 279 71982054
45 137 727525
154 205 59362813
120 26 22739050
264 279 -663099
65 271 57990851
167 262 -354370
151 1 80106887
189 165 61947907
92 128 77045717
210 115 44208040
78 19 75450724
268 12 2924710
189 101 72099525
208 162 61940112
273 264 53760256
230 284 40569926
273 84 3538963
232 209 -799199
258 32 72850948
255 169 48861199
7 231 1471644
31 126 59176548
110 67 -413601
34 52 49845579
285 265 58937775
188 140 80733541
4 113 27545030
35 227 -716393
3 137 7644391
204 42 56198921
109 186 57181783
163 295 60386588
175 33 40213458
223 134 24405011
132 171 73775631
126 300 77377907
122 164 60766746
128 111 29637674
103 190 34519447
128 23 39928620
58 234 5586625
83 257 -363940
6 133 11201242
112 2 32746100
83 63 88433514
57 260 33891439
14 222 93611386
94 279 93208664
1 183 39501292
2 220 18305416
51 15 -121003
75 276 -380238
139 154 78688987
42 85 82758275
244 78 24764010
259 95 15750067
241 12 85443361
131 211 -608633
130 109 40200725
53 195 85157062
20 297 25803504
180 78 30353065
124 91 1067249
230 47 65164490
288 62 68250216
59 83 75061290
159 112 32477554
233 209 59366464
260 173 33401647
200 240 51937905
131 135 9734455
163 20 35441522
185 24 71444460
41 115 97992814
287 98 77259008
295 60 5230433
214 221 41563587
187 258 81021937
23 268 36437510
138 161 34084228
296 58 89615456
224 179 28876199
204 213 44309756
88 291 74076117
262 21 38313934
208 64 81831083
34 190 68831410
100 230 19194258
1 208 66519621
51 267 15646666
188 97 96343164
102 75 28767774
269 182 96913113
264 15 8265091
263 127 24052001
120 276 51817246
209 298 -566226
115 95 98774390
27 280 3544807
255 102 23339944
5 46 -937373
297 125 3257218
278 129 186877
54 42 72916306
115 17 20593038
238 252 84651542
15 224 77961783
75 270 65914526
76 51 24989705
69 104 24883197
108 39 28563254
62 128 66156519
203 196 88060896
267 197 95557948
186 116 99817930
208 218 42172876
126 160 93247588
151 159 89559868
184 297 52357881
53 286 90135488
217 79 99535210
198 15 37214544
47 153 61167791
228 131 41068397
249 10 73553771
227 183 49282452
258 203 37822101
286 92 -856928
186 187 32264952
27 220 50475253
46 177 2401868
58 247 71539663
203 259 45307395
106 278 35873092
98 38 87996459
25 235 64665636
189 55 23241947
91 106 46957735
99 298 -446671
162 44 10329270
147 101 2286032
243 82 68966390
197 77 75116648
74 166 74045082
150 135 17902290
145 24 69999921
247 215 11782466
233 45 34596058
13 159 -43453
42 219 16406087
162 296 39781667
150 77 67345894
85 131 73246476
77 298 -899137
97 232 33517795
113 178 22463947
274 42 16510115
255 99 -810350
277 96 96718873
228 29 99626002
187 239 15556409
60 109 70457383
261 266 33892279
104 36 58993277
273 200 -773104
147 164 42653181
126 175 75014952
8 124 94861535
247 280 21658323
48 196 89327215
196 256 41845372
94 286 62694222
174 123 44180907
208 149 43569726
130 183 40705442
134 264 26534797
13 189 57558713
135 295 78098543
4 118 -548153
89 52 65284481
85 70 38323947
89 18 14471281
60 299 57261212
107 169 99337793
150 214 43559103
108 178 96055045
59 84 -878324
63 214 55276226
3 274 67507323
59 127 88929872
180 284 14687888
54 125 75179448
12 56 44269357
292 213 35380629
25 91 -815
291 221 87805735
174 153 82695628
219 233 47666139
222 197 83502434
31 214 4437140
297 118 61288709
110 89 76515302
76 34 37944673
225 36 33377615
180 53 44580459
170 215 3043714
211 170 38675298
262 23 36064842
164 256 22418231
273 53 4222849
118 273 56201030
274 119 53266060
153 113 61834681
267 289 93022566
250 7 4342343
28 124 649266
102 130 95522759
72 18 76745973
222 64 33126720
36 186 28658483
119 174 54492912
295 127 -587006
79 204 7391694
200 122 72144448
149 8 15375110
208 70 13225525
296 55 -649686
201 170 85853843
156 142 15892371
236 142 472553
110 50 55450987
14 203 11466758
167 207 80693559
75 51 87645786
193 267 18502346
93 50 73352589
75 15 -464146
196 73 23264103
16 296 15762487
78 145 -662032
23 6 29181429
292 220 6063664
211 231 75029697
262 198 22408739
84 72 -178977
98 164 75703591
27 42 78445691
21 271 31713178
54 225 23200105
171 241 89011340
176 24 88148565
206 18 -872031
132 294 -647008
226 163 83152655
10 92 -422394
222 246 24318721
130 145 78036750
12 31 60517168
247 40 30939359
240 219 -916471
162 91 24106037
9 19 1964996
46 27 25570221
277 249 26691350
277 197 21612733
140 9 73172822
169 105 7066365
180 92 60679249
266 225 80110791
130 139 40562599
200 50 -453786
266 248 38714333
90 193 26485138
150 231 10775293
189 270 12322200
151 61 75331390
88 279 -583739
161 39 80652620
57 241 70510253
114 159 62702567
290 5 97868635
250 173 56983907
159 3 48334351
195 198 89169894
172 278 88898424
146 108 66380912
4 265 85391729
84 66 76555274
288 186 88563462
221 139 29885019
55 201 5717776
2 224 63494290
55 136 75885206
258 88 52438867
266 52 7114405
36 198 12829309
19 10 65796415
293 162 7059155
237 39 -382481
204 146 76266317
104 87 18693729
295 133 55585182
89 40 20547275
158 238 98367477
210 155 43222344
80 113 29824699
298 293 56430281
123 56 98685611
152 166 98710412
96 230 50449950
239 45 34120604
175 154 -140758
214 221 19949822
117 149 76251340
261 227 37571068
53 294 57056895
245 274 54874222
190 64 41988262
63 229 40047210
86 203 -858104
93 38 29367090
85 40 25672192
230 50 80518452
217 201 24339373
117 137 7861239
282 137 -340531
18 46 69900732
299 71 14523880
90 12 30221418
299 176 45588768
210 137 30257555
31 219 82814759
243 89 6662049
1 103 45208345
178 27 79199797
178 224 11973741
41 266 92400499
2 208 7062348
143 216 74258409
116 119 83963037
95 89 29734663
262 9 90799571
221 180 36510676
224 42 68002311
86 272 14901752
89 264 76776226
203 247 18426194
254 222 16038703
226 86 4015653
10 140 12179034
66 257 8155986
156 63 16103228
10 75 84047465
237 65 91364266
82 79 71179222
103 198 21709280
206 154 56795506
219 75 75370464
30 155 39633004
74 189 33179424
296 137 30011220
224 117 32399625
70 274 72129175
35 37 39916034
30 203 16481801
119 253 -221641
47 293 69063064
22 35 91514925
248 120 -25447
85 11 33820448
221 63 85423735
16 81 33453452
115 88 -607215
201 153 22031071
175 3 71336535
71 109 -783969
1 143 58014835
118 257 -845322
234 61 74259312
45 240 3287256
174 271 33403733
247 83 55509228
122 175 62281825
190 149 14640491
184 80 89136122
251 128 57938188
280 125 -989599
290 196 73366388
120 141 71408042
202 160 83747001
76 162 12375069
3 261 4129240
293 98 63428478
41 257 -181909
29 236 17742423
150 116 16039827
120 171 81838567
152 184 92886074
88 14 57788830
142 273 60055119
136 92 83562348
130 141 77364714
