300 1000
112 75 56717846
2 1 -10376299
299 62 71996148
59 273 -55358455
185 265 32724098
68 19 26081625
103 217 43064596
261 99 60609921
178 153 -51143019
256 246 73177866
111 84 69415731
154 77 94088206
95 163 9166004
91 242 52909155
279 33 -37550941
164 280 -87129315
104 257 7700181
267 242 70358391
223 188 -35585289
69 300 12499404
94 200 -92286714
166 255 68553726
292 206 57385017
55 292 -21428323
207 31 51943093
250 224 66211892
272 115 77234953
174 119 60201691
120 154 3420999
113 126 79756575
146 27 34052690
201 81 40898696
234 153 7119183
130 38 17592259
155 145 71089076
46 281 46369888
228 68 -38175122
210 99 53183980
297 118 20227766
123 250 85056725
8 282 -75084451
125 103 33044763
165 279 -9717989
255 29 50900993
189 151 14722968
156 127 77400806
261 59 -86711114
1 210 16718654
174 172 82939893
101 121 55128024
222 35 -48964050
279 212 73866560
189 57 60125580
253 121 12005641
285 139 -57014262
36 171 10268651
81 93 57296504
61 127 -86373157
264 102 4405301
216 160 66782263
118 201 49634526
255 290 10894035
120 104 -80597231
191 147 23460097
200 188 -68920594
261 126 87815719
158 226 51335555
61 63 82432546
15 203 -94147462
213 224 16172569
217 176 -4046582
34 289 42502139
11 2 -14464819
293 76 76959644
116 269 -5957931
6 213 -7328627
25 164 56397190
180 269 46027791
177 214 96648994
238 130 -73253048
187 233 -48037137
114 120 20471232
223 215 -74699343
140 56 7765365
218 223 33325906
98 72 -11721061
218 2 38126760
41 128 -49955424
195 231 39766539
106 242 35850000
122 110 64776801
218 106 72775697
236 196 -43884598
89 161 84971364
159 285 9325492
281 29 9777258
223 135 20728335
51 18 -52848245
73 68 37262161
240 242 -53696683
78 119 64618762
144 261 2894201
132 134 4634668
138 16 -35589185
43 286 -91840670
229 57 -14059775
128 292 38038907
138 52 72808228
256 16 1385356
140 235 -13843821
233 297 35973192
298 90 40605068
91 10 4376594
54 186 84689496
4 50 24177946
289 29 80907492
183 60 8616903
199 51 -94757104
159 106 47887144
155 161 51789019
76 161 15850467
236 217 25264400
211 82 39776351
260 127 6468137
30 122 38716231
163 61 93523390
9 218 156912
8 35 -84436414
217 58 17344097
226 134 86228511
207 145 49186608
227 24 19063932
81 106 -29663235
251 25 34545110
95 60 14639453
61 275 38274806
278 270 3843365
64 62 87731348
216 146 -33493066
218 111 86413519
64 81 77502670
108 40 13495058
221 272 -58401633
282 273 -25173400
72 216 -9311411
95 124 -6772060
204 221 1548120
38 221 -95422103
180 126 35511258
276 265 89105241
168 78 8775179
116 118 90934549
69 99 84561565
89 172 26039980
21 191 59210803
173 61 -86885015
84 209 40131610
221 209 -20840072
47 239 83514820
262 109 98794620
107 50 -53131141
160 271 94886513
174 210 50368108
94 295 76992103
40 238 39098040
146 126 18235534
66 41 -31773820
252 254 59045483
78 18 33350035
80 75 33046588
91 92 52478618
94 115 80039395
80 17 78149156
168 246 -91586794
226 171 87935218
215 9 -37581458
272 277 59956560
223 6 87856991
13 264 -34323692
206 177 -20743548
157 39 -47042050
293 260 -62009883
217 30 7185254
29 115 8506433
31 9 -45633295
247 235 -13019960
211 31 13968066
35 70 17797556
86 39 -8145898
15 88 16411449
249 183 94946855
28 215 -73596338
38 225 11963592
159 7 64203482
49 192 -40990599
52 109 29335348
23 154 30430674
173 103 -96189503
57 255 18492248
47 117 -47518570
285 194 54723400
79 36 -76067426
299 243 -33230553
62 206 32643079
24 278 98464262
76 160 -6022066
146 41 -35436903
239 49 44688230
292 278 -69121476
68 196 8187599
190 12 -22307801
167 258 24874666
294 1 11505150
14 283 40541615
26 122 6749036
79 212 -14101228
160 24 17091585
164 207 71466446
84 267 -94766151
185 80 70438647
36 206 65148147
253 88 45503107
231 264 8291069
163 285 45391549
120 232 -57758322
33 103 15689096
271 89 -37882594
111 88 68426755
202 185 57137382
281 88 40256922
116 133 -89918413
131 76 -47978117
28 170 15701295
159 114 53830549
235 81 18366061
65 106 -92076411
172 219 50425099
116 141 24413386
2 4 66098271
191 185 72974717
73 215 13387388
280 107 52150665
94 167 92706453
52 126 -54507355
139 38 -27850883
296 1 22085171
232 86 -79809578
172 281 85391293
274 126 359335
202 134 -1926377
162 88 -11148614
167 145 84763354
166 184 32569315
159 300 64420759
281 81 39783305
33 51 5990504
115 263 6396730
132 99 83914122
210 178 1248644
214 46 15030595
37 81 78536469
256 168 645695
20 187 92559549
54 207 22476560
196 114 -22323614
234 263 67470375
78 3 62121957
149 241 87082232
284 191 91462617
204 179 11344317
114 163 97714505
151 49 -76958120
25 48 98502053
121 181 -20454755
179 298 6808469
281 91 49986890
148 208 57509181
245 4 -82281741
145 17 -55387274
101 78 -55539162
223 56 84030055
119 237 76000539
96 56 42222154
205 2 70409668
223 75 72475992
133 291 70296092
124 226 34560630
251 209 56849166
53 34 -66676176
246 95 -54980971
185 296 70412687
117 248 18342321
96 20 11830584
163 89 41165991
175 253 29382315
189 258 12234921
259 214 65537766
194 276 35269618
254 106 53555340
77 41 -17397660
68 216 21934532
4 93 93146022
36 98 -13934604
191 107 -4213884
85 108 -73908214
52 126 -10803331
97 98 -52706442
293 195 82450176
168 45 14892532
93 9 21869063
248 267 -25081322
275 182 4158039
205 111 -24939061
54 26 39860447
5 192 77079676
168 135 98400472
104 125 43829950
55 130 89877532
88 1 56511044
162 191 32419257
49 224 55132467
228 100 58944689
17 227 -91539466
272 146 -5502397
293 12 -89825415
13 33 96804726
152 262 -27700388
158 79 82556214
278 192 6500786
258 88 -68581329
22 21 15347999
5 294 38167294
105 184 -5794735
191 26 67605039
57 133 66777727
123 257 -40274755
115 45 11157248
4 255 23565648
247 165 19198022
57 277 43629276
298 195 66894814
50 278 39263683
186 126 59465392
211 21 39540146
40 69 -98361906
251 179 -80924681
120 196 43688863
238 167 78329965
112 152 53127329
264 120 -59900877
56 2 -53421940
36 115 65499565
281 227 39408627
262 190 23772997
45 49 31903479
143 298 2412883
241 159 -89230463
220 260 54828376
57 144 75353762
141 32 5078614
195 132 -23144779
77 184 81428473
271 256 -68743957
192 244 -67414104
243 133 67697069
247 298 29102217
27 40 78050039
19 67 64292840
21 130 29495190
293 195 -32557409
89 173 48481054
5 68 87080147
81 264 93672965
194 155 -52205368
153 286 37703792
196 200 56131619
259 243 -78299850
172 105 37102192
223 12 -36482142
183 266 57543647
111 31 -70328343
242 201 -47870101
275 203 7239597
66 211 74143740
197 278 36528245
136 25 -34523913
22 246 76431909
201 23 -40204746
14 95 -28047890
186 126 74163971
58 30 77325809
156 277 -73913811
160 20 -84704177
12 259 -83062617
196 26 -37163726
251 241 57465750
172 221 -1083911
210 42 49168985
277 271 79833890
70 93 -77358885
87 135 -75584523
5 83 10553627
223 228 47373499
218 58 34693319
75 106 -97296310
147 199 26680975
176 230 11412592
101 59 10457480
182 145 3316794
41 174 1385819
46 237 93431845
212 82 32652270
70 73 82795299
168 131 -78199160
3 120 31362757
232 179 -581103
181 94 84803858
82 187 51397382
90 75 65200221
143 171 -67116795
198 274 -50551873
269 209 -41129677
107 264 95152462
27 106 57520808
269 68 -97340596
255 94 30357772
2 92 55063744
111 79 54212445
70 82 64799368
234 181 -97404052
250 282 83965450
218 283 58129286
253 85 -66014965
85 292 90067120
205 128 57269247
66 81 6344283
82 52 -29788851
131 108 7936460
143 142 11575394
14 122 50936985
149 179 -46722512
162 47 -74150696
198 37 19463523
18 37 34568194
266 244 39026487
129 109 15799766
243 157 40522305
114 123 -10102296
121 69 -65268485
56 297 87431608
122 285 -30754952
226 92 10212288
282 110 -75154957
19 256 79986202
131 121 54287967
142 179 29984941
290 240 64484596
170 189 15156131
87 23 4402936
22 292 78390890
183 19 23818581
54 189 95665785
88 177 26700469
30 245 70943784
131 106 -20220795
85 112 44437696
20 211 -60741992
82 47 86016876
156 61 -16618061
112 241 18279628
141 102 33343089
115 41 87438076
248 138 83720860
55 68 2829967
61 73 41616839
27 125 -6626931
173 122 74396394
99 19 68776361
51 158 -21956757
48 295 -94858589
5 236 -7846488
50 175 99267185
170 250 90736828
296 64 -28406447
247 266 -55617652
186 59 34881839
236 71 16787597
65 60 15966407
271 36 -74750606
137 17 89544804
180 25 9189280
197 242 28771125
129 115 -90120862
293 45 59760175
242 63 27526930
218 175 45333925
261 151 83681097
217 36 -26817643
138 210 42803088
291 86 76736253
167 99 41554388
121 90 -11716689
144 86 -79723697
200 12 -19657811
259 108 13459141
33 66 89068929
188 94 -78180896
208 164 67132482
201 241 85906665
140 232 84899899
66 282 16635942
277 47 45419857
129 19 73765360
276 286 92690406
215 44 86525132
42 33 25585990
59 165 84915581
148 153 8287471
145 93 -32306239
4 205 -23950282
248 208 25784380
37 160 35470627
137 172 72818582
105 243 -62430841
62 56 -63485704
173 285 84518292
92 278 -27986564
98 9 77938087
163 184 81709298
49 188 72163473
224 270 39769661
227 44 -45134849
245 13 -9846867
149 246 17802866
199 286 21720444
160 275 -22838473
230 166 5556058
14 179 50754880
211 38 399395
162 220 1642910
264 116 86367398
274 2 -56152093
54 35 69289205
103 263 4904907
281 118 11683717
259 60 -32631779
271 277 86456999
237 213 22768753
56 177 92991325
99 152 12248215
102 235 25011872
214 198 13939358
1 24 50386054
240 147 -17820437
130 146 9065958
12 93 37819214
132 276 -45105423
288 137 47477650
113 285 -25134780
146 15 70395698
85 181 61647513
57 85 43290320
234 157 92247249
179 259 26036166
56 66 68121181
162 283 24849841
253 70 -37720531
221 42 -92542555
97 96 30911934
295 124 43055886
111 227 -97563562
159 247 -94702015
108 250 40302677
260 136 -79440780
178 108 9249994
9 135 -60226004
69 177 -60087292
165 198 72012387
119 210 -17925575
115 270 15357898
216 253 92793233
230 199 11646741
118 189 86109688
225 147 12064719
246 149 55230287
23 74 48030904
252 76 32020354
187 86 88118188
141 113 -31956913
128 176 38215710
171 80 -50847376
250 241 -40145515
239 250 35925236
77 81 -41652697
241 140 -52495326
204 205 42131060
102 40 -44903626
70 84 -35362249
120 25 -17967054
282 225 -95754249
260 146 98100814
212 9 -862774
270 163 16135075
189 95 54995262
267 241 -30211165
273 238 89789190
25 61 35659993
279 107 58607373
177 112 78659162
179 164 58821948
83 200 -7051548
94 114 61236174
249 56 97812775
64 86 -40934678
99 291 -46419270
16 40 63002563
227 29 -600209
62 138 60072238
233 227 33177421
87 100 5092156
267 258 46853297
60 12 43251630
281 271 -21627136
141 3 84188232
97 219 -95945020
5 221 -10383158
191 192 75713569
32 128 1001376
129 214 10119636
251 161 75231220
7 25 75136765
143 40 26925894
135 84 -90573953
153 127 -43930458
129 247 -89986723
98 290 69136442
223 244 46390399
271 183 -80357822
65 226 4928536
165 79 -5057625
29 39 45267870
105 279 92209835
227 49 63547326
228 39 -33619038
201 132 -67770780
23 184 4409246
20 229 -59736107
119 193 -70705282
180 289 45902112
137 1 -26120918
190 201 89248397
262 169 3334874
32 42 -70811594
251 160 97299114
39 194 35042968
69 201 82255867
75 108 3323960
237 97 -77386415
45 123 37581668
269 218 19380030
31 155 48017188
156 85 49984061
202 137 53424720
260 279 -72720569
242 170 56631725
58 256 -81270681
100 68 -75232905
55 238 5486819
38 90 12748193
12 29 -52794753
5 123 97760010
191 163 -88641862
113 95 -97835547
191 249 4380531
72 218 34072043
286 87 87764930
194 291 28058764
41 295 78187050
180 143 -80466092
214 278 -22612598
129 293 95178747
8 48 -82293924
99 131 66267468
261 171 46288156
246 291 90948186
255 280 -99965709
56 213 -51931829
217 283 67553264
240 86 62365060
25 282 68451
55 235 95663153
161 49 13586573
122 65 -27648398
88 58 62765840
280 253 -38568551
141 50 14966896
69 125 -20452167
111 181 27831522
159 280 29776898
225 29 42655660
234 217 -32805206
202 91 34854469
41 228 24435656
189 111 -42985551
157 14 70650976
293 119 80508682
72 220 95809367
161 260 66891337
218 179 33112901
164 166 13263029
293 225 -56267209
149 103 -14055558
270 49 61910583
59 19 85111049
241 194 2642790
21 80 20829082
71 288 84805526
98 151 35708741
262 200 25518930
125 93 35304694
22 15 -89401754
106 74 7692304
265 234 51029826
161 111 203514
172 34 87642465
109 179 29384015
11 37 -75629522
34 265 64905644
204 103 89569048
56 162 -70072429
275 48 -76092714
242 257 4793766
93 219 -73151030
184 297 -63592540
4 101 -56452885
150 143 83213916
257 181 -39675879
175 221 16875422
136 157 -94629258
51 196 61029496
91 203 30054531
67 117 89013738
134 206 27526542
139 112 93429271
267 289 10864224
70 183 9726224
226 4 59078078
284 254 79382728
40 252 27408551
122 179 81745233
80 78 99048963
213 231 29449889
292 200 -1325467
106 6 67764992
12 57 -95324200
54 106 99756435
98 164 87757992
157 156 11724638
130 265 86457932
66 192 93319483
171 241 97238904
269 160 62584119
166 17 31282096
163 60 -28445516
65 186 6319331
33 206 -7901555
200 85 95720972
44 175 -51201205
237 276 -51937207
277 244 3919401
224 171 81715791
193 21 78049047
99 230 36472714
105 11 93938871
291 68 53827347
226 133 81358792
88 9 27655544
221 158 83148946
167 207 -25427965
47 40 76076756
262 297 -75261515
26 207 94183860
245 265 -59922517
189 81 5315003
82 133 -73485881
74 6 75745386
54 57 56412359
142 141 -18354564
149 46 20293515
230 72 58939702
256 105 84658205
103 35 28741486
30 235 80720395
202 221 83475824
233 293 80143662
109 8 33635020
80 85 10763413
271 104 -46315686
80 278 2093487
230 167 5560228
217 211 68402634
211 26 -6296200
133 52 71668170
8 117 58005277
24 82 9489056
76 58 63417561
203 158 -29173960
37 98 29614321
41 245 93835009
268 281 17123553
216 277 -80981921
271 145 -1706956
79 106 94481792
9 287 52163482
123 236 11599970
249 155 -63389963
68 254 83417745
210 103 84045360
112 72 41403463
222 235 -51639826
3 103 26025816
171 153 83885095
211 233 -75275963
188 174 14257008
152 125 -88129826
228 78 30091390
148 26 99971794
18 103 26582660
300 155 12130738
156 122 90607897
259 59 23723148
260 79 71298643
125 102 -20178474
57 196 -78427163
17 1 80292339
290 210 66753759
224 122 23348719
182 241 -53766629
32 252 -5239125
224 107 -62901470
145 166 -60296013
204 172 94379580
145 147 13564087
142 295 -76872688
137 274 42327947
57 114 -71046983
161 155 -79106849
44 13 -7860882
2 299 11263784
10 179 35251450
234 60 -21024522
47 206 97851881
86 241 -92572420
99 286 -26541531
86 228 21086278
81 289 -3250792
147 111 16722477
201 51 83164482
160 182 -41364413
211 75 53950450
99 226 30376676
282 268 14620242
111 96 64269775
158 7 28901944
269 97 38117680
284 26 74758926
73 147 23195262
188 290 -87296541
185 297 6927648
229 64 -58122392
85 90 89399150
27 212 72503755
294 286 12117314
95 240 -39935938
247 70 77697982
77 56 33599646
22 27 64615314
144 2 -84877632
139 226 55047146
44 119 -69478965
268 40 80133651
14 7 -76669964
249 219 -8080526
163 96 -79015299
292 291 54784666
108 195 23847329
61 252 -55031565
58 72 76044552
270 285 68330395
94 149 -64834663
275 170 59176220
209 10 -8238809
279 5 95306926
176 45 -56267752
187 101 -37905171
112 143 55425880
1 36 -62176526
190 269 -79329940
37 160 97357318
27 11 -62260209
45 277 59079880
40 98 -99204454
93 144 60998813
134 81 667290
231 274 13287183
14 59 56436128
105 206 58693503
150 58 73436518
289 193 18280423
149 239 -11277708
53 240 81036096
238 17 -56998759
207 285 72666787
172 257 20910982
224 92 59286949
194 51 -52860629
97 62 -16411734
268 246 -76243333
183 273 29234151
31 213 98584651
38 197 34685815
37 254 59316135
52 59 -41209715
122 298 -68386030
166 33 -14471982
291 82 81203628
77 148 -25490554
285 199 56861560
105 155 21152718
294 298 -90624280
232 173 39290905
6 152 83036171
231 167 12072221
234 173 -56589855
15 153 37746123
215 108 -79857975
72 272 16669202
11 188 64593388
169 38 61296433
226 195 58286626
201 27 18537734
33 298 62027559
17 44 -781010
22 14 -64139682
188 135 -25578717
221 156 50293803
253 292 48998800
287 253 38674157
198 93 6098799
121 141 76338636
128 138 35183826
97 99 -53811595
132 264 20908838
42 91 28174525
150 281 84925612
88 77 79288250
136 205 78001540
193 47 -47724270
83 57 -71553346
152 38 -46149554
104 67 15454058
153 263 47483733
231 104 40795638
253 139 -13733417
150 203 -55808429
125 219 59298
246 252 -18518562
295 176 58874456
88 261 18982674
215 18 -16590512
288 121 -6919616
250 240 99286760
157 152 83729767
146 185 27347138
90 228 -52755912
274 215 -34935225
248 269 51460690
13 167 88734311
50 80 83269176
196 162 19472688
175 295 57440915
42 109 33394703
29 119 -59196148
30 53 60862859
233 227 28756863
216 199 70169807
152 34 34414713
130 115 631112
246 165 -33459966
107 60 -38610413
257 131 25539065
90 253 86150125
170 64 46374825
203 253 -35484721
262 34 49351197
240 143 -96935433
281 188 -55640986
204 97 -54333104
166 187 45647308
150 180 27636289
