3000 3000
1071 2482 85505128
536 2821 13912363
1388 1 19775180
214 708 42545745
933 1693 84786451
1772 1666 5273876
115 135 86660874
956 566 89477563
1046 434 10752394
1158 1443 35778371
785 277 41404846
1012 2128 2830135
2308 201 11360821
2718 840 81015511
1864 1265 35977372
598 1227 23460099
2798 2427 99197199
164 1322 30073395
191 1451 45787153
1498 2390 69604438
2260 720 4057327
1232 2009 22264180
150 1804 83723837
312 466 39872375
2366 1423 98573654
547 1620 33198614
1445 179 28771705
1064 727 14723076
2612 857 85114815
2291 1659 54183891
2396 2706 70792046
283 2268 96296175
38 1150 66449199
1585 408 48910278
1843 6 21378589
1335 2233 44471491
1732 1276 33063322
1006 1033 75115326
1714 289 91408672
2766 1663 73939634
1231 1086 82991385
1288 1390 82091982
842 2331 19640091
2702 1910 11076742
2133 522 58278274
857 1016 68910094
1809 2484 94000548
2249 845 47578842
2687 1441 46947709
1215 1342 32405632
1256 2722 18733216
69 2173 68749522
2558 2002 96300665
452 2633 51801750
504 696 15173199
1404 2253 35758186
1960 94 20335098
2295 2273 19724452
2967 284 3360270
261 1150 52617126
783 852 14388582
248 1149 29910237
1239 463 77518643
2288 2104 81847349
1577 493 39642514
2222 1942 14988453
1703 1584 12202386
869 1042 53170231
2480 248 96747169
1995 1235 41881004
1214 455 23469385
2636 2796 44379095
1995 454 45297664
1614 2765 16765744
1278 486 27250212
1997 543 6062206
897 1071 53888554
1607 2772 59552074
1734 1251 85290901
2472 915 73874370
1388 2130 76045154
1503 1967 34838015
2230 1734 45265456
933 1807 73563918
819 240 88104421
252 1854 70481543
2342 1440 93896425
1284 820 83173630
2382 2168 46359504
2879 634 94826227
2086 1912 97859836
2765 1666 15438770
2469 1891 65870496
1216 2987 48791762
2870 1712 27658534
2089 2336 54582946
352 1152 67713262
1456 736 82969898
2638 2221 74583066
1214 150 52241800
1080 1000 93011013
2765 2122 57703295
918 2505 57503080
630 557 46911728
1339 2514 4132810
1121 737 98450055
534 2636 45404331
1583 1885 3346650
2162 2056 88402168
1282 1700 58010855
2039 1166 90563489
1883 1125 76654245
2909 1567 20356425
330 1203 94434730
527 2957 81824997
2640 2350 60185625
2069 1729 78217672
1504 1583 78943624
1936 2364 42164645
1192 2199 52166360
1072 1550 73420168
1619 2152 91346662
1264 1529 11780905
210 2833 5195573
1040 269 51227430
997 565 46647648
2969 2733 36812689
1318 2548 74604451
811 1679 77889454
2221 2063 87836843
1697 151 40381493
2340 2511 35260895
1835 1828 99138661
1707 1245 46030571
2866 303 85763427
940 1595 62410244
1175 2891 91362294
175 864 89951295
2771 2479 94871125
318 967 3441997
1343 540 92150096
345 1632 69926796
2652 613 25216636
154 2155 15045225
2435 8 67909156
1449 140 94289303
788 1657 80721966
1648 2433 15528344
378 2959 45506738
1951 2172 32319588
2253 1356 8181876
688 2295 68472795
1038 320 25171433
211 2001 71323681
1830 1453 18006982
1730 1965 34811477
2718 1972 23296636
1718 411 70734370
168 2302 23093583
2551 1876 86957075
811 2899 64953232
1894 1905 79983579
1073 2420 80917420
773 812 79438899
155 1171 83397500
2773 780 3477942
1210 449 54003244
54 2068 27560646
2143 903 23744443
1673 955 70553960
2875 2717 17987649
1656 1628 40559121
2407 741 63523644
1060 895 82056535
204 968 24233695
2773 1566 11011526
372 1070 73733330
1308 1040 54088213
1222 1456 23535350
1043 1751 83252517
932 2873 96776966
2179 797 91079533
639 1504 21466607
2028 1986 18799920
1697 343 24457902
1976 2543 25065024
977 638 25287347
519 1413 4813808
2689 2279 44038513
547 1709 75389259
978 1979 40346865
1236 2008 41511678
2118 1554 46173841
1347 2384 19258341
1388 2838 69213186
1107 2156 49980316
902 2775 67282209
2962 1711 24314679
2854 1351 2661843
2260 745 82007698
1115 2303 50075916
1959 483 54820392
2031 1560 93508514
935 1742 61800550
908 2754 99847242
1458 2283 28624073
2153 1031 89079453
2828 116 62196441
1497 199 36954171
2387 1080 77683620
2147 388 40567666
1203 2114 42958016
2986 2919 77087281
2731 2162 86885009
1613 832 85042927
1252 2617 51501604
1287 417 197926
1616 400 92453681
2695 618 79589677
999 408 20937210
1344 1966 58447496
2475 1683 57508793
49 2940 3742340
2525 1944 31895501
1589 1525 47562009
2381 682 87555862
2411 2219 16824643
516 1401 53862682
262 2135 95318276
644 1694 80760474
326 649 21570313
1750 2802 74063985
2387 1635 76355432
2810 1574 53660052
1672 222 67976803
425 1468 73131500
1828 1883 12725742
493 331 24969691
2306 1362 39878349
1191 654 81258938
2434 2820 33764753
2287 2285 11229692
1461 563 85681231
1542 481 52047816
2307 2496 12290168
2222 1091 76867055
2087 1948 44816798
128 1596 96033272
185 503 60369122
2348 141 6413226
1201 1283 56789301
964 2920 87261523
1162 1456 89519315
344 1909 68215781
980 1033 21144890
1138 364 98674159
968 2340 97484573
314 2296 34361148
2159 1333 22837367
1514 401 7789325
1490 1555 71892915
1746 1961 48647299
2081 1207 26368092
2236 2471 91831770
759 2780 9498179
1696 2854 65189407
1724 1641 23427780
2320 957 98192529
2233 727 65551652
252 1055 97070121
247 2241 80185247
1822 748 49653566
1447 1525 79420645
2742 2813 52322739
274 1767 31265408
2382 1403 41620614
2113 1702 81589933
22 1344 95306289
2933 1940 90003306
1008 107 96351757
559 1577 70952013
2444 1607 75282534
24 2767 43214531
180 1980 40088381
1657 607 54274602
817 1426 38023090
2147 938 72058109
2563 1861 57042435
831 2672 70129831
1099 859 30280335
2294 2570 66057790
1091 1470 6391205
2121 1090 17789715
2755 2896 60024877
2297 401 61030031
1493 664 52461185
599 128 50701390
2586 2441 26910139
2940 159 48366849
2154 483 5563074
2162 1296 88176117
2551 2759 14938392
312 1428 74327387
1305 22 82401227
2856 2139 87301620
1673 561 4706475
2571 766 24273146
569 914 51700065
842 792 98088026
2354 473 95994693
1119 2360 63441211
764 1086 41360850
257 1424 24131861
2233 4 72750268
322 2984 46637520
2049 2283 44261097
2747 2346 15011741
301 2700 62660785
566 1391 55446086
880 2193 7138842
730 2015 82980483
1912 953 61331616
217 956 38662119
2320 1255 64090571
101 990 87564883
2121 1786 4086051
2205 2023 80241091
2747 1821 97793800
1339 1872 81022405
208 2792 9751034
897 1202 29035302
1120 2732 90638035
582 493 73228806
2765 2371 80956662
2261 1203 27024336
2384 2212 61716716
2949 524 88793589
2368 554 66604853
1745 1434 83288032
1937 2821 27127401
1296 2830 70101383
402 101 20864696
2597 520 60667579
1660 1269 32864067
1703 2114 22951361
2481 2894 43813015
49 1900 30578125
217 2455 50624687
1266 1537 69917684
2726 1562 96192630
517 2248 52902493
2441 649 53927542
113 2042 42378781
2233 691 23912503
369 2353 66576382
1522 491 64097183
228 1950 36147384
235 1257 72710574
2557 1105 23307235
2493 2318 62315389
412 533 12631515
2042 1052 50791514
2985 440 21064592
2259 1690 14558492
2567 230 59417978
1960 587 82979798
1982 2614 82711677
1707 1638 76366696
1214 1673 97383056
2092 1670 29547618
2170 2993 33504460
2172 331 6570568
2202 2711 29778593
1021 2134 15336479
1606 2332 41584958
264 2817 3439010
57 1800 70817901
2405 2395 98817160
115 2429 1981781
2958 2094 95776805
2253 2515 53317009
1363 1892 10077801
631 453 1636099
1878 1853 77250930
44 9 76905020
1367 218 25476134
1252 1067 67114646
2471 1604 98421223
32 914 79253285
369 1268 67775847
2833 783 41846225
2947 1716 35648705
1696 2829 31850068
1737 2499 31528970
614 2427 88812936
2809 2724 34408193
915 2034 89666824
1775 127 78062707
634 1925 48199052
2138 1324 26026135
2339 746 76609885
2987 2999 39282772
23 885 60507543
2948 2502 80411505
1007 2853 51629199
709 2139 23961536
1244 2644 51766804
1752 2392 24403054
1127 2762 23859964
1965 900 14384253
1097 49 81428905
2206 66 29082227
467 538 82568338
1020 810 29076431
2798 2150 58316171
95 1197 99533342
2987 861 98040928
160 620 61196918
2891 1808 65251689
241 1801 37000500
984 1906 80793197
2754 2667 4587986
137 17 77378632
1005 1125 84962469
768 1617 30023254
2131 2598 19742419
2606 641 23239668
1684 1033 35937089
2204 1995 25962643
265 2702 77611154
987 776 22190338
516 79 11212812
1540 712 30001813
1358 1011 55920477
1177 2700 15554908
167 788 1060690
2425 2223 12012662
1841 644 83788244
398 3000 57437646
2604 707 55058626
1521 1865 53668965
2169 1954 84414806
1860 106 201946
2411 674 53860204
782 245 89186182
432 180 37207724
1665 467 36152445
2779 785 75288310
2390 260 87577117
2557 2019 59286623
1855 146 61575777
934 2145 91545856
683 613 26783165
848 1870 55845292
2732 2903 34740605
203 2850 1440522
1060 2361 67614566
1977 1550 23521474
522 660 4576215
1330 19 11828668
1969 2648 25118485
2640 1826 83287303
1048 1719 86570774
2467 301 79258350
2289 1809 73383652
773 947 97896521
2686 2240 77571360
255 231 68535223
1190 2069 10443783
2432 2593 52052655
52 1416 21234726
1292 1058 63251440
383 1755 95548284
578 267 11197216
2906 1886 52890870
195 1173 70173495
2860 1332 61629983
1273 2330 14829936
832 1564 35091615
492 897 37765911
2502 207 57102041
150 2381 5232745
2086 1575 95208681
1248 1214 83493923
1291 2837 10246431
1914 1077 44505693
372 1129 73441878
2645 1931 73018289
788 22 94087729
611 1961 73391979
2723 1666 27062568
941 2585 3563610
617 817 99415176
2899 1202 40113308
305 2218 21077949
1950 2599 79262555
2203 1494 47469841
97 2256 19990588
807 2271 85872409
1226 534 54697179
2176 2030 99540124
68 162 94511321
2854 548 69484459
2904 2189 29976000
2873 121 59076882
2686 1104 62369687
2636 247 21880565
2184 2189 69795618
719 1606 29529560
862 1236 21691386
1459 937 11620843
2385 2125 47948981
1 1446 4536654
116 795 57145809
2625 329 92801897
1933 2630 17241711
566 1809 84317023
440 752 97815710
976 1439 10598701
2563 1920 71384339
552 94 1935663
874 241 50006799
1983 557 70103434
2539 2538 39425140
1102 1205 87757454
2626 2734 57527677
2054 2689 66898145
1165 2349 28195438
1456 1471 53093676
1536 2960 45373485
1685 555 50478839
2834 608 4428046
1782 2004 12961861
988 1327 17915767
932 2956 50089705
1016 1628 49802847
1288 2115 68798531
350 498 44831103
1403 2203 5967021
2368 1489 87463696
1262 2565 94557902
1222 514 50710358
562 2250 15598682
1162 1526 3693239
520 66 73623371
93 1998 84191962
401 1670 39671420
303 1443 43992008
1446 2289 50074449
705 1047 41352334
1184 2265 32850089
1357 2281 49204267
1520 2498 56876966
1204 2916 5451254
2223 1947 79966615
2990 2896 90535559
1758 1950 68494220
2300 1350 19201700
2287 180 78844546
2128 2047 38837077
1961 1765 31076324
2995 2172 55292587
1878 242 72923999
653 1311 88234194
575 2182 27406441
2000 2528 95674358
1525 2464 12398786
628 1263 89263958
2546 1170 18499833
1962 1055 41821020
933 1524 28572075
277 600 23785568
2488 2448 68436519
243 2835 32331536
309 183 88653385
1447 1794 55750902
2739 2993 83446230
1922 548 55851178
52 1280 87606607
140 2428 77527923
2866 748 30952717
399 2857 10013899
460 1975 91325069
1595 406 62778745
1020 1730 14555838
1826 1011 14246891
1756 2438 29271979
2300 1770 88730601
651 867 29898364
2179 242 21044804
2739 2227 5226255
1103 1653 87730381
294 2886 40494149
642 1997 45606486
1003 2350 67310170
741 2090 70448705
1245 2516 11604795
1463 1580 63246792
1899 1856 64416449
524 1550 91636433
880 964 1833962
67 2825 91863293
1819 248 18786852
2669 2428 17050868
1335 543 61019200
2724 1817 46193186
123 96 55968158
1888 2850 45526969
2906 988 77854372
1451 2263 88137347
2572 701 26004949
2494 680 3851135
945 2620 79125706
1921 1200 52127451
1804 1865 63886393
1373 1287 60376337
172 1231 19865775
2268 2199 96934913
820 1364 58427866
831 1095 87877776
1060 2396 91223129
1902 1810 65495491
316 1846 96988416
2650 1751 51335694
1159 2835 43331404
597 17 97264828
1005 181 86397670
2504 1808 88424075
2102 1757 8446975
1899 1573 64613268
2157 2900 29765765
808 2714 3031600
2762 866 23560588
1055 1710 92873455
214 49 89140978
1361 283 66387196
561 993 60161025
1521 1635 14243658
398 1061 61261332
1661 278 77388432
2461 1155 65973073
2777 573 7194614
15 1999 68873640
379 2961 71543656
2589 2232 37074558
2798 1723 84154025
2752 1447 70905095
43 2461 9924296
2072 1647 60480402
970 1422 48670965
2776 143 7180192
853 2985 70510799
1576 768 69978564
884 774 82079576
1825 2269 51675677
2393 1590 95965306
1148 1292 72682071
1989 698 79739368
1890 1841 28239287
2543 2963 41968594
916 1907 51931145
2083 482 68974407
139 2820 55497005
2960 2753 9475000
384 972 19676862
2359 2207 15000332
2460 2494 19828014
1098 671 87796650
2808 2688 47741980
1513 193 60728476
1565 1622 62678985
1286 294 3566031
484 39 97040007
818 1575 60537308
1542 356 36706152
2469 222 49904155
2492 1152 17207637
2448 1066 57039731
1151 2945 13265833
2317 1654 13430495
1881 755 29346253
141 754 41752208
209 21 89021474
1112 2294 5040559
2185 1001 77575099
39 29 90828336
530 1424 90276029
852 2232 26530599
261 234 64797086
1592 806 47592910
2691 889 22911420
83 57 66153678
1582 2661 9027240
359 723 80816748
1301 1040 45466111
2892 932 53606305
1362 1291 37037374
163 1757 97849920
1462 2166 96461761
246 1551 99057581
251 275 40854307
1206 571 20405079
2720 1971 74231356
2483 1874 66943292
2223 2630 44132573
479 2166 6059073
2 118 57656671
618 2758 48402646
2024 75 91118719
2086 1637 15028405
1915 7 71441526
667 1443 60514262
1541 1219 66546433
2795 2585 76870149
2101 2336 57969149
2166 2744 87618777
1613 1550 86599993
2662 1281 24011182
2343 15 6466078
787 2118 73024133
2474 2523 52877155
47 2390 11863143
2313 2900 9628331
2874 2252 85521022
1939 603 27747815
1126 2728 8114578
667 1408 79810755
1908 1267 1030405
2520 2957 59692319
1499 1950 11148782
373 1347 3441809
2271 2922 72828186
161 2962 18567923
447 1473 51135381
2607 108 55229226
1732 1210 36285753
734 2041 40571561
1232 2504 32840169
1153 2939 83314648
2124 2315 8892985
1863 323 27343277
80 148 59507006
2459 721 15558837
909 1380 96608219
2069 136 2089645
269 1308 73045155
485 358 68552677
833 1998 43312438
374 1735 53724449
2337 233 9186673
1808 1154 65436614
2206 896 4037561
699 920 52223580
394 2683 68002491
1554 900 12482422
958 123 44528140
173 76 62311774
938 1969 20893528
1325 84 12423271
2808 2862 68257270
250 1779 34727541
2448 2955 26127883
143 451 98540756
1011 746 77584800
1036 1596 85099511
116 2467 85138608
354 433 89725682
2105 1550 76293549
2561 1240 64822904
2341 782 8542004
2212 2309 93061239
2977 236 2409505
667 2343 42611336
1549 2127 31380312
735 1775 75201701
811 2777 54080134
249 416 19079288
2755 2140 41537343
178 1745 79920900
2055 399 40027608
515 2915 2505563
1607 677 33296971
1773 753 40972584
2205 1982 30192700
1616 2969 60238256
634 3 59474453
327 1327 37938539
2117 2301 23571984
1170 1794 83886182
906 1822 34779697
2458 1084 97716083
1512 2989 96363768
1920 2533 88288156
16 2605 38180636
1077 56 39242368
1892 2238 68481768
882 267 96577931
540 2873 61038534
696 746 86267052
2842 399 15305114
377 1236 19192261
903 713 53745278
28 1274 58591007
499 224 10637706
467 1207 60660110
2279 2334 2856179
39 369 64575051
1205 1842 6012827
1761 68 5642602
2374 879 27033926
1346 1367 28827569
938 805 1351037
963 308 7860832
2130 1325 10620616
2501 532 10420349
2448 2720 83761475
1642 111 2394702
2717 951 49386493
713 287 4105087
2737 300 38739883
1596 1068 76727948
1125 215 53539633
540 1192 64781649
2324 1168 13486449
962 2684 62658521
2092 674 55195719
536 2216 8581631
1848 69 91707886
2829 2958 65400663
2865 546 76718006
1379 2119 25038378
767 379 23564515
1532 2051 67154056
1524 2175 30780919
415 2580 74357475
112 889 45119873
1006 2626 32364997
125 457 64354861
2083 2055 88462946
1451 2199 75344290
29 44 60212484
828 974 66461870
2958 2306 42472955
1112 1775 19797659
104 2281 6560900
41 2881 35627052
2338 2563 75744044
1503 518 7924111
1031 1968 97257904
2884 1224 90969875
2094 1474 47617521
2304 719 64040335
538 1362 4285851
701 1747 58338525
722 672 97012421
2755 815 8483372
2305 510 37069536
2884 1124 8298886
382 1917 95013765
1289 2673 58148226
2076 1445 29788261
2074 1000 20440800
770 2768 16676067
1680 1371 56259540
483 286 89387998
2765 1362 48941030
2606 441 5394897
1682 381 86185803
1694 1426 510350
2670 503 53623300
1522 2393 10181336
397 2497 87971271
1173 97 13936465
2222 1354 46198849
399 1160 66849582
835 1772 95741317
1992 2762 13502231
2644 1825 77267569
2675 1662 94398369
1466 1888 30680035
1816 1445 76366230
359 2100 73799755
1255 362 64825694
1644 541 72092236
603 2059 63905819
761 1020 60594733
724 852 50630139
535 2083 73972199
2819 2900 6891347
473 857 5881932
2808 917 53732551
2813 1425 2445855
2590 2312 83304522
2086 194 23706154
2789 1541 11408008
573 999 38174403
182 1965 55433357
1258 2896 2056977
594 1779 98060078
655 2294 70111183
1729 774 67065935
1484 1314 52959009
126 944 19779900
803 502 73425597
2013 1855 84866568
2074 434 23860270
495 2329 66003766
1307 207 96568836
2270 218 26338330
1469 1028 99721795
1642 1652 40342607
1546 1851 59116406
45 1920 11674481
296 2564 78240089
1022 543 32840400
1947 137 95789060
672 673 57876313
322 602 19404932
59 2361 53453797
1680 209 66258785
737 1215 85901372
779 2749 17242197
593 571 66272036
2407 1546 37230580
670 991 95069303
380 198 81820784
2960 2724 15639812
2362 372 35573007
2513 524 50244258
979 2645 24692524
1401 1798 61944507
2176 1496 6944004
1305 1267 66841537
1097 2297 21444103
1706 1966 91886
1320 862 32641965
2965 1583 86629046
1270 1354 82038370
1748 1678 68013309
516 2061 37530147
1143 126 65027732
379 2921 46267653
2856 1222 67808816
2131 694 40411789
1366 1632 20682931
2470 70 29180058
468 1109 94796083
1229 2913 65937021
362 990 15491220
401 520 97077760
522 2964 99077201
2226 2053 77249184
2627 1336 92292696
2698 2936 61191996
1096 3 82274847
794 50 94401297
153 877 26816959
859 629 38582773
2792 1417 57410019
2621 2425 95506587
1813 1254 16914473
2899 2472 53124263
753 830 53587415
2324 1802 6008036
1461 978 33863407
785 2705 70991372
346 1291 86349419
1053 452 89389487
290 242 3402045
2263 1463 97537421
2981 32 34583327
1585 1728 22574693
1764 534 51363750
1412 946 45931164
1297 2212 82669940
2249 653 56566134
1140 2317 57304808
136 2019 29677694
590 1200 85208993
2947 2884 92395511
2968 1351 34978546
2347 610 80002274
2812 1035 13436826
2329 1853 27215749
2370 1013 47318686
1757 622 81836246
2699 1870 46202633
1849 631 68808294
2361 2023 33419795
222 592 12684133
2907 2393 12668143
717 1115 62344619
164 740 7106946
1582 855 23248996
1884 731 50472976
2372 1584 36317756
2437 2109 2482645
2070 764 65984633
2055 836 27788724
2293 1327 4015200
379 225 13293762
2468 1279 45951354
2130 1253 57504356
1970 1767 97928815
2470 1793 78777608
425 2967 45260481
166 1566 6351322
1466 1697 84777610
2934 173 7540547
182 2133 5478878
2236 2806 86165366
325 2628 33441693
899 1636 82219612
305 2416 51169105
2378 1062 80122320
1571 1393 70641645
717 375 6711274
2412 2113 38395637
2434 966 50840176
1884 2496 83478697
2844 141 53481084
1709 791 22904452
1011 1741 82123893
2248 1056 88507165
1176 1022 72397006
1206 67 11583221
2332 3 28416509
1576 1857 41033256
2225 284 46540044
2358 92 45489734
687 169 79591402
994 1021 26471606
2143 69 25562176
861 2755 84284349
803 1079 43288643
2103 730 85542828
2267 553 81106894
2139 1952 12343374
1296 2812 47852936
488 1792 81017761
1579 2649 27860827
1816 394 56591033
310 1257 29188112
2723 2616 31275317
2417 2885 24306174
1140 1586 54856210
1741 645 7767665
2594 545 86061988
91 76 15363984
2055 2959 24729230
1029 2017 56423965
1659 420 14381027
2659 1255 86942295
993 234 42411007
1222 477 49153383
2864 1345 15626746
1368 1853 13898393
1794 1426 95794928
1712 1272 8010855
336 311 47361742
1145 119 24262373
1346 1712 62162598
1956 706 40409533
1458 2023 65867859
1656 2700 28685893
2521 36 55983569
2216 1813 98071912
2768 1184 61358356
36 2693 6257390
1744 189 32450796
2053 110 56852972
985 795 2262300
981 1465 55699317
2989 132 38732453
604 2032 47664101
1733 2095 79046106
1947 1354 88353078
1754 1736 28925163
1691 1024 81325405
2916 2973 44016621
142 2189 18322796
893 1498 62878202
92 897 75116710
2406 2253 56370417
598 1708 90726656
32 1457 22997125
2333 1393 73841025
1267 2686 54168295
2907 663 66666897
1130 2390 98396641
392 1056 27362835
868 577 17561312
2301 1997 16944044
2730 816 25038257
1940 1407 60829492
2511 533 62124031
1533 2327 90364152
1658 2720 58891944
2937 414 847932
1021 219 35177335
881 1965 27443004
2161 1966 96618763
1527 780 90735238
2767 1490 73518514
2211 870 11801542
623 529 66784734
238 554 91693332
2211 539 89980967
1785 2442 69962059
388 2274 82590360
574 2679 5759671
1347 998 65862761
781 2122 60786155
2448 744 87540363
1039 1748 97523703
1325 1490 20412477
2221 2334 20175570
723 980 39721968
2505 2417 71923157
2003 1495 31500000
2163 1109 42987516
2213 1669 11930522
908 269 79422281
1364 287 55575395
46 424 70134458
1775 2708 20587217
944 2521 77946234
2600 487 63064005
2253 423 9445974
479 2801 67478957
510 844 93153973
758 842 17938476
650 2489 11814847
1710 2187 23131965
1324 2110 5698098
2904 1045 46637903
636 2270 44096117
2965 2882 12265717
2756 809 9132385
1613 83 77003941
979 2519 56556112
810 2584 92560704
444 1315 77451398
2957 2146 64962351
951 2300 66372287
2375 1874 72835570
2950 780 45120091
1568 2930 51208606
776 2308 71588585
1147 1979 10116144
88 861 57826145
2087 597 63953450
2343 2632 99401852
1125 2321 74708646
676 509 26831222
1120 264 53501900
602 1063 72581646
2823 1620 1724587
449 2582 80789003
2100 2349 76593687
1322 1346 31953781
1864 413 58431638
1063 2605 47272629
2579 2476 11402707
2607 1160 8117746
1024 2868 68763702
1317 1444 23532813
398 1733 37396167
2562 410 3705440
2807 1200 68100257
301 2595 76218161
2675 1855 77223629
625 144 52115967
2125 1330 49010643
2174 162 44840335
700 890 94752904
1974 2281 80584556
434 1441 90193012
2545 488 7081796
1767 2895 53534155
2983 2606 55707033
1086 2374 37219808
820 869 48773755
1462 1982 20918091
2566 1766 15651749
2857 568 41292816
560 978 97816509
1992 1950 23391391
522 2290 57157640
899 2456 98800950
1605 311 59744806
925 1704 61560892
2923 2729 25243348
341 2822 26001859
2524 75 51133582
2812 763 62182143
2697 2604 33869999
109 529 836018
1075 1759 96643364
2847 152 76746041
1211 27 23889333
108 1361 73534897
747 466 39253340
1133 198 80549354
2803 2749 98663706
667 896 77561906
2629 1693 10703058
894 910 95394849
1689 738 37411605
2025 1379 70594911
2591 2711 98172793
106 8 1129492
2187 2908 34295888
1757 69 51446320
491 1161 91552574
1850 1907 35583033
2186 2960 85539179
1569 1052 33747423
808 1867 80480751
2964 1520 40036120
2574 1337 31054957
1428 1616 51649587
486 1100 37253015
2193 1566 27506279
2839 773 77754739
421 386 82931717
412 1820 33477337
2385 2846 1076679
1726 1036 40112772
2854 610 35901373
604 1717 48308435
2141 2287 34151660
2337 959 50241525
2726 551 78481387
2285 1636 9075522
907 1210 32873164
2642 982 24333604
997 2418 7236269
1503 2316 72664000
1565 942 53082303
1599 1688 18816318
2443 1874 79412798
2666 2603 32905052
2433 1037 49541613
266 621 31383693
1664 2496 35745982
2407 1201 36671961
1593 1972 46124401
873 783 99300928
149 1763 58588422
2332 1855 75407793
2452 1709 71415573
2638 2660 76462911
2504 748 34501158
2634 733 15129026
666 2000 33310729
272 2860 15035924
1602 611 7349930
2129 138 80555146
1843 1404 46526434
1919 336 46909768
1468 2039 44099070
746 535 5404955
1582 2018 46432417
1091 119 47324084
2916 880 90164036
1323 1547 31109806
909 618 11155159
932 1250 68535870
2124 1319 87404551
2166 1655 8097208
2471 1523 24032376
554 1953 38035898
114 2804 20514875
1241 2306 92565952
373 1125 70427996
237 1355 59102607
1632 175 54471269
14 1117 42471426
2005 217 44701552
1221 945 24153933
1364 662 78843484
1196 2640 48089985
48 879 37260053
2986 474 30009372
1504 1852 46167264
1842 1970 17175107
1014 2478 88547964
2389 2943 67019241
2611 2911 32706359
794 2740 77565419
2040 2527 64328393
1572 1928 45603845
2045 488 69037186
1675 1069 3440842
1164 2249 83210044
1296 764 40103826
2758 14 31256042
77 1686 67743482
427 2109 60005346
1834 683 3938374
2670 1121 33081327
1200 2670 94933651
2886 1947 26270420
945 2990 71629089
2805 219 90294993
1580 38 11970770
100 2978 22285495
156 453 90922984
2771 2985 56309764
1377 2973 81755054
1364 2571 96413629
2749 1831 82562606
2968 2750 26893604
656 1980 87491776
432 549 40421604
1123 109 71271780
1580 536 94693146
1863 43 88682274
567 104 48700867
2477 2759 1670300
2280 2935 36104812
879 665 68142693
2657 1710 33759811
2261 1411 78686033
722 1612 3803270
2993 1647 59789583
1181 573 34992367
1042 1812 18736006
2164 2535 24781262
1579 1204 36758640
2253 2981 64241899
2644 2944 46283088
612 423 78704842
1199 2569 16943018
145 2207 1873742
2723 696 12081650
772 1029 13329115
2227 973 86752067
943 371 49524971
95 1547 41522384
2730 2448 38627681
1217 1241 88260671
2960 2488 67239411
1192 2866 51313450
2224 2761 76533255
1015 261 31462510
556 246 77615812
1247 1068 23275262
885 752 23695854
2103 1696 7670218
1443 423 23376228
26 2522 59291853
601 556 71026599
1888 1355 61896058
686 2968 56291077
1858 1851 72768135
603 2085 52709935
2314 1149 95422907
1651 788 56211413
2592 1824 40415059
1597 1637 55432538
2797 1863 61908697
1476 2217 8629190
1250 1657 44569646
30 505 36949652
961 2080 90499152
2751 2071 26788034
2186 61 51355491
102 420 68962567
1534 1065 18248525
2830 1343 12667763
1294 1589 71569265
334 2955 46971741
228 585 30321670
2279 2385 60191926
1120 208 6154857
292 793 74092230
2451 1241 72445484
12 2484 34389062
1383 1127 5098105
2057 4 6157069
1524 2529 51914710
2308 1889 25977273
1915 1505 60332651
2837 44 72363268
1389 1208 95748871
111 959 18505738
1020 1863 40839354
1441 90 10736613
999 903 44976280
653 407 16476244
785 9 42622098
2387 1894 87197007
1299 1805 59421841
934 2784 55646991
980 2774 38017251
2981 55 23214054
1775 1259 79678275
994 2363 17034559
2956 2934 45410373
613 1254 2728137
1733 40 27428757
825 1608 65032711
218 1443 14061142
245 154 69609174
2700 1477 32848749
1715 1238 68172973
2124 1202 87222808
1604 484 40286403
507 2274 15614287
208 190 89474971
1843 2686 84975348
281 1804 65728522
436 1326 16821950
256 2983 41905493
1719 1468 19311252
510 713 29402132
2358 682 30735385
1564 2914 36491223
1073 1343 74976921
1050 219 21167777
49 2117 88796138
706 2838 82043663
247 1125 66032023
1885 1971 25599804
677 1080 42357472
700 1964 2950494
1339 1767 73013666
2407 1505 25174538
2858 1994 12282617
2632 12 23428342
2739 460 49433148
624 2172 8720792
456 772 19911135
1760 2725 49960026
2537 1108 48235489
408 269 80993067
1111 1822 33615498
1858 2663 89071366
1611 2209 79835262
2119 2716 63334225
1895 2623 62849186
608 2427 47268865
2395 1000 63349785
2678 2520 99140980
1304 1863 12652459
2697 1657 57582696
2616 1460 87177813
2139 1505 18122553
451 2823 76260482
2069 8 73691833
1666 1435 7415367
1303 680 58893009
2766 2631 46981756
1724 1105 7333022
2641 2901 64579010
2891 1541 34404000
843 614 14399012
2198 804 995623
973 1971 81133471
613 111 39865765
216 1621 74807664
1715 416 88789130
1182 533 70941345
295 2479 42439279
623 2348 94178544
235 445 65582071
2604 2658 35475272
2095 2460 34202557
2790 2394 59020041
1910 1636 48670039
1223 1859 77412183
375 1727 4914850
2295 527 86648013
12 1525 21376919
1359 535 52990049
2294 2352 84917118
1761 1396 94062614
869 1447 1232475
477 375 10803039
380 470 80566837
1844 529 2670849
778 2027 91257579
391 2755 84706482
1033 889 64055917
3000 1357 53296152
2201 2601 90556889
342 2490 5207456
2061 2690 44074397
1605 553 44939236
2980 2343 3366492
2507 348 95161684
1728 1297 62013387
2355 1788 12442153
1065 2960 69923132
1556 466 92441215
1378 2949 12977266
738 1359 85292780
1514 1266 90236148
1779 1916 63272426
75 55 47695340
1762 1802 90187057
245 1294 45691715
1607 1033 28621003
691 903 42031794
2955 644 60322654
2772 835 77156131
616 1826 72783424
10 1116 4855130
581 149 4723057
646 1626 40104091
1781 310 83554731
1584 494 28520347
641 2478 38749303
435 674 98371656
352 678 94484731
926 2654 35419703
2629 2567 61124199
939 572 92001273
2272 1706 20299257
1682 1380 91384576
2522 2223 52131284
2262 2439 63344351
1005 2297 55051879
2918 1567 58621250
1497 1783 97020852
1452 2180 57504945
599 1500 47844316
1288 2640 80517650
33 943 7007286
1229 1867 19971729
1662 2594 95555321
2330 662 40287834
537 734 80842144
1081 2131 31916973
2050 1564 94338535
419 2770 83285614
2875 596 91897021
2840 1445 69043353
2924 2929 69717581
1250 1795 40170420
94 1746 15751304
418 112 54383355
1698 1130 56715890
961 2954 61136818
2026 624 11300439
608 261 75157550
29 2142 7579978
2727 735 20052607
2958 1069 84659978
960 2027 20778141
2246 14 3317366
804 1465 11608017
1644 442 88715790
644 2611 59320378
227 2962 96009947
1368 2025 47238721
1267 1638 80128141
674 2036 46130133
390 2185 45125555
1419 2070 85176417
267 1026 29785409
1268 1375 4954122
1197 2828 43168593
1645 17 47427859
2397 126 24588274
2113 2668 22926058
2466 610 13596166
2262 2105 36577611
1847 817 80819892
552 1602 12366380
364 1332 76091544
351 2975 69644849
2794 2587 67148148
2499 42 12277965
491 2153 23959232
2998 203 10909376
86 1470 79475873
1801 123 23682824
1702 2266 61068502
1436 148 81529739
924 647 51761306
1578 94 70054642
1039 135 86824069
498 2115 72416091
42 825 50235633
2230 1691 42617469
1357 1423 18297609
1510 1647 39675097
2690 889 77074406
1053 1329 63586332
1368 2922 8435915
1210 1241 65055190
2466 2082 2782134
2487 2112 49215409
57 1569 89285944
1909 1344 26903694
100 1586 12544014
1636 409 71333456
2566 2532 15652930
1558 2621 99293409
1215 2641 22570414
1852 1796 70345517
840 771 46346603
2223 407 86326666
1107 1953 52450359
1448 872 5673981
2543 420 41766
1839 1967 80999592
2991 303 85350760
606 2718 94973596
2012 2490 7269207
126 2869 10923944
1085 2941 14940606
599 2221 80898505
1405 1643 27631792
708 200 56003680
620 2995 76886682
1708 470 94452133
164 487 75565244
2401 2601 18416183
2300 1921 30741432
531 2553 36300338
319 1912 82209829
1909 423 80977720
781 581 26829610
1990 1133 59650659
2752 1867 36306543
2432 1995 94998682
2791 1730 92654295
644 498 29707921
213 67 90973452
714 1508 73401181
203 1478 57156191
2444 434 14237479
1544 2029 10169906
2827 1547 44925039
847 1994 23087122
1832 1402 12877660
2608 2708 78015757
420 2824 66721078
1812 1677 69698355
2535 805 94972659
2805 462 1578327
2707 746 73702218
1651 39 61430401
633 2129 10230810
2159 2435 78863260
1897 2170 2803602
2778 1026 32461432
1062 182 17043435
462 2716 7575420
2143 2631 70273209
923 1764 51844378
1790 877 9718155
1658 1009 16992304
1276 250 28157056
2004 2845 17606225
1577 981 59265427
2219 1409 69700435
927 2922 80271129
887 214 94356022
855 2040 62488718
873 989 65138837
2938 576 50104361
2771 1847 5267890
152 2083 52200624
1900 2612 35414486
2068 2507 14415524
1559 2975 47868994
2461 57 95611643
2557 2575 77975876
1124 1356 55112252
1789 1918 52784400
2612 63 46534134
114 2965 51714701
348 371 26674687
2724 1694 8150560
1014 568 52131415
2716 1399 96834980
2795 79 46964892
2852 2660 55601856
540 402 26480444
2644 1109 13188425
1545 1881 80424706
709 2163 10717033
620 2357 15332392
2168 2166 83611803
814 344 14213821
2295 969 1280177
792 2058 20824666
554 1267 79313952
1794 709 5929008
2594 1766 61123432
2855 481 23078509
1857 747 91037812
238 191 52203418
470 2955 26415579
1048 49 70233237
1028 871 43197494
72 727 82396499
2948 2704 21700778
1645 2595 27858815
1549 574 51415647
1017 1285 45494564
1698 620 31840058
1381 702 48485185
1539 161 58408999
802 808 68322086
1977 1800 6741057
1432 1275 80378920
2446 1440 51799049
2465 1688 6963624
1882 1051 2588429
1902 225 69920281
2750 778 49685942
2176 567 42731065
1307 2686 30428322
63 1617 93589369
179 1375 69072859
1229 2498 17312539
2214 2096 92776803
1947 27 7363770
1069 553 79002585
2386 308 44535236
2298 130 81768136
978 446 80857838
980 1805 46610092
2317 779 37954175
1230 2316 19605036
564 1083 68577197
1473 2070 57572736
2688 87 56690847
2276 2605 35812291
2746 193 34543971
754 2314 17809289
930 545 55679688
1955 1029 99612592
898 329 78808010
296 1761 62798256
443 2369 52313679
1275 838 38529215
2437 1402 99952583
1588 1644 46472462
1811 1342 95668404
2828 1125 74354620
1900 2333 4282691
1076 2211 3250885
1026 2409 91283643
1054 549 61618568
949 378 19729167
2754 365 28485235
1368 753 2861571
905 1300 63731338
1514 1240 48377456
1020 1675 14012600
1813 1327 16156921
749 74 22059096
1402 2471 48199613
1180 1004 6230213
1161 1290 3843924
2218 112 89688841
1820 1160 57112483
2169 785 18101851
444 595 90758759
2049 1958 54424002
2538 1955 90359375
2819 185 50011607
1975 890 913151
2512 995 20532880
2435 1575 34923194
1657 1861 42069439
232 1142 73989337
2648 2224 98506094
223 1693 90497662
2261 1412 8747734
1 1679 67485840
1266 1028 31585128
1462 989 11597354
2694 7 12529450
2424 1279 32701050
2612 1112 85930555
2488 710 92118452
1820 1174 96303859
1759 2163 11845928
2216 2051 95592522
1429 1488 62705504
2192 1064 53599422
1228 2038 79225249
1188 542 67262605
1053 2100 351034
1744 918 10261993
881 1134 65115386
1794 2249 81264343
2320 1714 34798930
2477 1927 71390506
629 2603 41335942
249 1331 12241346
2231 1425 10197387
1319 1868 93890851
1224 2206 60901741
769 2605 48838841
968 2490 3720917
1591 2997 55679539
473 1655 4008449
634 622 32406466
1421 716 57827323
2963 1137 47480367
1922 1973 45125963
292 2871 73659522
604 1056 3787562
1533 2904 3205400
1010 856 71969203
2743 2231 24245646
2167 790 33852152
651 459 54032520
2385 2018 13681807
1483 2143 75266151
2996 645 45036202
2111 1146 40272910
976 1985 45633718
440 1006 36564205
1021 2390 8406196
831 1892 34185730
1149 2469 33130024
2070 2605 88490100
193 2312 14590906
2373 26 44322970
1033 1975 15828157
589 2396 64782196
2663 675 22563242
1904 1084 63794091
1020 2694 18744217
2174 2634 26475624
1801 145 47815339
656 1969 41248200
727 1524 40528145
1895 2880 89563350
566 24 50622563
2357 2617 69010592
1240 46 56005895
1530 1493 1572264
2142 1496 3713675
2967 2397 96214815
2193 614 74685030
2805 2714 64602270
1721 250 39222622
2958 525 25440197
2440 2892 59320176
1218 2294 88480652
2783 1734 65906350
146 1184 40801144
807 440 96761760
503 2650 74604892
1744 1459 16648036
2995 1807 43958426
1245 2312 86075577
2030 166 54160504
309 1977 88208082
329 321 49771179
2129 655 57889287
454 1065 37124015
2676 1490 16293259
1421 2375 95829006
2269 2387 69146071
2919 1828 69848115
942 1011 84737293
789 2464 24623214
720 1684 61132445
2545 478 90184462
2564 2383 59506841
1074 845 97721602
2730 244 32677091
1691 784 24139893
2564 44 37115183
957 2310 97680593
2579 888 705390
1167 913 76390157
1512 2634 84212387
2212 1690 55504690
1331 1451 70006850
661 2354 14754335
526 474 91832240
2577 2642 42103048
1106 2266 67451119
355 2650 12799443
2712 2588 49182774
2051 2797 35620821
1248 2600 55220428
1722 1611 12992937
661 1143 19500999
545 292 43129384
1558 467 66626950
1674 2778 38325787
1172 2004 88803881
1325 126 24778573
682 115 42002934
716 481 88350237
2615 882 64027181
2030 2316 50753314
541 2689 44813999
1702 2776 42977523
349 354 17971448
1548 1222 77213993
2232 293 12398099
729 390 25704729
670 931 76823243
2807 491 20894190
1825 622 70498159
2910 2492 22921519
2530 326 32025010
2527 2291 57309025
2298 813 69578777
195 2458 59193560
2609 419 22389637
660 608 40257527
2913 2081 3893133
1858 1703 38463630
2763 817 82925426
2758 951 81268425
936 1843 86481018
266 2003 43307867
2809 1017 66183744
206 235 65779500
166 715 86786070
2139 2135 5818740
2649 1074 77711646
1282 2506 60289970
779 1176 15897145
836 1483 74975774
372 1989 91067458
1475 2404 886223
415 1178 71048713
239 2174 6468591
2251 1305 90708332
2634 1754 84229568
2938 2363 79674525
515 2489 97505799
1236 2399 31520747
2781 444 1413864
1724 512 8856632
2096 1059 6070840
169 2511 54568710
774 2913 12290524
1389 267 37069512
1646 1997 74474469
1200 1304 16979201
643 2953 76658064
437 2748 42821433
638 287 274210
1683 322 84003466
1414 2006 29300583
2172 379 21216218
846 2608 67954223
1129 2927 890306
542 1629 92236579
1450 1015 51288848
295 1296 86855671
1561 972 90531556
1827 2569 85272880
1615 840 98643065
1497 80 17309232
141 1140 29339252
1340 1712 96426970
340 1831 62833844
1237 2032 79861947
1988 716 85953580
1219 2530 72863865
359 2852 76573594
1321 1399 22331523
1030 2351 71831438
2519 2912 12839219
986 1886 59072400
1527 1942 59391375
2699 1155 25821919
48 2242 86015356
1083 478 16347454
1589 1261 80297670
2307 2440 99859234
2046 503 71661638
2348 2795 80390084
1725 1123 97776188
2222 1536 67245795
26 2032 88396863
420 1518 79029293
1006 1184 90713055
45 2544 42296439
2562 1052 87359769
18 1519 54718406
2431 1445 88432534
2062 1514 60556782
815 724 92979469
2272 941 41709010
146 2282 59769555
610 2198 71151266
2698 2856 68065087
677 2416 70415326
1726 1270 54969243
1610 2476 95322156
2225 351 78175415
2777 2913 49620555
43 186 58745172
1300 899 41310766
293 1649 19238490
2972 504 84786089
1369 2517 38298718
1554 2387 91636812
927 2807 34136649
1662 788 59332139
2136 1752 32693623
538 2285 96549338
2702 961 54108895
351 1134 18144622
1616 1907 33311964
2166 1577 94581051
1313 1398 49249719
1927 390 57340636
2386 2397 42944887
1117 2806 81885079
610 151 49141354
1855 123 99966131
1900 1318 85254130
2943 2749 7251632
2000 572 45567979
613 2805 67908046
1383 1688 99253689
1851 205 67836247
1027 1523 40427319
634 2613 2658685
1652 2456 10500450
27 447 59005914
147 527 21716603
1119 2067 35625820
2601 1777 82948524
1990 2754 66511392
2584 2590 86566661
66 1358 47329317
32 1072 77709021
252 727 37941129
906 2641 27558240
1141 1919 30599727
335 432 60675372
333 2270 13201311
2585 767 92873253
2543 1397 28041890
2080 2359 28721271
770 2262 38883006
2141 2865 93953688
2967 1089 1618551
1345 1677 95755017
745 552 219018
622 878 13739500
2831 1659 30527966
2004 1947 43566587
1523 731 47918727
509 1103 93806465
1486 602 44383506
344 2041 46703977
64 2064 93596393
2088 1755 93645013
2076 2422 74870826
1789 1942 87576433
689 1526 48397364
2784 1955 33942664
1833 2648 27110666
427 2315 41885453
636 2190 56983181
1078 975 60256476
1389 1184 38199174
2994 2543 8311665
291 783 37385531
2456 1838 5538252
2168 1157 23157567
2386 2227 23876758
1004 1594 17292
1608 665 14984324
634 2304 65697526
2475 1311 3608489
2817 1207 4777866
181 295 71517952
2075 1648 14092113
2357 1978 42795463
2377 285 54775608
2758 2049 2623725
1371 278 99133498
121 933 55461217
44 173 23788112
797 942 5190831
1291 1410 13979905
2805 2175 76531638
945 254 87616071
1905 1679 49857565
2137 1851 24574578
1546 792 87201887
2226 2801 56700484
2274 932 73666352
230 1570 86750546
465 1210 68091117
1854 1510 48062245
968 1804 14641912
2883 1846 26452752
168 1307 23596663
1933 20 33818099
1267 287 60341802
2183 1448 69435054
2321 1619 3412297
2023 1027 19202532
1523 110 60739075
2145 535 20983869
147 1083 70309909
1861 2964 34175145
1448 353 58508376
1987 468 87151028
1341 2130 63683121
1485 1247 2853860
1691 1408 49340320
2724 2582 83093252
1649 2586 98612539
2584 2499 11008125
2314 2921 35826801
899 1134 58839282
886 80 51780489
534 185 74192811
334 1767 13474400
1098 1812 90585
2668 1974 88139706
576 464 56141691
48 2064 59856106
1360 1159 32931776
987 2108 28011853
2564 473 79138262
1166 1588 71487479
2837 256 15669049
2251 2234 24494438
2628 1492 11838799
698 2413 94451959
961 622 30292768
1732 2407 20406487
246 2104 18876281
314 1976 16674422
204 1106 20286587
102 2531 12837362
508 533 53591319
152 104 82381862
455 2763 53922156
2073 1167 40450617
285 1429 84874531
83 146 35666950
1896 210 15171492
1957 2459 34676589
1425 149 82889108
1579 2657 26749779
1864 2015 21457551
2155 1726 87296039
663 1696 7128020
1263 2459 18996751
2592 225 4002648
409 2881 98591074
2473 2020 40758873
1713 2064 30697770
238 1937 48236730
2281 499 42563423
2966 2249 41476261
2488 1305 38669878
2468 934 18785234
1465 2581 31947004
1190 2736 47126948
2252 2670 52616973
1400 489 32102447
1123 2590 38520861
1386 2905 22080925
405 1446 63389025
1636 1121 49411783
829 1271 13892710
504 683 63657086
2644 1026 46899142
1814 2823 31734871
1009 1720 25071835
2537 2742 92083817
631 1961 13594392
984 1618 17484197
678 1128 90512567
1005 1724 42377880
2143 604 92257683
2097 2795 82951841
2908 143 23636378
573 1722 92612726
1301 1859 63313951
137 1730 13288714
2683 479 71791826
2255 1555 35790573
2727 1821 52485647
2896 2918 13996742
1835 613 8436436
1036 2997 40460335
2374 146 4219890
2918 176 63129394
412 2476 53280428
1429 1152 98226468
779 1123 68746692
619 527 82521544
174 1810 62103243
1089 1213 48763719
2533 1720 36861612
887 2132 32529634
2913 2567 10904368
1047 340 43901046
107 2768 73988449
2778 2678 74548329
1269 404 87960013
41 1964 94742283
2231 348 52222946
1860 2910 61642960
2194 1217 8083044
2966 2734 74485029
1448 2131 30901804
798 748 90751276
505 2525 21114056
2550 1521 55600026
942 2134 25336296
1478 1671 6335359
1208 2481 70285103
1568 2878 20084970
2241 1245 57876907
1414 911 6611996
72 2044 82072732
1166 564 2228074
1457 1767 83467838
1676 654 10551520
2714 31 21790489
623 1540 84564147
1182 1493 92927033
850 1281 1864136
781 913 90216716
100 1454 25842284
2112 2406 73090773
1302 2947 67403622
512 1491 34958032
603 553 21876914
1519 1715 71947342
1386 498 72702413
149 1933 63511518
2821 1198 45983168
2499 2171 32053368
2589 1822 54831184
27 1742 88844695
1082 2724 45359527
1020 2447 83374087
1607 2080 3891710
930 1662 14501358
2947 1284 37954351
1443 518 94183968
231 2904 46237862
2841 159 95690578
2454 517 14681768
974 1241 13595304
2847 1141 12222506
2826 2103 53576270
1108 1592 35914274
207 848 77856238
2646 1048 79405248
1988 2358 61264391
2110 2565 48693358
2804 2386 6518231
1540 264 86697274
2391 365 83667012
1227 1019 7335591
551 1328 16309699
154 646 16250410
2948 883 98880437
2370 250 99003563
2719 2521 15988030
1950 1609 16763125
2409 2217 94496581
957 1483 50014224
2747 2598 87526852
1713 1034 24456781
2279 2911 55066625
2867 62 66810447
1701 1270 48530743
59 1305 37655504
2014 2788 10503250
2972 2578 56587793
972 1490 41247170
781 1901 86260200
175 2145 96015202
1744 2360 87595877
528 1833 41487531
965 806 6328075
248 1365 14665908
2735 2712 28618190
353 1485 52958068
2285 2006 91444260
2179 713 85304447
1233 985 5041210
631 2979 43887514
1475 986 30221014
2206 1260 71886011
918 579 70932903
2018 2429 99104263
1097 1253 79650739
843 135 51019255
1894 1623 97710493
1018 363 56701188
2086 1085 85179103
1161 1658 14683045
2569 2517 94841249
8 980 2490400
57 450 79470509
2976 1108 14601150
2239 636 6621510
514 73 3523241
2164 1957 13898997
239 806 78368190
225 125 57240013
2073 1322 31177006
638 622 81324041
2616 327 6164242
1901 432 24546304
1654 694 39828647
2183 12 37764673
114 2440 64882577
2781 2947 50436285
1207 765 69847683
2575 2168 72747664
2213 2392 77197094
1687 2513 13819442
622 1441 43910998
2742 2697 6921133
2745 2904 30024633
1909 656 63537555
2721 2847 63896623
92 64 53511323
2582 2519 73641420
1605 89 20250482
1714 2209 78868595
1001 940 41526858
2893 54 91376349
2897 723 4446308
2728 1343 24796947
1926 902 43338572
2828 2389 28160251
2264 2799 44836687
594 1713 52545459
2969 1206 30856023
2908 1411 34113580
2242 1660 59772963
1474 622 43618143
611 1563 97576115
1214 857 69673958
2567 763 94381867
2791 2670 35927545
589 1677 65108108
1496 86 89358484
383 2707 81227652
2721 1058 50298835
2517 245 99940089
812 2203 9794819
1962 2661 89488226
360 2466 67349938
2261 939 83809045
704 239 59996281
2080 1257 60755925
1988 1949 13770824
2027 1631 66393895
2542 2923 42671142
345 1334 26966918
2582 2028 81332157
2809 831 861874
1165 1207 72564992
533 981 27796869
468 2630 92643524
622 486 53793564
284 2314 83902778
708 381 2127296
1263 2412 30264749
2122 1850 15316132
485 2845 51516633
1135 319 86787058
1287 1981 72532505
2629 2516 54749997
2543 1623 38711595
988 162 8819215
2373 2634 17248803
1991 1491 42003028
1810 1905 70057048
1453 1391 63041288
2919 2403 36750389
768 351 79135321
2430 2698 98868811
1704 2317 45146893
1487 295 1207156
2864 2826 3223756
1067 283 46264312
1895 2637 97342969
188 319 77670815
2599 1274 68275272
1681 2636 62670080
840 1703 25979235
829 1202 48377734
2501 1791 78714815
1712 2588 18967765
509 2602 54869414
1764 2241 14440272
1802 394 20294490
841 2411 48936351
2101 191 34082947
1064 1587 41179909
526 2882 38399138
2770 26 23859957
664 2645 40963121
1209 641 89119295
1106 2784 73987893
2412 609 37244478
1206 965 74621053
2663 123 539897
540 2764 10777559
968 543 91481952
1415 2111 36697952
194 1280 21598802
2086 981 62885295
1916 1565 39690812
555 1530 22979478
394 2184 26003501
1814 1844 25193650
1522 123 94096447
970 1014 30798559
1823 2453 56869608
1494 1056 58487214
329 952 5768062
2140 1476 14619330
1793 1580 21140342
981 466 73217167
1904 284 9066498
1497 2636 69503967
2424 1184 68561385
1042 1194 14388526
2385 776 38871826
553 2533 87497133
2100 1415 15230464
1879 2447 68658716
1403 660 55289567
589 1024 31827811
2038 2913 95594899
307 1993 70957141
246 2007 7936411
1379 2804 51483409
2332 527 99783969
2150 2770 14110476
2306 698 54850015
1061 538 58062839
1168 897 71436484
1312 1311 70062019
1719 316 18273053
2625 154 73198356
616 1622 24013969
481 1547 75934583
549 750 97517540
1289 2899 9818380
1446 1630 29752963
17 1619 83865676
988 1000 4103283
563 1901 6873291
633 2363 47255317
928 1066 88684658
2716 2977 54880615
897 282 44371350
912 459 96959734
1863 950 78423887
2406 2921 43236084
2242 47 28983396
2917 654 24496593
508 2591 81222515
1272 1377 37658703
1294 2655 54946318
39 2765 33656693
1848 358 63659083
1419 1993 70960337
61 2607 83833807
6 1071 89119843
2876 835 19269571
184 800 1247360
95 162 13820135
1354 597 91146259
1070 1205 7162997
189 1599 83428392
996 2414 95907899
139 2295 55007966
2168 2453 78295422
900 1854 39985896
1388 539 78828553
2025 284 52993825
2977 1346 45634301
1156 972 20302131
1183 1099 90841430
2532 301 77427245
136 357 39048322
2972 1025 28305297
1661 283 45329618
2828 1425 70364888
399 190 75898668
1678 1406 57946513
2559 518 85913621
322 2233 25311847
941 2796 49577420
1897 27 31322223
1059 1025 22795161
572 1629 60920997
1394 1015 59587448
413 2103 54443873
2106 1119 53258546
692 2052 14758280
1502 1328 83807792
1074 2515 4247797
2173 2054 72725859
520 2654 55699529
1529 111 79978413
496 2886 90484723
1146 2998 47987979
2498 1356 47785504
1483 979 52434366
1255 169 66026159
2787 2384 43254523
1880 1542 39321524
2500 197 3511796
903 2188 72642925
2207 996 22531092
2492 179 23566308
2484 2541 74619916
1456 206 44838817
965 2305 11044006
1589 2868 7061481
1555 2762 61919305
1138 2199 47803781
1207 1248 34999906
538 1161 69004963
1770 2964 74591591
2150 2401 85516654
996 776 34814765
1277 1113 17274153
295 716 83668209
962 1817 64023773
364 386 83286386
1573 1596 19220329
2083 1458 96750598
2960 394 30148973
2583 2269 19505838
882 1411 67367243
1711 853 91740376
790 2385 42721391
2701 1394 9445049
2764 2358 89435395
266 2294 89053517
862 1145 15554538
2758 105 76561379
2971 2644 15907178
1595 1788 80744678
2574 1288 77168633
1106 913 1867366
1352 1374 88735704
1452 1160 9106405
1232 1870 17611494
2857 2067 32179636
801 131 85232704
1012 1962 6107682
259 1932 4379113
2940 2342 67492598
2183 1028 12214414
242 913 23694254
2855 2362 27120254
417 243 85375146
2098 2176 66985259
1848 1917 35221484
1116 591 45089635
601 2049 40313919
403 600 79342682
2093 287 24566988
145 2588 9107136
965 1857 42690409
1840 628 3541675
353 1159 49330109
153 1249 80805574
1179 1146 47257541
1387 1483 45217170
1276 2436 7286161
553 1332 11286262
2133 2070 61035318
1163 950 61870919
2710 2487 7821679
1914 816 74701363
1898 2914 95757000
847 1548 52302458
1912 808 70862805
2628 1171 66525820
1073 2952 56185193
1 62 420325
2552 1598 77253831
175 1926 77812460
1604 1392 8884019
2080 2491 15963037
1695 1681 12752273
2036 256 19714733
762 1865 50777478
2236 2340 74218734
182 474 72186987
2049 817 98807519
1963 1860 43671064
2997 2905 85897622
971 1633 13269320
855 2915 68786056
1783 1169 40821599
131 2985 73947394
128 1125 10850668
1159 1052 88323151
2478 2703 79221258
2526 1140 91533694
2995 935 44631273
176 1924 54628196
2224 2806 74016664
2486 2228 90656590
2990 1526 99815708
2409 284 29667921
1861 599 20057227
1659 2790 23717339
223 1147 4493868
28 964 97200097
325 2738 97607487
2613 2589 90439373
2808 133 88859711
2272 2483 3826977
1825 2766 76546690
436 983 26203359
2432 2349 55991747
1820 2377 20547153
2775 1236 13243399
97 1692 16530881
2519 2971 95776720
1978 2256 24908979
1024 2475 12766539
1474 1885 47024083
1893 1246 55191634
1825 2029 6666228
1453 2244 68424158
1761 2834 12177448
938 735 85876004
177 1291 70473278
972 2175 37118467
2524 1970 25071276
14 773 83042626
1250 1528 35744343
2383 1995 58628751
1797 2349 78896978
569 2401 36252851
2973 956 152394
1517 2657 69523190
2099 1773 60795093
2243 2570 6083312
1400 1480 27982916
957 1080 33058702
1717 2239 6107017
28 2873 94782779
596 2292 12192836
1785 1888 65560452
2373 822 94197642
725 2806 37132771
1409 407 18535274
2008 531 30967583
2570 1688 70697020
1132 2992 29667676
2648 410 57845669
2434 2751 51740558
2292 1093 85045657
2283 424 17178579
2327 636 64881138
2407 2196 47921802
499 2966 30377278
2040 477 49623826
2800 1710 1213863
2487 1459 27787172
2943 27 74715916
2453 128 1107004
1801 1855 59395887
1554 820 11185375
288 523 64314003
2424 264 8008791
556 2992 31012654
736 1502 86009766
1558 2679 78199620
947 2006 72190041
376 865 16718583
1945 2257 1892716
1345 118 51504554
1237 529 53330446
1444 2609 45028837
1662 599 4321757
506 881 97325187
1214 1562 74409281
2914 1288 27384067
2045 2357 5145139
1327 1240 33518782
2725 2737 8085599
2225 64 76854835
1256 2750 80835747
690 1610 24305283
2996 549 48551093
2017 1382 8235526
749 256 11749937
1681 2367 5748154
2882 1799 60580909
602 2477 55985106
2374 1819 9808126
1718 2704 32426097
2247 718 27575055
2140 1851 67171990
2817 1784 56703370
1695 2645 56958651
1892 2035 1534248
1615 152 49772984
2448 1295 33984145
614 1277 55231479
879 2349 66875535
348 637 54112685
1913 695 42359694
882 1513 27015499
2417 477 68198367
73 898 81289830
614 2073 93901638
2826 2040 18275034
1498 2051 9329112
2031 742 60421972
174 236 12944216
528 227 99166069
2395 406 67590235
511 338 80795581
2561 537 78260804
1595 82 1728868
1866 183 15004383
1895 2157 61285365
2487 527 80124865
387 204 1603546
1289 37 91624944
2193 888 57253279
904 2311 54823167
1904 2922 42490979
862 2457 92863182
979 2770 84137144
548 1089 69282658
2370 2155 71009136
875 1482 35685896
1775 1596 55633212
27 988 77191477
618 1648 95067781
2183 2241 80516507
1572 2646 53666591
718 1177 64840671
14 1824 8020163
1569 405 46606776
2489 2183 37692089
1347 415 68438668
55 220 70886007
1667 1519 49035793
1344 1240 56690009
491 1103 70176966
1429 1987 35864059
1068 1711 28275594
736 1024 3247109
519 1792 44035902
2913 2902 10966949
732 2996 91724428
2369 2792 56159638
2125 811 4330933
577 1573 97565598
1891 1535 66179142
1763 2687 33999694
1383 968 47535221
2143 2607 23263074
2361 2839 35687986
2102 2918 55234828
2347 1494 86955426
721 2669 50860012
2238 1141 62651736
1346 2404 34566952
1507 1965 38143825
1073 1782 83147593
2002 560 87015867
383 482 47321022
1254 1286 84571094
2534 2803 97322934
1454 2049 67253260
1542 160 89520615
2275 1657 24004195
2912 1547 49142933
84 1351 22562494
911 1070 8990738
396 1247 74544623
1183 121 89414205
2326 1866 62054238
556 2528 51323929
554 296 93616791
697 1459 42217194
776 1220 80406740
1820 643 96081594
1155 1917 43819442
472 1009 17103504
2363 2572 5620585
1734 1150 37715650
1905 1315 87132620
2238 1140 98431060
2029 2587 25279450
2514 346 16327893
1074 1741 13765004
2298 667 96391409
488 2417 17778401
1815 2519 70982303
2600 1105 72519348
2204 2903 13049380
2378 2925 72781431
23 20 53547318
2865 439 78006137
1580 1351 69231586
1997 1840 12927628
2113 2185 83866625
559 1304 35469741
1674 1404 82614585
2520 433 61728497
1213 2000 76628968
593 628 7233572
1798 941 51479852
2643 337 80915730
2067 638 40759197
879 330 35667062
1104 1435 23794086
2662 2327 78218497
188 870 47504529
1817 330 62655125
488 2238 31445283
1625 892 78903506
1230 1389 20195082
2583 1502 39309241
2326 2109 50742430
1324 2392 28137535
1130 1326 62324955
641 403 15139764
1202 2449 13470853
2271 1802 55261995
1256 2431 51698293
2415 2212 96256697
1997 1481 74834919
194 531 82656948
1353 456 48814359
1393 71 78924299
453 2238 26923636
165 2050 31497326
1027 955 83055651
255 1148 20502823
1028 2647 12350778
2592 1696 67314922
2328 2629 48260451
2225 604 89694640
1392 2565 65294475
1180 132 70143373
558 1688 1511231
1784 1479 37655736
2811 888 37862149
2223 1847 73740022
1839 1604 72481921
26 780 6120719
1812 2799 46316494
402 824 55479887
1834 2457 90601144
1001 1236 41045868
1410 1242 34154512
2918 1456 71764454
2975 925 54145244
115 1390 77320486
1223 2883 5218268
1842 1087 27651710
2021 51 34772574
2442 267 44614051
1794 1007 22833100
1837 1540 10032189
2982 33 18029457
1677 1435 76993827
2419 1521 7572335
1729 2912 31464202
2177 1672 55963046
891 1949 33612776
706 1151 79565870
165 754 54076812
1806 183 21829254
2766 945 58169478
271 2553 76976747
792 1283 42163181
2997 1535 55174912
325 1712 91529700
2954 1760 292744
2740 1002 45190507
759 303 33502414
2472 714 27070522
467 356 84466061
1832 1568 64433288
2042 1720 5464735
2583 2054 54344488
1699 332 42433159
1236 1021 75208290
1975 1001 54323063
2730 2461 53096975
1240 2929 59368443
176 2104 65185951
2326 899 53807588
1121 1270 81718522
1139 1322 92821518
1741 1186 8421556
1480 1742 35035298
1020 2482 44666566
1845 1528 88657615
433 514 91638835
715 329 1867466
1859 1601 41572750
412 2802 49052187
1709 1041 94492186
2289 1948 81156615
767 946 27025566
1066 2537 49916223
1041 846 74957230
2576 2137 65375277
526 982 96500165
1125 2588 94173918
790 2530 61376335
1362 2861 28745026
2465 1412 26428844
159 2125 71881598
2018 1180 47283595
1582 2275 14761809
2497 1484 58948018
1063 945 82515800
1303 2085 93133843
923 897 59892514
2412 2824 31396668
1965 1986 85835264
1387 773 17563619
2923 1623 85236778
2612 2102 2669498
777 1304 87242673
488 2139 81789199
1789 2910 14522222
136 726 78350547
498 1747 53549684
1453 1104 70420057
1401 2630 33748135
2359 809 95372441
1234 2393 72809061
49 2107 55343897
2615 2262 79917329
2835 2519 13919937
857 2957 32726110
1990 2357 92181730
543 2647 92223740
1443 2951 49653492
2013 2965 50853853
1635 2613 78509087
577 2104 50464549
1559 2857 29200711
1919 2801 44672900
1984 2916 23412733
2966 1106 91682595
1127 511 1742397
2583 1171 95567809
877 1802 17673368
2812 1876 90044001
2715 2839 83255666
645 1504 64106247
266 534 59225922
2364 2351 5286491
2459 2361 98715302
2690 1875 62632793
1599 2705 29843741
1887 2691 28977209
1295 2294 6624728
2380 2281 61291178
2692 2002 20893198
979 1799 14688507
936 1509 25861650
261 1533 99432003
1282 2410 87226886
2706 932 37532373
2724 1831 94255398
115 1653 59492332
2303 1136 52852471
1418 2993 74016477
2884 1844 45274876
2960 2897 1193710
2428 1861 38603850
1445 703 58404320
2537 1403 76413933
467 2874 83624863
1506 1296 88484353
410 2557 23918734
2681 573 87865537
