2000 3000
1313 183 91854322
1060 1571 27423912
89 461 78898895
230 1632 49697794
1639 734 48384758
842 921 21930173
243 43 86495652
1001 495 76878591
519 1381 69250878
508 706 5510133
1419 1981 35632494
572 1316 42439337
1305 1813 21826904
194 325 7343645
794 1805 82523153
1975 487 96460234
1318 917 95175834
180 1099 23548720
1750 1040 37593457
690 513 96846552
484 238 74719459
810 667 40558936
648 1681 26291480
645 26 29183509
108 1672 96188596
844 510 89983489
1305 1221 82920276
633 1033 33797923
1799 714 60833242
243 1356 57981508
1775 935 62854503
420 615 98892913
1307 413 17320389
245 748 59995622
1764 1453 79970773
1679 267 23133080
1298 872 53140806
1483 662 34521496
1918 1327 79659927
19 30 41618883
1171 68 79290696
1726 1620 23542039
839 118 52329470
1766 312 42546013
1093 1672 30171388
804 1659 23001375
1686 1658 93300623
769 1376 94378080
1842 941 96776827
1287 1558 33212343
1891 146 50091924
301 894 75641918
817 1770 62100650
669 1291 23494914
1398 1191 59313747
753 76 92329075
1034 505 15125792
1568 210 72937045
503 352 43756692
196 943 4354802
437 303 71817366
727 1060 91737517
446 166 8231013
1040 338 19442744
1450 1462 10197727
410 1865 89151044
1395 1857 77746930
1964 1722 14418237
1297 1078 61150606
1184 584 48602613
990 1368 27811542
1712 178 26183923
978 438 75551129
547 1305 50486262
263 547 75844999
772 208 42861824
1493 111 72986328
1018 1014 64398184
38 1323 62385755
112 668 11834055
1299 217 5461830
413 1445 83594276
1779 1896 98269660
44 1343 30004768
1778 1755 81215428
916 1022 5049528
1351 1185 68625519
1248 1185 97002651
1819 461 37592983
1224 1370 63409029
1016 271 84066127
564 745 71433312
1655 88 46340428
687 592 40082365
1904 570 5872451
1777 848 17741658
1100 52 14178199
1314 537 88451969
501 1544 89529427
573 957 24575050
1844 1432 90877077
362 1053 13189871
65 500 63167368
1169 777 79381712
1974 1133 42170932
493 1187 79184968
491 484 12168307
1622 588 63982897
713 266 1305649
1684 1012 80287732
138 1169 97773959
1026 269 63363584
119 184 81566632
280 167 69712679
1464 1282 40243997
1263 1364 78893813
1031 959 98564342
112 1941 585756
1884 832 22498045
1619 1659 96048149
1617 1574 49142000
35 6 27743593
1358 370 98342259
248 1383 89457514
1421 85 93406882
203 577 28974616
662 1633 87779762
1429 419 3743204
787 614 67970960
1855 1278 51200610
92 1156 2069423
1458 1828 31172236
363 1182 39644208
391 838 41525849
440 932 18133560
1559 1157 95561779
1389 664 30350150
235 1457 3653930
1682 169 35547144
444 300 97078025
1281 921 53222958
1107 1142 76750276
707 730 21557592
1801 1969 57255142
1775 940 83095899
871 1598 22474278
1297 784 78293104
1238 13 34639148
1056 1319 40178873
1903 768 62147919
277 178 56543791
1003 1816 80166672
522 1618 12326933
1795 645 53464949
712 1049 52643819
448 1913 3430593
199 1239 41003553
459 357 11378412
224 1788 77517326
1149 601 54940348
1965 1995 3045832
1439 983 16101460
1447 1956 24421709
827 1775 5274429
1126 984 84562442
8 1876 87766365
1667 1689 40403812
752 788 65618973
776 534 59026432
1468 675 76969803
846 1362 59622548
1925 1088 26952591
45 845 38544233
117 76 2770737
687 1287 83422528
1587 1978 59395651
92 1220 68905184
1945 1257 45078033
62 322 10108823
1728 410 40022235
877 787 42197964
1570 464 85074736
1250 696 22712661
1494 490 84550956
1528 803 15451282
390 377 93240842
1701 1860 33092685
412 1503 94905895
165 812 14794225
191 173 55347236
190 1164 54734669
1866 564 60328934
44 1013 77688097
788 1668 37741126
1653 88 50864725
55 1534 62695026
837 1591 76570545
1373 1317 13331567
1603 1057 62086550
525 984 50904347
1912 409 9842286
1154 376 6237372
878 655 50270464
947 1640 92961033
125 1748 53886072
443 23 65336941
799 905 83306189
1697 86 77923182
1228 1039 47697136
192 24 60587855
206 744 2707568
1647 1595 45617850
1630 163 41478835
761 419 62704601
1124 1363 4141173
101 495 88885361
1161 1144 19713429
1694 673 11778958
439 1555 2408532
844 457 68063113
583 869 48434189
1623 889 82954630
257 1615 95428443
1866 290 17631568
1758 1522 10896469
1725 548 10826682
360 304 35060517
152 753 86654231
1096 1241 41360986
1622 586 72484006
326 1422 30577735
31 495 88506969
1179 47 68332427
1851 1410 21716768
705 1856 33816490
469 1524 40935991
65 1055 36704650
869 1365 2674197
995 974 55373944
1636 759 66907070
1969 63 29950659
1610 1514 28205284
1971 577 19444802
1538 768 16428518
611 503 1686095
1348 266 96441083
153 1137 20434273
713 729 85547712
927 592 69948444
1962 1181 38681458
269 1926 49332303
1727 1895 28402873
141 498 95237424
963 410 41428972
1511 1590 20013260
1230 1077 93035646
1781 1284 38668693
1097 1225 34956448
1903 1660 52049387
13 1240 31886431
1071 1151 30632780
1619 211 42774168
525 1646 3528114
1828 1275 1995729
275 1994 61929125
889 448 70616276
329 1188 57699275
219 1188 63450292
1193 1406 47421365
995 1079 38025207
1291 1192 83117345
1674 283 59747777
889 1794 59042771
1417 209 21287758
268 575 50887833
537 73 10151840
380 895 87202631
979 1189 11776534
322 980 59463495
720 1862 63336615
1896 1853 15008136
841 124 88825020
1415 1372 70324593
1015 745 70403238
1991 931 74396695
259 510 42084199
1441 50 99279828
1079 1611 36291582
959 1242 35734214
954 1922 60163770
1322 1708 84077024
1158 147 45945621
618 1561 38791410
500 1297 20684053
1640 194 55050399
461 458 69621171
1422 1353 58787773
219 978 27406897
901 1533 39872613
1125 1144 71471209
965 945 55926277
1925 1357 25621089
1128 1077 528557
1124 228 72607945
822 1114 70061247
428 348 70137641
920 849 15064875
420 1094 87922299
905 1180 83509658
934 1413 31277610
1119 506 25437813
699 1176 55791367
518 142 55582835
1981 1200 68069905
340 1127 19665432
1283 271 5886812
453 376 60918057
376 1510 54112618
1647 81 48187750
1731 598 96736440
1230 1859 31577791
670 1567 83236899
1416 1888 82838216
1091 706 11745373
857 1079 19897822
1721 242 94861748
1303 1003 89394015
667 766 35057297
1854 331 57970456
1136 1959 53311308
1749 1354 66548820
1891 1872 27738945
1813 664 66314595
811 1784 46823078
504 134 85644127
499 416 27070446
1622 150 36024720
1778 1995 35236805
489 1079 73239604
803 1079 93503954
1514 716 8604839
957 1880 96567006
1761 1380 37729200
1835 893 97904799
1591 610 49910447
996 1816 36429038
1878 1366 80410868
435 1161 69053494
1975 993 11709967
1024 930 62970314
1298 581 16049109
1923 1364 28326663
1808 705 72683210
1911 1855 5179015
1579 1960 53204174
340 309 30858914
1324 217 53094133
1122 1735 56863227
507 295 48326713
988 485 75603401
17 402 5220498
1562 1313 67936754
1528 971 48235263
500 1116 91406418
1401 1939 12281180
1029 614 88140784
860 1228 50977596
1749 1633 65236629
1835 1573 64700686
1917 1501 76124778
1390 849 66991129
982 92 26275967
1103 1440 80527806
712 495 56407213
1590 851 9389019
1278 663 22264956
973 1819 7391091
992 884 23842563
1932 1753 45614597
103 1111 4136977
1276 1134 87315957
108 1219 69202711
1080 1356 75537592
1032 1719 63548982
39 1843 34200465
980 340 25926426
2 755 91476945
136 92 14379002
1171 687 92276160
175 1856 21532413
1794 87 67847420
1041 913 86160455
1977 1117 87253409
263 943 34853121
1792 1200 40790719
10 732 49161111
1073 1906 30355123
883 344 46941248
1604 1477 89490552
523 613 70106358
1171 1033 32660287
411 1940 9286014
935 639 28279490
1212 1669 58181588
1080 904 96980104
1671 1386 37429411
575 965 33402407
518 1284 16017013
710 903 5210
272 179 35459651
1045 1792 79895370
159 1145 46626394
422 400 50312943
780 823 69238955
674 1495 17655738
1536 1293 13420400
401 568 51067612
1172 29 80752221
1645 1939 84214972
209 759 65043567
1486 777 45037060
592 1870 7546494
525 188 79111601
459 1808 85189227
100 123 79578664
1753 1649 50602069
1420 1625 68332487
676 1680 29397946
189 1462 2937844
1765 1966 93941725
1857 1059 8241529
630 958 30776045
1056 113 87378130
718 1455 65360864
915 1345 37332937
1975 786 27520968
1301 116 40607007
283 1242 46639158
1692 1787 81335645
1281 278 46952370
787 1496 9708105
819 1687 77478546
323 1035 72967828
699 1311 80477274
1828 565 9951017
800 1615 11677510
1152 359 40744084
940 1240 93577312
1631 146 85287226
1817 346 50759020
1643 1735 29289463
1886 230 17091805
77 1176 39943787
550 1743 71968843
396 884 53975054
856 1828 98686668
996 638 20410595
1167 1382 60969705
1084 1686 99403903
210 344 94004534
1005 1677 93283260
747 809 26740516
1809 820 84671614
1332 1210 87306115
1104 1868 52015964
437 46 21192801
1316 727 86742382
1430 1859 33491168
502 1924 88813946
1714 1469 10774361
653 1078 39918018
448 891 22321312
1685 1565 75077286
1403 1615 42973701
1157 1018 87037039
250 265 57566223
1382 478 98320956
488 491 29333387
1474 1354 14326547
1565 998 19242752
1682 975 86340742
1921 1034 1133388
1038 303 21035206
1343 1497 59328109
304 1674 79391624
479 1908 7494262
192 1553 2239153
537 907 70251408
567 757 51855742
1384 784 12666682
79 1831 28694100
436 468 26444932
177 504 74363010
582 183 38018805
293 1065 51506188
166 1803 79219104
293 1196 29779125
1567 544 58392011
1577 992 80286967
201 1048 94749744
1819 1224 40780992
1629 324 52970921
1379 500 22281740
1428 821 46043968
1226 1509 65721479
694 299 14401462
747 317 50591312
1774 999 32016148
988 1947 72454034
1348 1228 8792593
1625 241 84392247
337 1721 68146420
360 945 56863222
958 1119 351446
1253 1883 1930664
1812 64 32189125
1446 1232 4374950
1852 1629 13405576
455 849 17194640
95 1063 56051004
239 1663 30903720
22 174 43511763
983 1340 79543699
1034 1844 36792393
1273 135 16024847
1380 553 88526176
1181 1171 69989522
1853 1199 41392284
1037 959 68438236
1502 951 61982766
674 1998 91319466
144 673 23325637
131 1536 85664692
876 1999 42186193
220 711 20816488
1595 1378 66532098
4 1858 66007956
230 714 50103515
4 947 75351189
70 1929 99781926
230 732 66002119
1524 1168 24965058
1651 989 83211925
521 1279 59717380
1219 1847 92001333
1743 840 37555113
1871 1515 57814292
1357 1339 42592938
977 122 49847463
589 203 45673404
1106 1317 2387040
1944 1894 40845561
154 1118 93272616
327 48 8520929
723 820 12180920
1268 168 62654739
965 1754 33988850
150 1551 71175070
409 352 72424741
375 1640 38610581
1706 1271 90774753
272 706 10765183
206 448 68226279
91 1886 65130217
736 1757 55203530
1327 1935 86564564
1753 813 42398624
742 1732 91787329
785 595 81020656
954 1166 36485101
1570 1118 2489537
1554 63 79195721
244 913 47623069
1480 616 74733545
225 1756 45361571
902 42 23713141
945 912 2975395
1971 1317 99466803
94 47 12851786
1034 1690 16117281
1344 216 98751139
354 1164 31378087
753 1102 76898471
1173 186 16931363
874 48 78572721
1805 1078 64560081
98 1793 15485472
897 1888 69174360
309 1905 4696606
636 90 46946330
938 1905 3610235
1669 1908 98966431
1050 595 16313643
1031 1329 45766118
719 998 17976569
121 1791 76395226
1985 989 81177961
534 2 7348336
1162 743 20983756
1126 553 16415639
1891 183 66756661
577 1254 82056899
1748 701 62369578
978 761 84201570
1014 1882 56637214
1936 1124 92051888
1603 144 23746029
1062 1896 62712437
1060 318 77742781
12 5 9498340
177 1015 38676209
1834 1437 8915786
1811 250 40579820
491 1217 88840684
1252 426 96831258
455 113 68117267
1757 583 5142803
70 1999 69668721
1238 1090 99450113
947 812 79224697
1593 1788 44503911
1318 1512 98669099
1790 791 90643187
1064 757 34239821
1967 1666 77346996
194 1347 1111959
484 144 54620357
172 740 63009385
294 1889 2044834
1665 1513 92657634
1072 1286 10972299
137 1187 10636496
120 272 58066058
13 1650 44449503
810 1152 66736016
630 1895 29388125
1372 1543 62338125
477 1957 31921384
138 1127 589871
218 1131 46833408
634 1088 32001692
1960 1338 309230
1080 466 83004154
1023 340 53689013
346 384 64744790
152 1658 61271880
44 1690 7735208
1372 317 11837416
501 1234 5279329
996 445 88092708
574 1223 70671854
937 1148 91035542
1889 796 46511681
468 1370 3579090
1334 1216 67834230
30 1081 12883820
871 1958 28074140
1136 1482 57808530
1500 1454 13710447
931 125 8458249
799 985 24255742
1184 228 27010571
1113 1544 88134855
1712 880 47048267
626 796 9590223
1964 113 61286225
1475 1479 63669377
717 1161 82843187
406 409 63743559
77 1081 96479901
180 1538 54464792
1107 449 83537126
1477 661 67327504
1305 1667 66412122
642 1826 30954083
1368 687 39553462
277 1050 76598380
1273 1976 20203049
1239 991 80513161
789 1948 15174863
1408 64 58885382
1382 527 7909549
1674 1264 83626181
163 1360 40436749
477 863 12613186
1142 241 28713094
1378 654 50867417
328 1762 82682614
324 1502 46452401
1331 485 63195764
521 112 6082335
238 186 51842473
1676 309 7835082
1939 1140 87643134
246 879 53470518
636 722 58088254
1935 349 1719948
1008 1957 98253929
1537 914 93622539
313 1951 8266423
1076 1438 4693695
385 1585 14870880
1778 370 46116737
1967 1244 47147763
1539 47 45083655
286 1728 74736426
1985 150 42126307
389 62 48445241
1524 681 88044791
1518 441 98886112
1510 807 44393577
979 608 20701615
799 147 1934467
171 821 91355878
41 1549 47529171
497 1576 42045586
429 1718 78657781
652 283 62279886
675 1647 62889317
1287 14 64117080
260 201 27313595
457 1060 17451152
26 1478 6863337
1229 1707 51723205
589 357 23840088
394 983 86194644
1447 1177 61395796
1227 135 57516299
129 1042 87740904
920 717 91215760
435 689 70215116
169 313 37954892
1462 1079 84842006
313 1677 42317977
1476 1477 32887841
1775 858 33308804
1606 173 54623477
198 1264 27975593
1108 1358 20157437
1974 721 23749145
279 1003 95131107
311 430 52935555
233 516 12770600
596 711 99582221
1411 1018 23039459
1829 1886 17865543
1789 1006 81719086
1395 1700 96826539
1553 929 84254426
1286 1225 92603874
1143 1796 30152588
89 1023 46257411
1688 1801 99313025
1316 582 39015453
207 1648 18392614
736 1328 65314791
994 1161 6966296
1014 526 27022295
620 1351 55401091
1150 81 81851203
1270 1530 30664556
1459 841 34971214
72 980 36519051
1901 103 74653785
1116 1220 96735230
1653 270 24219510
1114 1276 1190898
1924 1389 5452210
1516 1182 76886531
915 149 54094365
106 1498 53231426
1499 1752 80364153
830 33 78474546
1333 1383 89869977
913 260 24640457
1002 643 25484667
970 1796 30729049
1890 652 10835038
1541 131 45852850
1896 324 32353287
1913 1152 29733589
1524 1755 60979624
1535 350 65316045
495 1939 686920
1729 1884 2947742
515 1357 30288835
1831 365 86493849
391 1529 31286722
1499 593 96983955
453 1081 10881273
886 1786 88679806
1430 942 7070644
1872 359 81495500
771 616 99528815
818 1178 96856783
1557 889 89705681
1942 853 66751660
789 1090 52861303
133 1944 97880289
1116 1779 36413012
935 820 4778660
1763 1710 63966990
1349 10 62826722
707 403 99919739
889 1579 51582363
1798 1653 86466954
44 88 77075945
131 1666 94711364
374 195 90278666
1508 1726 21599879
17 587 49971548
114 680 28897816
613 1507 61298068
103 722 34906438
1835 139 62411916
42 1948 9690964
1885 436 81416429
773 1048 87696377
1060 447 21282544
561 230 35032528
328 782 93194243
1976 505 5404581
403 448 25480974
1201 1744 47685811
1133 168 27978604
1286 1372 40847919
976 917 23933800
1809 1263 86219632
404 1802 35895534
361 1802 99712980
371 535 35035653
472 1870 62707344
1765 1229 64904661
1832 11 51626286
1412 1614 39621811
96 50 25494066
1528 249 95832023
875 1974 24262704
603 1633 14484621
816 646 53213628
293 1589 8861297
650 1108 44781914
384 1432 67342038
1568 288 74135691
1845 874 53148624
1757 1532 8764670
1499 348 22685889
312 1416 23895149
1150 1344 68703151
220 775 89771817
1717 1221 65118797
1680 1207 48433633
41 1982 57860330
1839 1884 17412252
1508 1786 50498437
1280 853 62948583
783 1276 56593669
1838 1124 36993319
1154 1620 13700739
657 1657 79616487
598 579 74218960
1169 1958 5362467
757 923 17225449
745 1820 61376265
472 1163 95835607
1568 1307 78240025
615 758 28646038
1585 933 3726711
1227 1739 88411051
1796 1675 12188759
1838 1693 90852516
210 205 86277127
1305 252 39405799
371 861 29031122
948 681 20689961
210 540 71360803
1001 5 26034661
1447 1994 87115798
320 130 97884269
1083 553 18799992
1314 1487 25981027
1718 1609 61252019
250 591 98814477
739 1772 10902800
1598 1906 11174629
1498 755 4578525
25 1177 59481666
1700 1551 97540753
1860 341 32673499
122 1168 15149725
1671 1079 93411311
1236 999 12050820
1788 560 65474612
1629 1127 73308817
11 610 98219782
477 1071 9972853
1342 1469 90897891
1901 1056 82852741
605 465 17363364
1798 12 89851409
578 33 49213445
1729 1972 79033535
149 1277 82087625
727 1273 86047397
240 311 92762198
1713 1035 82058366
508 910 53854014
920 1612 98547084
1889 37 50685282
981 1532 11716899
440 1771 89755856
177 941 7124405
443 995 7735626
421 1472 10833259
834 93 25360551
362 1589 22500639
247 698 48884099
521 398 4952013
1651 507 67948627
1451 60 99697458
1630 178 98553153
1641 1375 93485429
1745 558 34869793
108 1049 79176354
86 1698 43270336
1709 1803 7291234
1974 1981 24028506
1878 1909 735066
809 1330 87182351
798 25 39845752
1784 1073 89452271
1183 951 47696051
1933 1820 35130617
1394 258 23769797
529 82 10756391
880 1944 27943
1324 1701 88456415
786 637 61495268
295 807 39324373
1538 416 14057562
813 856 74574714
1463 1459 19158878
436 1657 80746549
715 918 11363970
903 1435 62668962
1687 1035 77142260
591 639 54152533
1765 1666 44860978
1892 646 65852287
156 510 8360912
208 946 76383808
166 446 81351074
1947 306 44049772
1373 371 49354132
1023 793 20803492
168 383 56235064
1076 679 29999874
433 1507 84950920
1364 1965 38183038
1730 96 72383911
551 412 28713357
1298 870 2402512
551 613 66918481
1756 1270 65706306
860 762 60858688
1767 835 91316302
16 666 62534577
1006 620 3389439
795 1128 14926409
936 1379 15156188
119 1700 91511568
192 1160 39019067
1276 1999 6147752
253 1261 78195496
1748 906 19328359
954 770 89630978
1752 1638 43110050
1710 1034 97187086
1072 1861 21797781
996 163 80134503
1925 390 94491938
179 1857 68984180
1057 1356 683759
902 595 20907345
1725 1479 84053604
1092 1419 25004009
224 1720 19677631
552 1609 14080795
758 704 75930400
1434 1743 78211111
1686 1664 28383693
1154 814 6265134
361 1578 93214238
1211 966 94948803
682 1709 20160459
1085 1625 77752914
1535 348 90683748
1056 488 17832518
1267 1895 6587302
1279 51 63740503
1119 1871 90342395
434 620 13085456
139 309 74533973
1585 1924 6994750
1392 1818 73383352
1815 971 46705271
1961 31 82492178
140 243 21481567
1740 710 97206045
1385 444 2677017
1556 447 29444536
662 488 81054251
426 298 230365
30 712 97813098
1382 1946 56133478
489 237 61394630
1842 1279 69269796
1168 487 47957758
326 1403 47960436
1612 1847 93090157
1116 1501 14156863
1414 656 54878768
1468 1736 659649
1687 1873 61329387
1424 1307 44285487
887 571 93947116
1248 105 93809452
1505 1744 84437114
1398 722 13973056
1853 97 69400293
154 1927 97170743
1124 815 39526004
1158 1897 84837638
399 1338 17111821
1475 1610 5421182
903 1348 47035107
760 1289 85362024
933 1389 35536885
1089 1657 86489586
578 1751 49103072
213 1977 22025821
311 1395 27810051
477 1548 42283798
637 65 45902864
115 1986 11207813
781 1027 39067856
975 797 37275423
288 426 90332914
1643 236 76152909
528 1974 31688906
384 642 29590724
948 841 71115287
678 1710 17563891
1622 1492 92817447
326 707 89434433
495 1559 22879383
1514 193 15381158
568 660 90816685
187 1113 91880310
682 1163 52841577
785 540 73791214
1470 1615 98309438
1158 683 3152291
942 30 49581530
706 1048 36283007
577 1532 95270386
702 1186 60976131
1825 952 9090766
516 1372 59956629
839 804 2800118
717 214 66701866
349 64 55332284
1969 1553 22372632
1130 62 38565377
1066 1054 6071065
1144 1998 55592566
752 1839 24484636
1296 1459 61982805
253 1475 38040499
1004 156 7935646
233 301 32996026
211 1818 22767286
958 1420 3786774
1776 47 73798413
1316 1795 93793040
10 1212 91187224
1061 1250 84540407
1035 1986 70095417
777 1530 31790595
1037 609 70200803
1946 573 51682382
1767 602 53610390
1584 346 14045630
180 1888 86772138
325 1092 88555885
299 1330 99222485
1377 1162 92399701
758 1634 11737109
1166 1663 70912971
1375 112 76355986
1764 915 39606936
1757 334 12429436
1453 583 2127421
699 108 13327988
1058 1485 3900613
1552 301 72965356
1131 596 51660958
551 47 25594316
225 1743 43797586
1816 822 31941223
750 717 495218
1979 1345 21827926
298 1937 82850773
1243 274 79802673
1135 1291 2139216
239 1561 70215414
1366 1308 48411880
1106 1000 23050162
887 1238 73758740
1116 864 97518979
1979 296 20454868
1845 482 67854104
236 1109 94823296
152 509 82005412
83 1084 52472041
1997 469 77119439
1672 1760 6603884
796 1609 95591400
1477 129 41632036
384 123 68692473
1154 352 51484616
209 300 85648700
120 1998 42821523
1880 1084 70587660
865 701 68912625
1245 765 10133005
1078 892 38134612
139 1087 52315447
783 478 47434496
506 68 27919547
710 1859 87774564
819 1661 13251438
547 1180 86225526
495 763 57361063
272 1466 57687271
1222 1838 88543022
1621 1918 66485393
531 1575 98964931
1820 1178 95655803
1182 1753 77483042
1693 637 72588644
832 1331 41390921
546 1002 67426796
210 1366 3366102
51 544 29308765
1789 1381 99769937
1930 1890 75601764
1402 798 98815727
1183 881 57177099
898 53 64108793
652 156 35378254
1294 1353 55317693
1833 741 97267996
135 732 52574255
928 590 91868573
1174 622 46473261
1290 854 51591739
1364 1281 2055787
319 832 56263007
1338 1958 11827945
184 1724 32022642
497 302 85162043
1183 667 92034425
546 777 61337963
716 1470 68122058
710 1288 68354376
249 1527 4234186
166 1901 68757970
191 581 98987771
363 1433 3397593
1798 1179 93906312
1230 1885 6722824
695 744 51689099
1128 825 58346038
332 1951 30214438
498 335 94583124
94 1600 297313
566 544 3330526
1989 1085 75841673
811 380 52435109
106 1429 57045558
1483 452 32022306
152 986 76750582
911 1275 18929497
1717 1982 22102341
1728 720 52070735
12 721 11850499
680 1077 93376728
1654 724 68001599
14 554 65246943
1979 1832 58526893
1420 817 33843640
1717 1134 76300951
1356 1723 65465191
556 1303 24712471
1157 1896 8817686
1866 1221 50262068
1185 666 69142432
519 1975 47147817
1130 817 41266225
669 1888 69266492
391 1871 71223060
420 1360 26912658
562 309 21133906
1782 168 11038814
1253 1972 83798467
1627 361 24512235
967 1372 95364590
1325 708 91523769
1586 1215 8698770
132 1883 83272367
496 653 10337734
1578 1277 68712363
1896 40 75979429
839 1277 77786200
261 593 76896360
1877 619 75112803
286 136 23690768
1388 1992 83558476
1534 1535 18484076
1590 1317 23310568
412 1350 43271964
844 163 32770750
1779 208 77779239
213 532 47484027
314 460 8611093
269 343 11873249
1532 1579 48301822
1131 911 73191231
1553 335 6884243
1720 332 89688399
897 1161 48991932
1566 175 88061208
1271 265 95828351
502 1561 80706544
1130 1265 4982675
40 1627 62987236
661 642 57532667
1181 759 58526228
304 157 5648518
287 300 92753911
835 690 77311331
903 1005 80070099
169 1282 20349911
509 1674 28780801
1018 1775 33267420
507 676 40241632
1326 1306 74774843
457 748 98846786
144 4 37703551
704 771 74843355
1800 253 91340668
842 634 19834980
1647 1783 59276525
1568 867 98811797
397 1314 87010861
234 1710 29256515
1213 1185 84833217
1810 811 42543296
311 1346 86424878
256 237 45721817
1972 1209 21052234
1742 4 34100158
925 821 2768
1508 1506 95563897
1227 599 44230621
668 1462 60729297
1414 114 31784812
1070 1155 18081676
57 885 82088829
868 1144 78517846
1068 977 55427903
342 584 21338957
1000 1689 16279005
1726 339 81977471
118 91 18107597
356 1178 6090677
175 1659 26727991
146 1054 69765607
1420 488 54013305
240 1665 50081251
1846 356 66749114
1784 802 10170123
1270 767 8372911
1811 1300 19531902
1381 1531 72023012
1432 119 69103384
700 201 39201506
371 1195 22449410
1572 1498 41036484
1547 68 28449160
950 1534 16830170
1609 1360 34867192
1355 390 52821424
359 1265 18442231
556 1908 46204522
1038 953 15198768
1298 1689 58927909
1350 423 17493729
871 918 97028828
552 1982 93282069
1026 1275 17481055
702 1454 48423860
1309 330 68845174
1 1976 58797417
705 500 31241257
1369 1197 56583679
1463 41 89300117
1583 1390 36022174
232 1610 2762646
1069 829 54842697
494 1978 63191830
1788 521 57959055
512 1064 31133043
84 677 5847131
664 1366 39108361
1551 145 87464491
1135 628 76815901
1077 1070 30184327
975 1060 95973591
240 989 13241890
1359 983 69675427
1432 320 76077552
217 445 3469896
1190 1846 49141897
551 264 87858457
1701 914 11555909
128 792 34842994
1195 1923 83818746
1742 463 30884651
1060 1164 36269585
859 1566 6259827
1574 1757 66915297
1806 1590 23310095
749 1719 39114572
1185 487 52952269
975 316 24975041
1054 1619 9417225
1064 459 35489814
252 1418 42904736
1391 1639 97182863
1718 126 62454548
301 1151 63611325
931 512 20016879
812 134 75918103
1438 1296 77770121
36 988 34120552
734 1392 91195553
639 1922 80134808
814 1776 10534497
1637 1514 50238706
485 1155 96950818
16 1907 89184932
1918 1720 13786926
1785 816 65868038
1760 1504 67108583
520 1024 44270699
1766 1805 3467079
374 1670 34121004
552 928 15138437
541 546 22434356
782 73 81906384
950 1189 26092669
1379 1546 49239463
521 753 92599010
1838 404 21683358
607 181 60191984
1370 360 24048803
1746 1412 72086705
175 454 99723800
107 1005 66914330
1925 1775 91731987
1378 19 9556951
1255 1653 72310314
896 1894 88233105
1565 1385 97148421
480 1431 40753062
1104 956 87067818
984 343 38948931
24 558 3271444
1139 776 52118252
176 817 56665692
1466 905 15250469
1664 1573 74856424
1397 1741 96163211
17 1581 51891975
430 36 34826
347 71 55781541
317 1359 12446794
537 439 10451796
1948 271 58655851
147 332 27294681
931 773 85615829
1730 1399 73124922
1340 1043 31004778
1135 1083 53476769
655 40 17115974
1283 327 81440366
1926 487 70980669
1271 332 81343902
1801 688 53594549
1972 1469 65381087
1874 819 88927623
1363 568 28842247
105 724 62196089
892 865 32461854
1208 257 83574508
554 983 94509136
727 1468 13553649
373 60 65117426
384 775 72157795
950 1456 25079489
1323 993 1607349
550 1669 30205710
1874 1069 38143559
670 700 82527661
1502 107 71367708
1096 662 60239387
1239 732 91575900
235 867 43463613
1366 1537 56919003
545 340 27277829
437 1404 83428194
1603 1339 65668222
1149 1484 86001888
1466 729 81414940
1670 180 61602807
1295 895 8964654
1065 1299 35774301
411 957 86781836
1264 284 78926080
1863 1109 44285232
1892 1455 8433429
396 472 30381571
1149 862 44550269
1060 1622 9265502
1700 824 63795886
918 1696 29520903
515 175 25343204
1996 1561 13871623
1843 805 38766346
79 672 4357457
1980 1354 10388635
521 1143 79464289
936 1631 50957070
1745 1902 71702001
1775 949 45534411
1665 1927 60868565
507 1805 79201249
962 611 29505725
68 568 96320239
174 930 73264091
1427 872 6413704
1820 86 68831180
51 1196 26497067
694 591 41688244
1066 983 80781827
166 79 21126640
980 1561 57531518
1091 119 43443414
711 131 52145464
23 504 95655077
1471 1126 94050769
780 82 20262717
370 35 39705492
585 1431 38302763
940 700 41491056
89 1383 27094229
1667 480 13175754
275 484 35902700
515 1218 82148201
338 1343 89303943
1283 274 48052704
253 328 3028316
1132 1825 17093561
1871 817 11367809
1448 1296 97937679
1135 346 21413181
1679 864 85946704
1448 22 75929934
907 1763 32583926
1265 708 16973519
1573 376 96904216
1525 1653 40320908
1413 1458 42149318
1131 1723 20827653
1540 673 41985477
286 791 83856621
1884 1990 74222568
278 1289 3147473
1734 1490 24990774
1355 1427 52846274
1562 854 62040683
744 182 75410474
1985 772 91198096
1028 1155 73735741
1061 155 72816511
666 330 99203610
1791 1886 56254350
290 364 84610610
583 1437 87611720
1941 507 79380454
1302 1177 22383338
347 952 67714940
1942 1571 77487400
1103 1044 53932375
1904 684 85573396
377 1551 7711305
1500 469 75472752
641 1979 81980003
1780 400 20671241
1794 8 29651135
1232 1341 50591319
1204 1993 14484035
1354 1900 44884313
1952 1052 40953672
234 1072 19319911
703 597 24216486
842 713 30573137
1658 35 22649675
802 265 26132469
1849 1623 6036901
1452 1071 41341032
567 1188 59186664
1088 878 99731028
1308 329 71252376
1320 389 41154089
673 839 31265893
476 215 7654108
799 833 615357
1478 1156 96383809
623 1685 70981104
1694 829 53578234
1434 1975 21352660
1006 883 40067338
649 1174 13210678
910 1368 87440160
1205 1988 41251970
248 1435 95939575
823 1297 23484433
1556 207 6999402
1384 1551 39730776
252 692 33831442
1025 831 81165526
1353 1178 64661669
955 1954 17564482
19 1861 70553557
1007 1800 23261573
1955 67 34620727
1478 1010 78860473
1651 1030 76825513
537 1778 47729141
523 176 52537638
865 649 10849751
997 1216 39506977
199 1176 48563574
1450 1945 71596325
1364 783 50629824
1522 443 91441826
1730 1824 80591598
519 1031 35287678
1144 1212 11897995
1985 862 86965827
1904 835 83561871
729 577 56931737
1843 1062 19763135
1961 1490 17336578
186 1176 32934489
986 817 26670219
1823 1416 12858610
1732 206 21997648
1737 456 61863323
945 1692 67131670
1138 168 33559510
985 715 58472450
147 1434 8546041
869 460 80590534
246 1519 4122588
848 1505 69017712
1650 711 51872781
1232 921 11149935
1473 884 71903074
912 743 16221214
461 1782 44773079
281 26 79710895
349 1263 72270985
19 1685 93377408
91 96 17132586
1800 696 74654469
1185 1882 73695003
1168 1924 58512564
1190 333 35398885
565 1419 212098
1957 1531 58827452
656 1436 74060598
1205 1396 90818798
168 1578 42792588
49 1322 14251827
729 1685 77975930
1232 702 30170561
1482 1837 53133623
1421 960 59256614
116 517 96672988
1055 802 62970645
1729 1294 5898887
545 1092 37976930
345 1415 82270196
906 1577 15261442
1030 1890 57474425
437 864 81841134
1185 1313 30142698
729 330 85984078
65 1939 87168711
129 1081 92190340
562 1627 99922774
148 126 63677710
1387 937 57419267
1645 713 87493842
885 638 47503593
1460 573 83022114
1194 1980 19895772
1169 1784 22168473
995 1298 61394664
1615 1470 34396014
1080 995 11089538
102 1054 54717453
1027 798 82589387
846 1257 85182027
1980 1542 29705017
642 1185 71876794
268 779 60653338
938 1671 79180207
1933 1438 80203321
110 316 77428506
1688 1553 84341363
937 1168 61086581
341 1731 43712933
19 133 27881241
1486 982 88967804
1237 1787 72467223
1083 1372 61739773
71 613 35750670
646 229 11789176
116 1233 1321227
455 370 33299275
1140 1203 36229038
183 1172 62053095
400 1562 94069990
897 1244 8596519
849 7 76337915
1131 1852 86475539
1696 29 5539019
1681 867 14906736
422 747 81464814
249 452 94251848
699 146 99449814
815 479 78078496
458 1637 42532245
1882 1268 18185283
299 1490 14167807
195 343 57458904
1287 589 41392231
468 934 76807103
455 1477 91303883
1157 979 89510784
116 1932 59844150
1792 1360 3465618
679 450 91532316
717 92 5017141
841 1193 50867342
1654 282 12831810
1491 642 97522004
948 1706 18146708
1534 910 74698681
1471 1725 10541435
1555 557 83276851
1040 4 97570568
1531 1664 75890356
529 609 36395386
1008 1114 9926024
554 227 69605130
1257 425 7089196
1845 13 82494712
672 513 8075724
1723 1646 22433630
1470 353 95397890
1348 89 26810452
1036 1387 13603945
905 366 75504759
1907 32 58731993
1844 655 28262474
1484 640 44472962
1230 1643 97155279
1665 332 58032153
335 1012 52758596
1177 599 27126498
1697 412 75991665
1518 1648 93784438
828 563 82226327
105 921 52664683
1081 1034 30857492
964 1490 6170454
387 1410 30166982
950 1565 42996658
864 668 5681689
681 1499 6862156
715 233 22776669
1814 364 23707053
1677 1259 87137995
679 1138 27786173
622 785 44725981
467 1469 29309089
408 1678 92087036
836 655 36762054
1859 1954 79599485
420 1081 35072106
1241 94 34542452
1258 268 75320982
338 1699 56786713
657 1896 17647843
776 1874 31119600
1136 1871 47445646
1539 1869 18288920
65 1969 28753216
1245 195 46173567
510 112 64566760
1871 839 77534047
350 1181 1937406
1488 1849 38994741
892 1288 78966588
476 1946 45680166
655 115 10908919
586 155 18489638
1906 1822 9436903
1011 829 57059694
1084 444 97350629
193 994 19801213
904 924 16164175
1868 1497 76712208
542 447 40158410
1934 997 60723632
1718 1719 42029129
944 790 34570622
235 1429 8162448
1322 717 82976552
1044 793 3809858
981 1291 49950727
364 1910 4870034
1099 625 81759046
763 586 5408587
5 993 36652177
1049 1305 29820454
1915 410 5968789
929 1026 73312555
1142 1391 95251706
1467 1014 18713878
705 1744 11471672
911 503 52489781
514 1630 76099124
248 774 89410531
516 1978 7196586
190 1508 78547929
1104 1557 22643423
1977 513 75843987
238 320 24560913
1156 1855 27027964
1256 1869 85283464
695 1006 69157372
758 1148 5155357
1163 193 49026406
1153 637 49354501
697 1974 98504646
420 1411 29292532
201 1233 23288984
1157 1246 79204464
774 1521 99620130
592 192 80511066
984 263 20316114
251 88 7100671
1384 1494 88229757
1714 249 60759892
1167 509 49041799
1163 1970 57610093
1190 1917 4124758
226 982 67378110
902 121 45471769
1933 533 97177203
456 1695 25253737
536 208 16896711
501 755 89709277
1210 1784 40231723
1574 1060 44262411
1532 1583 19395957
260 1572 82544046
200 132 49799362
1688 179 93070018
278 986 66961071
1771 1091 68730494
1728 193 91688138
582 741 81146238
1694 1450 64727900
1378 458 70405642
1802 1398 32601148
1336 1522 84600897
45 1238 51945350
1841 1134 36750746
367 1691 13806677
230 1105 30850751
1177 1271 20333064
112 921 88943450
69 1401 98682166
1560 1434 77635289
252 1700 28663057
1959 1027 89568396
1206 1752 32895485
390 1782 97853295
764 6 41131576
639 804 55816451
40 959 46910982
953 333 10250322
515 1316 43019748
1518 914 3847703
1621 375 51429081
1591 1238 38157745
1512 808 16953986
701 88 19246898
1364 1239 30510874
1578 1738 25251759
610 1719 7873304
773 1004 79022691
1917 728 87623362
1064 384 45038738
827 298 50286282
1255 1656 10794036
1443 619 4339137
1313 1354 74076234
1365 1567 80551770
1642 1095 37700860
347 742 56974374
1627 112 77944503
1918 1985 21124393
237 214 598938
1094 1362 41751866
1898 58 46816199
910 793 2357671
602 445 3316411
253 328 50374872
935 224 16777904
797 1615 83497310
728 1347 21097720
70 847 9045382
984 1897 40116146
723 778 16350184
31 625 6259274
587 688 55082865
646 381 95730866
600 915 82769716
295 814 74861007
370 1347 91222939
938 1317 40265305
164 321 17564401
1368 115 17556492
165 287 9007654
1083 1001 17880328
975 1597 75951646
730 792 57133728
554 300 3622695
2000 64 56965275
33 1790 90342552
342 452 99112614
411 1571 35844447
83 19 45873283
1618 557 64333144
1970 1535 70241832
1855 364 15381407
1227 586 40660186
571 658 2901587
1479 179 39040170
974 1183 21509030
192 860 69700867
642 1204 58826341
446 1109 16022504
1296 1618 68682341
1514 1425 55210939
992 667 50062794
1965 192 83542950
909 1776 16055037
1121 1938 50623826
142 993 59442864
461 201 58426257
1693 1999 97738001
1085 1303 31504502
706 1947 95765693
631 1659 78756378
520 1735 87326051
1990 935 86067337
518 212 51384178
1922 1580 89057188
822 1249 22322529
1684 1563 51670797
1857 1074 55507839
1493 804 1153637
1599 1973 71068241
847 106 49314561
1114 1901 80287094
1242 1053 15490596
1691 874 96150071
639 381 6923901
1179 206 72134053
1032 188 95154143
1763 1849 35876049
429 683 89078914
1467 813 9756975
1111 1051 75008615
1373 74 33682493
447 93 45748866
1938 113 34555351
703 1010 50301537
1667 692 29516
559 1515 26284053
904 3 41128499
888 585 85962374
187 1823 5777757
515 220 94787466
613 1482 94850057
1802 1382 44278510
479 980 24255284
357 1049 30874945
1137 719 1319875
1885 244 92504964
1382 1883 87678532
12 1161 69820514
1189 1673 73361642
489 1561 24993010
263 235 80368547
399 213 68124478
215 1361 15323608
1415 1374 69608972
92 813 79699755
840 468 86712651
1840 527 68115506
893 1754 54393900
1004 1096 39125838
414 1439 49479944
1464 1914 62387079
436 149 45265924
991 1013 82783529
409 1710 97006604
1464 1354 67173905
1429 841 37578115
765 91 75822433
657 408 76488509
1990 1321 63477012
1670 140 23253655
574 1219 87513038
622 1749 53875983
1148 1596 88551922
913 1798 71763596
1610 1189 62377034
1768 1503 93099466
1009 1630 19055291
1645 1008 67205872
1609 296 11786618
1575 1307 37102262
684 1861 54940651
1217 482 53539234
851 293 85646256
20 1508 4301441
295 1273 41037308
1495 691 69973210
449 1347 65468794
1237 448 31474220
153 35 98518465
1238 11 56329454
713 1035 15801366
403 1127 98601767
666 1067 12175916
1158 436 81958986
420 1780 11501858
1191 1714 39318278
1922 24 3502433
1167 259 83063407
395 1239 58167148
1671 1065 81388325
1561 1058 25276867
505 451 57697678
724 1387 75997536
317 291 59698782
1399 1315 63262349
252 1242 90660488
553 57 10055993
1903 1000 70518970
308 753 9485632
1120 992 26676996
257 825 33711458
1447 322 48624215
584 500 1691243
1693 158 14229273
1379 1298 12731299
1020 1286 51113333
459 741 10565658
1051 764 67233563
1609 861 96277623
453 1679 3675196
1078 763 78265733
1363 961 45187032
394 257 73315052
220 595 81510454
287 560 18235093
1835 614 6770618
622 503 10399947
376 1514 85155441
1951 537 45695668
1853 1906 84199363
1341 1175 65850592
1521 1373 91223214
383 1056 53880315
607 142 98554359
1615 1688 2247795
671 1956 56453558
1766 1453 65601746
219 881 88978695
1692 178 59969172
1930 550 49264208
59 1623 83822951
1207 356 87909133
1100 1470 50359262
1659 364 9447298
1848 71 30384163
237 63 82459611
279 1460 40129801
808 1885 60801215
628 85 17650682
1108 1641 84105563
710 1979 19419420
1402 18 12955565
534 1080 87915809
836 298 22027298
111 1212 15183338
1705 179 90312877
1288 1992 67850265
261 44 29207331
75 398 991851
398 151 90445401
881 319 79310000
623 372 4137286
1683 1642 1582278
1983 1766 15579662
761 194 33143246
1290 573 70738772
1853 152 78294217
726 1897 406708
1080 284 28758045
1598 381 16470375
1475 687 87276523
1610 760 23700534
1430 162 85685252
1075 1228 91746840
972 167 58839571
1058 1850 67963669
108 1615 25292730
401 35 16160538
943 122 28544249
600 1096 13030225
768 1449 3024331
1952 1066 72602358
358 29 5438481
1987 1177 79297795
827 1752 5211982
633 1960 46347042
1992 315 51768506
1355 1046 25475041
790 949 22024920
1970 1430 82504864
1357 330 84739438
1880 1623 25051062
119 504 33290574
1844 1867 86587016
1485 1682 45787117
306 1187 81029147
248 504 56279723
760 1728 53751875
864 1020 93999059
641 1283 47051714
575 1182 24415852
1877 540 53757547
1342 512 61515806
669 1662 72189545
54 433 44200086
1378 1880 87790194
479 1029 99005226
1614 925 11789337
1299 1898 50109091
1721 268 21898184
683 483 74653399
1628 231 10533143
880 49 35430561
705 47 77858738
1051 404 96628306
1823 1365 59792261
1812 1901 78565986
817 970 7463003
917 349 16302279
1568 1470 60592860
551 566 11123948
1411 1348 61384475
754 1625 73925174
21 187 88118225
1505 405 39189811
318 166 77122340
1387 1198 77234528
1576 1748 57466301
410 1506 51025713
1642 1415 15984362
934 1076 10172940
1135 1312 94147243
1018 1860 48583586
15 64 43881194
349 1828 86885942
452 1800 24365540
1641 164 15868211
1046 648 19047492
343 1510 5630589
910 1331 74647672
351 1658 51126209
1717 1400 66114435
1659 161 37877696
244 1562 19372363
1876 605 51659617
245 1176 63316242
1331 1294 32444396
512 1636 84791849
1137 645 5752559
1246 1807 57484480
1046 1476 75200388
1321 1146 73264945
620 43 30766264
1369 1126 74480223
732 1020 86868450
871 1044 65037481
239 1335 35794282
1820 1684 33922809
1549 1117 43269208
562 585 26987066
560 1808 33418993
673 690 6252858
737 608 5720318
882 1905 86500827
905 1535 35766338
1294 1207 13855748
1472 1661 84621708
1743 1333 49219278
304 251 15685447
1389 620 88535397
1170 619 81646125
369 1501 91480543
591 1181 91812163
245 1465 53821519
767 1843 33744840
1504 1953 18612429
349 1181 13082688
1629 1941 81430675
1968 540 24091460
1861 359 11691851
2 930 3036668
1263 1033 16097014
1691 1679 17498945
1094 554 96594514
1093 1028 71344979
962 1532 96944433
682 1875 98929356
1181 544 43467840
1552 1100 96545063
1774 1783 64853715
787 1137 15420415
192 977 40850587
426 610 33211946
1771 129 10334566
688 1985 31419385
297 807 64288777
539 1757 64924002
1041 1203 27025497
7 1850 92993739
1662 631 5695880
1692 742 54222653
1608 564 71871486
1506 1412 89674586
233 188 58435417
227 789 70414065
1961 1038 2761954
1352 1624 93627811
1953 1467 35549258
1753 481 36524698
538 1702 33161074
544 702 43781608
669 47 86248316
1590 434 36046287
1604 470 13600485
852 1693 91507182
1527 1838 5692833
899 1361 24412770
1632 726 80762249
683 638 97213957
1366 1792 19971152
214 438 85168391
1620 253 21507960
717 1257 28083623
1842 526 46493698
1801 584 256931
1178 852 99465369
1138 133 67809348
435 304 35792634
1650 288 54438517
1032 339 39848301
130 1258 84008457
577 1085 8120544
1643 1557 17245676
456 353 63245292
1125 1121 17456725
1045 510 16841740
1691 656 65274167
1345 630 27384936
484 1682 94015974
1493 1050 8879228
57 441 17171418
1338 283 35246166
1189 372 18776228
442 202 39396034
255 1351 72875999
109 824 73283815
1633 1008 11192806
1452 902 41917586
1556 690 35109163
945 692 80591688
209 669 84930734
4 933 45555900
672 1635 90904889
110 856 78149708
459 660 56538790
552 1295 35601767
1771 18 82097300
1228 507 91907222
649 173 65701462
530 493 3488275
1373 246 56155757
387 1798 98215464
1681 1935 72797248
1769 1975 69912951
398 1848 12184513
891 81 7714591
701 1891 48580194
100 1124 30303824
198 495 58391899
988 787 7724483
980 384 43018531
1597 1933 68319130
878 1316 57840574
1919 228 998751
333 159 43053170
1275 1305 38252334
1820 1391 15208843
1898 1741 44824814
594 1591 6758545
310 801 50878212
1241 983 60047805
1606 86 76670744
362 1825 12263373
1254 589 69391605
1982 709 18444076
1708 1270 841577
813 132 96143057
35 1780 20952524
289 624 45700066
1074 1366 29137047
611 297 16658867
1717 95 97018524
972 913 77367257
1650 1694 26709933
1268 1384 82387237
980 821 50732735
325 559 47753258
1155 1349 79899983
216 872 82610523
920 1966 87476974
630 1683 32241879
1020 1523 61708639
1688 385 84044638
361 1844 13798863
1942 1428 13621627
455 1233 69576814
954 317 28808644
975 1805 55920593
957 1803 72903529
667 279 55792093
663 690 64000113
707 673 98210468
1459 208 15138248
1456 1724 25144859
120 1480 25117926
251 1193 52732629
160 666 77858870
1294 841 37130095
51 40 52016195
1553 701 96652210
220 1266 67390417
1453 1141 61901554
1858 985 36047596
1931 1764 87366011
543 1455 58828485
741 857 32713670
59 1892 88746946
371 647 29465004
1265 1674 91161067
1646 253 63177582
24 433 56147487
112 1597 21273098
1306 1626 63566723
1248 1272 56826652
1008 1463 17287016
1001 1695 51366982
50 504 74001416
1444 882 86777906
458 1423 59988071
232 228 33057634
833 1948 20529075
464 1317 7288627
1616 1072 16070096
1924 613 73932859
1296 653 79942387
1645 966 59668611
1369 979 1526467
597 1865 23196210
773 1300 14802070
772 944 35500370
1853 143 64453399
227 1722 88890293
1658 856 31926335
235 472 43106053
420 781 36520215
1926 1085 19576717
1397 322 69726089
1564 1145 7333022
774 1397 7787867
1334 1180 84089349
112 1641 95126641
253 1097 1608184
123 302 58599656
1051 127 34949818
1522 502 54747968
1848 1040 84288935
668 1137 42760054
237 573 30519729
1282 1328 95160443
1860 1863 77099292
1247 1077 49497040
341 863 95249973
1978 1504 87975642
1449 1046 62284574
1725 1331 46681323
665 1565 4113821
1377 606 56238042
175 1444 32593059
703 1618 50472667
579 46 53457030
1023 1521 70244382
1662 1002 25921414
1883 891 94503359
1465 154 78170270
460 994 6658554
766 1135 83672800
1595 326 49499434
1189 1146 54872703
656 200 34692385
343 716 62229644
1925 410 87306529
317 678 32867195
531 1580 33783767
1553 1001 42975359
1971 575 22367966
603 725 88613916
765 917 8393270
1956 637 99965343
1244 1855 63730867
1894 1072 38670167
199 508 58536466
328 209 98692290
1384 815 92304905
693 15 36313884
1495 681 65487264
1638 300 62317199
1566 1370 45716142
178 857 29139047
1526 675 4422629
1060 534 5149316
1304 1861 39831642
244 566 81378208
1069 514 89614538
1212 489 24202579
893 1931 81179224
291 751 83036991
1778 976 52272364
1508 1627 32160943
261 34 52192594
1303 988 53703109
1375 1890 64678146
374 1380 18878682
760 1010 35173412
1384 1508 4145319
219 963 30621176
568 1981 11770965
1375 1781 5896729
671 1424 74961594
1821 313 62814703
388 1661 71530653
1648 432 4095532
1506 1575 96613558
1359 588 90955487
625 558 82449805
948 909 81219330
1290 914 49417259
1960 1317 2985551
791 1285 5758208
1763 1716 30959096
623 664 29551530
1872 1468 86302194
45 476 89063148
678 685 90411839
410 962 194866
495 1080 49813776
1757 715 69749849
835 303 61589595
1825 776 76349330
525 578 27820356
334 794 47752041
564 82 13135448
1246 961 34805878
802 433 99314392
1545 224 40366950
1311 1135 35107508
55 1030 92641441
1766 1902 93711769
1764 1477 62049684
1278 526 5340813
1590 1678 68701952
977 1824 67541324
712 930 38202582
120 806 91928230
1442 1138 26231064
187 752 74946304
285 1231 97951545
341 1536 64097263
1011 409 59803150
797 1462 84656883
1420 995 44382680
1724 995 64120541
1137 1228 43925930
525 1721 38076925
1931 1159 46804028
1511 472 59931412
595 755 27143212
1764 1521 58290474
275 1042 45696820
717 630 25643795
739 1061 5162115
331 456 68989753
509 893 75335392
1334 1046 78446548
281 1946 53902328
1641 355 48526983
943 1087 62514783
1354 496 55816438
1067 1052 65153279
773 109 42478037
419 1825 93701693
1698 43 90043930
1394 720 58604212
1609 988 75759379
1664 315 88083742
1748 64 12086703
1654 1505 24649710
1196 1208 3196730
1294 724 88444181
681 822 66502978
559 1589 66902488
1925 1770 81130630
1140 1972 22029360
681 982 55869385
54 1764 65416137
1374 746 28477499
1404 245 96617897
397 1127 38234548
1553 695 60671504
142 111 86689055
1661 1964 99961069
187 1330 40290235
1354 1958 7675118
1357 258 15793199
1519 548 33591789
381 1470 23329141
1111 152 71222668
1395 570 98743813
1546 211 93876033
553 1877 41856328
98 1957 35643883
552 528 60795658
839 257 51278231
1593 444 4140324
753 1015 8816053
1685 411 62862967
860 519 10767107
164 429 22484946
1518 1028 5180664
288 308 76026534
1986 13 34935809
1538 912 10237378
1600 244 11361485
434 1667 1657368
1873 138 83085839
283 828 39743986
1967 1152 50916768
1524 703 85530497
1714 1847 70414428
934 1418 67849698
1843 895 54600004
268 848 73355683
107 235 88033187
1133 1106 19319928
1572 170 24223919
420 303 27667006
134 767 62815306
487 1483 4000338
682 105 89938607
1490 932 48800336
1513 1674 16663449
717 189 80908273
1469 867 47367268
1120 1463 7058984
1278 1541 78020567
661 177 54887596
581 1185 22709016
676 734 91879760
1788 1512 61679536
232 1775 52918756
1514 1834 57306328
1032 836 45101844
1066 1562 93026866
94 302 41954163
133 135 91990623
1155 1055 90677826
114 1092 18459585
1488 135 71475837
188 1008 12827043
573 136 63834862
331 1117 98668793
1924 849 44487702
472 220 70726443
430 614 40963557
749 942 41178609
867 1669 49455605
738 323 21518269
30 1025 19625751
448 526 78016885
1798 491 70532721
1585 558 23439803
1589 195 36954064
1020 54 64766939
1620 778 47492741
828 1125 68761041
395 689 88091939
185 1821 72821894
180 955 50173922
77 703 17714763
40 854 223499
768 780 60907331
656 197 96174682
43 933 23773224
900 424 97660603
1671 1707 65219330
1743 1776 22168963
1933 1487 28933729
1416 495 30328557
551 385 34028848
1769 1990 35374939
1997 1443 14694354
858 1108 19398168
1753 1191 24843586
1365 1117 69647256
1538 572 94173329
36 1183 33592895
915 132 8301282
1453 1101 57628164
1876 1392 10267391
1468 1511 94985822
1951 1121 46942603
457 271 11900004
171 408 32413850
1244 565 50950048
1907 1461 55800795
15 587 53973363
1567 747 67357292
26 240 1011672
793 1657 37372809
56 1848 29212662
1592 1906 65587053
656 33 40632296
1911 581 31201597
476 1262 32944694
111 724 85493759
725 512 3159907
1527 1280 72321931
131 1287 34399459
1194 1706 21306205
929 1332 26945402
1392 1331 77159006
1622 728 37944428
162 1307 67106890
475 1909 40758474
1802 1141 17732321
251 1532 33914987
704 1616 8224204
1565 1853 9847430
61 1071 77000020
1196 1897 39343783
42 385 60527283
1726 449 97543631
929 984 75900807
287 695 51193351
1930 53 61677185
246 1740 65100864
1422 1913 38000111
1406 1679 71862347
502 1109 56002695
1134 803 70557607
1196 521 40932080
1247 1849 52904120
488 952 42074276
44 33 22605029
419 689 59047509
684 252 90887904
231 919 35457108
441 796 97750524
380 89 44288654
1420 1281 13105238
1579 1385 67575068
125 364 46541765
285 1160 63040741
631 1775 34645996
1036 727 94044721
289 506 43702513
1247 807 38059573
1301 479 28632633
1617 265 45327437
731 1390 38747047
267 397 20713974
446 920 9260450
1780 662 90460785
1541 1823 32631980
1095 467 44065961
746 1699 68279422
1612 230 77255064
517 582 71835711
1901 1072 74446222
1153 552 59511278
1906 163 41605658
1685 1834 37851501
1284 205 28541391
1483 1358 9117347
156 274 92345160
876 1428 19712102
1811 466 65642272
496 798 11657948
1635 1278 94076529
1361 508 31849602
244 1622 34412978
1400 863 11640562
1391 476 40395213
846 697 89395827
1422 306 26619199
1324 890 88712542
953 791 76594209
602 899 13627480
1065 77 76237270
98 1494 56211598
1287 1573 56223420
77 675 20784134
1613 560 84300714
1252 1340 76024228
995 607 46455659
1071 65 55880131
50 1266 64142055
232 100 40062350
1795 1004 66381568
1464 1220 34376760
976 1580 70757500
216 277 60260369
65 1604 8436400
1424 1941 13501045
319 486 48965201
314 1783 16797520
1907 337 85694050
1295 1372 30237459
311 359 26777042
1976 275 10641024
659 1080 61794816
1566 896 70389744
96 551 63946291
377 1153 59465337
1080 324 38538579
211 969 89374225
1459 1135 51210152
933 232 21475642
746 1451 36924393
1095 1696 15357464
1478 407 42299194
1364 769 77029357
1889 1781 58691727
1235 1869 29787255
819 1190 8523636
1358 1508 84132917
37 1131 81142849
1917 327 43515444
992 613 32690066
1755 1896 93338268
126 53 10485117
863 471 81208277
1271 140 4360467
771 1989 72241982
1012 1322 28868757
1823 900 35487136
654 754 86488910
878 1796 85703959
1567 1987 16466283
1223 1511 762014
1087 911 46071509
708 509 6476052
455 1383 20258746
846 1176 59846394
545 1132 18666824
1101 1111 62821420
1733 1823 66086838
1468 638 40697482
1548 225 91136674
802 795 36198033
223 1027 26619808
1897 1297 94068821
328 1413 86031978
1401 1041 83340354
286 1722 71854973
1325 1162 12244827
1805 945 72841011
1804 479 24926920
1019 620 6251009
208 241 11070871
1235 1452 89865988
1153 768 84913385
684 690 91146590
58 493 85269327
1186 447 5284175
1890 1098 78826166
1707 1220 95427410
643 935 11276600
610 1810 43293558
1333 1942 14559384
911 185 58493028
515 1143 23387523
1195 1180 86772065
852 443 1600006
1184 1322 72331989
1442 1652 82943121
389 181 132499
1126 1202 78892577
1317 478 69262317
1672 1974 18996361
137 1574 64439773
275 1074 99950186
1384 1678 59404030
1294 230 32501136
797 343 28773264
1715 212 20332359
1824 530 7038690
554 1708 57784961
1802 1615 59251375
1598 1391 51011176
1413 1857 66766463
1302 911 83686598
809 1879 12537331
412 1276 21485912
719 52 43202917
1064 1256 90042879
1841 919 18403922
1797 1587 65996900
1062 1522 29928004
170 1438 96765834
1081 1558 99193854
305 907 71167992
802 1364 52520107
1395 970 91616303
43 492 19822643
1576 573 60266172
108 1249 7114938
714 1907 35993567
446 1538 11508059
1266 1136 13953728
1322 1042 31395249
1433 1970 38522836
1770 416 98600359
1128 1693 40001056
1109 1662 53928705
1943 447 93746266
486 1837 26829858
624 315 44262811
790 862 10560363
668 65 64850223
1484 1554 56649965
1460 1379 67542284
83 1498 87829605
1488 33 10710157
1235 118 42222986
202 460 2684161
694 601 84694500
1275 790 52344847
723 1906 99084813
492 1471 67895876
1413 452 64271540
1397 361 80257185
1157 1502 5680044
1361 612 50053664
858 1298 31620789
1670 593 28447895
15 577 7841109
896 546 61896803
316 1372 61939366
1767 439 71690487
1402 899 81803430
1731 1362 94099850
307 1561 98087506
542 467 47793649
1854 1566 4948262
1057 379 85183629
1766 866 25537436
1332 1964 20322956
1524 359 60914107
530 1286 95195265
1679 31 83184109
850 1019 37942896
514 649 34490552
990 171 51932248
1701 1703 824013
798 183 77185427
130 1705 25355192
461 17 9150297
256 1634 18715959
1618 1673 62455072
1322 1074 95556459
1127 1072 25635152
937 1977 2688078
709 520 34637174
404 682 85917927
836 1969 24887248
406 836 31012227
1486 1917 47291538
1351 1177 99161140
1964 940 68786829
704 1899 60124706
1319 1487 9171237
107 1929 83499020
568 424 69353338
1231 1732 32166939
1735 1511 2824898
1559 911 30591388
254 94 75782214
1612 1770 43249057
1030 653 24360417
1893 549 25651156
1447 549 46244680
333 211 55633246
316 120 69323359
1692 1443 48992619
1660 150 85397577
1740 903 23245463
497 1441 18452740
436 49 62703012
323 953 9423840
175 352 21748957
1661 1087 60140942
325 1893 14609129
1910 1957 35118931
1040 1043 26520429
408 187 56058156
1351 410 55805201
1196 1122 53270247
1285 1419 46191793
1146 28 2969935
867 294 64912192
1980 778 32061979
1576 1933 41423600
1755 107 93079494
1951 1202 79014882
640 146 70874980
976 356 99671332
948 1360 41042922
1444 709 64124773
1439 1685 33514159
789 790 40727126
555 1378 71325642
1083 903 66160805
689 233 59364885
479 1915 86063245
553 522 62593514
1226 114 52957794
1966 1062 75190084
1334 1548 14987512
775 1743 47412436
571 1644 81005218
1278 1925 48950794
98 1201 22356767
268 1562 19559145
500 1469 55897599
729 861 98296406
571 529 47327744
511 882 40354896
735 222 2915112
71 664 52496453
1689 117 12806087
154 736 54888353
147 151 94663080
976 1819 74978851
1140 1956 63623587
1748 27 86432690
1287 1263 89339790
1165 929 75485657
1093 1799 52742585
372 300 17438907
69 1070 94015991
1428 1743 60426286
930 837 36432288
676 907 23061505
404 1358 46508394
1486 896 76457518
724 1223 4701504
1675 383 89658684
748 276 96018917
964 970 27333342
340 1829 85901315
1761 1425 39177552
901 747 45562853
1820 1205 48232899
1976 246 8316838
414 824 90443028
1815 1817 56580933
1936 186 19979758
1802 1315 7810885
330 109 64515271
1354 454 91529198
1047 657 23114000
1201 83 78711089
30 1511 62678174
1926 1147 52956616
920 177 73470236
116 1151 73930927
848 1471 77754577
1524 832 41176715
1261 1635 68159124
1357 398 84737885
1673 157 68414281
1082 1100 96439843
269 78 7274912
739 1049 15320661
1938 1320 46926885
1617 1432 92244788
336 1675 44535759
1630 1144 12921978
657 1256 68069570
1490 1723 18432848
606 1377 72960859
1718 1778 46123083
896 23 76617612
755 1438 10566697
479 1113 53674596
547 879 28628355
1333 858 19835257
1534 184 30659093
843 107 16058912
1869 1705 79961683
1898 1116 95144075
682 1474 68595405
650 1006 8414322
44 373 16813766
965 675 618836
30 1604 59854942
