300 1000
46 131 98410487
272 131 7054815
145 54 70987374
86 2 48238976
33 289 -895446
189 241 44286854
149 48 82126733
102 285 70648505
216 198 60905833
265 124 97027288
275 294 46712506
97 203 12260746
41 27 64369719
37 197 11755589
33 24 99303411
190 153 68517484
239 283 81926454
59 240 33487309
28 241 63393596
3 34 36833410
282 55 64580297
136 4 55668867
37 178 -671199
55 180 43394479
10 115 18404624
49 90 61909018
174 262 15753527
190 47 32413414
67 78 15924986
120 165 8845908
229 122 46227597
88 80 45408655
17 280 53949016
23 254 69907135
300 22 60851896
37 35 17218488
152 151 31337744
137 188 29843638
197 13 43063501
182 287 62465866
236 28 48060036
65 296 65569394
86 43 75932861
181 148 77405784
201 18 92888381
209 281 16634797
49 69 -572861
255 232 12092360
116 211 39038067
232 236 93756803
29 203 31511908
244 276 57430353
55 119 48172825
178 45 2146496
10 28 42446244
221 215 45157215
131 95 52812307
167 275 56424266
252 233 12268261
268 99 94258709
213 223 1811314
99 39 7399464
279 149 84939386
71 260 21816952
39 210 25428211
26 272 87608970
239 173 43110706
64 67 23626389
235 92 16070556
24 271 75852793
56 149 39589378
141 48 63860601
52 187 97329872
213 23 93081143
266 32 45423758
237 246 78221449
201 208 8195509
289 65 25493277
242 258 75395202
108 6 -429751
144 126 24304811
233 297 42156901
178 84 75601509
189 75 -595575
144 251 -970914
15 190 19459298
127 254 -452974
66 82 -275404
253 151 20388992
36 156 97408051
170 259 48445726
222 274 35749221
191 243 -974408
121 245 93767273
61 52 72515372
161 204 34719160
290 87 73043509
220 62 52570492
110 133 66007797
95 12 20646029
294 254 43223531
63 270 84096591
160 41 93959165
173 281 18462131
191 125 17056921
233 219 -560831
226 136 97575131
189 108 64834
170 43 6734968
98 169 64631466
122 7 29737264
152 272 29438300
133 137 83495400
133 249 20810416
187 198 20802948
270 222 65875943
153 7 66428042
108 179 53664981
141 152 50000862
56 41 3695475
59 240 19024307
110 174 37138358
88 114 650774
296 18 77187241
193 164 83563814
271 251 5419999
84 159 71057335
156 25 -172189
177 144 72241042
247 257 -488606
101 116 92384343
270 185 43267391
269 196 36142051
142 241 67955959
27 161 95070459
200 278 33948605
67 7 23684765
257 218 79340022
170 233 82474459
285 281 53278433
226 278 90392961
26 133 11696163
82 232 24467127
113 238 -804418
73 224 87819269
54 22 11137683
152 64 12936608
279 104 98681491
38 130 7909254
98 252 -815949
6 162 48658504
53 140 25640498
4 300 85707210
160 255 44267447
102 37 30839535
218 46 6774019
263 145 92753619
237 169 20308338
274 234 81229321
290 105 48547750
59 14 61788492
2 75 77932875
44 176 27867621
53 133 478214
140 298 68518827
94 268 36137801
70 285 71698235
112 139 -917869
159 274 77913591
296 118 56326724
58 69 29966907
113 47 -280269
126 129 5856003
46 141 16736895
147 41 31840790
49 64 99999630
270 264 72359185
299 86 70260218
257 49 50300872
85 23 5675935
160 210 39244934
151 53 86167519
152 172 6386953
243 159 37065911
226 176 28822271
6 33 49792874
28 283 -352943
220 281 5773511
121 78 42219578
144 118 62572068
37 285 61463257
205 141 56513453
242 159 96380554
69 10 76300865
199 291 17845824
45 290 51274702
216 140 19099172
33 43 77825820
62 205 30002071
35 61 57431189
110 296 95691058
56 261 75907683
6 10 41440587
197 237 61321966
230 52 63389293
222 1 11346032
287 90 5341024
234 23 36106060
199 191 35643987
232 30 57517082
78 187 35174032
90 118 50612263
157 194 8201071
220 230 6935922
1 58 26769717
192 159 81957952
108 101 11877008
216 46 79353794
77 190 -165520
94 145 81235913
244 195 58011369
70 284 12178296
11 121 18818832
203 281 47098940
81 76 41178934
72 224 92830055
90 243 -183811
208 139 71439851
239 221 -613133
288 182 -616640
73 121 -759411
159 266 71414809
266 122 96034078
256 36 62314447
234 122 72201248
5 126 37525523
94 19 43222073
3 173 41631394
64 236 33684966
82 21 -709381
259 218 64314205
97 67 76826663
195 104 -38850
95 297 93347485
258 6 24006383
93 62 89291243
214 12 1213992
270 114 57236184
249 141 53501879
33 200 99878298
3 204 40907952
156 137 65321353
66 151 45656433
200 254 52245120
29 128 44212726
174 149 64826553
291 70 98328719
130 239 89101017
164 46 38825039
163 55 1863363
298 155 27166547
12 164 45779685
129 233 83864953
126 139 -381695
214 209 84328894
180 276 92182909
282 131 95993990
149 216 30635576
206 277 -104428
7 129 52868946
264 37 92774645
31 195 78678216
152 146 51245479
101 223 76437618
155 66 74559488
140 155 52762665
199 222 72877804
235 131 9647319
88 211 28832592
56 205 90771765
287 13 6642979
191 121 15725110
145 251 38171267
182 140 -562032
64 60 33625319
67 188 -731591
220 79 36002029
181 61 68881407
202 191 32371163
129 81 55125502
131 118 957050
14 156 43259833
113 273 56145928
24 239 36394052
60 62 25451850
278 153 65505704
71 260 57301829
254 71 88396633
28 295 75347280
287 43 10288197
34 284 41260233
229 278 91931504
242 9 9171455
233 92 34285707
172 45 37348310
24 7 2126146
146 71 22034513
179 132 69743637
293 59 8184317
203 15 57928222
48 201 51519547
229 118 88967257
263 45 -845158
242 101 -698028
212 37 4971258
167 95 96511475
263 159 60749806
73 50 5478239
183 121 6202249
149 266 17976230
221 110 48996296
12 6 -240795
251 241 53256314
291 20 67429992
185 162 16586232
203 144 75359417
157 38 33075234
85 216 97963697
28 74 48475324
182 65 60323978
206 84 51600381
115 243 56940536
40 107 41211544
249 152 -361474
208 270 4754193
17 32 29657985
183 40 51966532
272 282 1663404
209 196 19540386
47 9 -938072
175 294 -850868
40 110 88403547
151 212 87298238
166 39 94735619
122 29 55439528
67 217 88417089
72 195 48524936
28 200 25902082
63 252 45345653
218 262 42335600
227 192 -116251
227 12 32985266
101 56 79058072
2 270 -456620
71 37 -306644
41 22 775632
242 104 53747151
197 37 31661372
30 214 8551818
240 223 52834045
253 133 31257222
141 98 12107758
15 228 64253408
226 271 -441903
98 294 26195530
77 278 77767626
190 51 63652544
205 169 93537773
241 92 53684667
101 64 49357702
151 286 13736386
172 69 73724970
146 242 57867134
216 25 54669576
130 106 87949022
91 260 19559109
237 277 14673501
244 212 49476585
163 166 97163654
122 50 -531746
86 105 56600916
276 226 41112856
239 207 80656511
269 202 64331675
262 13 9013373
200 227 52961655
8 120 84646575
128 1 15990590
3 218 45946658
60 74 -77420
55 178 57227770
131 23 75111566
298 195 2302511
156 88 83038296
205 81 64174586
282 30 9373471
296 5 62260309
65 48 69143151
84 292 26016097
45 233 62575055
147 199 58106938
181 83 2537609
6 28 97267459
245 154 29250624
241 250 73900349
289 88 94395199
61 300 89766038
272 94 10544045
24 242 92929784
54 88 -829532
79 109 42791892
111 80 77576084
126 166 61249611
274 106 43278683
83 122 75006428
175 1 33695355
182 146 54498807
95 279 56696740
224 60 -960518
150 296 7784679
200 216 48877791
19 51 3105849
152 262 79458479
146 30 7541687
39 41 5725468
204 205 66963038
258 245 22699740
22 66 38616799
145 32 66888061
180 278 48988518
26 277 -388475
69 281 14598268
121 63 89100936
109 53 39851009
48 289 -935524
105 279 -684404
75 286 26669458
222 123 6021679
124 6 55726284
113 119 66451794
80 230 8523055
147 243 84561073
118 119 -850314
93 110 49269813
174 255 9382516
100 42 11878204
163 9 67639237
289 31 52806340
94 284 76618847
65 72 81055506
273 20 17802234
97 191 96014479
100 73 71783603
258 180 75934973
57 31 -865371
93 193 26347809
77 212 31925230
115 143 96262937
64 34 15181434
173 146 93000997
251 91 39867823
24 192 98028641
24 2 91571257
281 165 86239598
184 122 9919466
106 40 54630665
15 267 10995019
178 288 37824924
38 290 80015920
283 150 33415357
155 44 48973256
82 120 34495396
87 66 74924546
72 59 58311994
86 222 26766891
11 39 38443105
229 63 95516449
138 238 27425618
263 156 54144912
239 73 32584918
54 225 79846033
259 112 80750193
17 187 33059756
176 153 67546987
217 99 14288076
201 161 22661239
266 299 52124179
160 192 43509296
22 66 82605620
38 148 95881421
249 195 857984
61 170 -681420
133 117 33099011
224 150 55769387
130 75 68977679
62 278 14371384
142 109 49040606
98 182 2716008
45 40 77599925
230 20 -934249
217 238 41141181
140 97 66116706
102 94 81065980
63 253 55655670
270 251 84062097
286 190 -77064
217 57 7314373
40 237 21019609
105 256 9192165
36 258 -763425
271 255 75985753
21 271 16790546
190 23 71758987
174 261 31011517
102 231 90753813
10 68 -39351
170 73 40983328
244 118 51562890
59 31 85128670
43 68 -259974
219 212 63891658
102 266 65450026
103 211 69500801
100 249 57731258
219 172 90177077
256 228 36948446
256 208 7419053
58 202 66978927
196 273 84393144
54 133 87603953
152 26 32196779
207 13 52100363
280 166 81413981
289 264 -561902
141 160 26650003
228 291 93276002
257 51 38118339
147 174 12649278
249 31 99449308
294 147 4969374
129 161 94691019
53 258 28626843
287 147 88449161
139 254 85452916
267 292 88455218
176 53 81368568
154 258 56274508
225 99 14516326
238 195 17156960
227 31 27458635
84 227 -29031
234 155 9618391
28 287 14020355
45 203 65115532
8 92 73034370
72 45 92216024
152 59 96742354
204 218 24224582
150 74 83073331
18 254 60109466
242 64 13160097
143 63 48283596
66 220 13516307
108 102 30855809
74 230 57675771
13 71 -675672
288 218 -347623
189 64 14533041
228 248 23690638
68 253 21478744
156 138 27378825
15 105 37441405
221 98 22191095
203 258 31262134
2 62 17609537
221 188 76604623
7 205 26349280
226 66 37347195
295 134 69773718
259 138 79106410
35 141 4186564
169 212 75815034
289 119 37787222
241 278 63112560
234 169 22795385
77 297 10507217
170 177 25963507
268 237 43833471
178 274 30807527
296 132 54681080
228 7 17866255
126 258 72721361
284 155 28871611
247 242 34321542
169 217 45241034
96 235 70464694
137 185 28015271
194 122 90863733
167 249 7735530
299 29 -560161
36 200 -406066
98 225 87837212
100 32 77089542
5 206 66509248
232 51 12503703
193 158 50962880
230 69 -661930
119 122 29319264
251 95 89994566
37 138 57715267
239 286 95161312
190 52 32320192
88 223 58863409
12 137 -551019
70 203 21911470
45 285 -772603
247 80 96108800
220 102 75918853
11 145 41777017
51 25 81304601
252 61 95730238
296 218 13867623
262 12 14700601
74 151 78980387
31 239 59410298
291 60 -213122
95 247 85677809
289 55 56665118
196 285 71899456
239 213 46408912
42 23 53455020
60 298 84390703
115 248 -118932
51 288 2360342
279 171 -152064
83 136 73467287
4 88 85571466
15 194 9098121
66 140 -653665
114 264 65837080
19 84 12463347
83 267 -176876
88 97 18254398
173 47 45322070
173 201 50341428
275 6 5600239
231 11 -950704
244 249 12953385
280 254 3335553
175 124 28206685
272 194 -896333
71 33 85390358
145 176 77174982
83 20 87053140
72 69 28185060
218 283 95156141
53 94 82785800
192 99 92844842
89 21 30939807
85 120 11208280
30 177 18113410
152 156 43365479
13 193 64223634
41 188 32958748
166 125 51970289
152 20 15149134
203 290 57959790
108 146 77614423
208 29 42843019
213 214 74702456
218 75 11647394
16 187 67326589
160 213 50064970
213 123 16940068
148 297 53660825
183 82 8465081
201 203 58962786
130 287 71668306
128 95 96383332
31 96 41181266
289 92 65168210
63 285 62694972
186 254 75632225
186 36 69022614
239 103 7207573
275 38 56043800
214 2 -346170
166 227 32476567
143 30 52547577
96 269 9293017
160 66 37177333
26 73 11989469
141 113 1722234
149 35 97675127
188 35 75613811
30 209 7887388
153 49 44990745
298 91 84766142
78 92 47175106
82 280 74259428
292 202 85823690
159 22 33354182
210 170 35025209
246 125 46193792
68 15 9360338
156 112 38417661
185 173 -707892
18 281 32216279
206 164 66441445
113 80 63700991
21 196 38134568
214 91 29352625
62 111 71491294
46 67 86476061
151 191 84627821
122 4 43000317
101 258 -803441
143 148 55219549
132 151 98904045
46 60 60297051
293 65 14484843
288 168 85245244
66 212 31070555
131 58 67884322
208 237 64071042
242 30 6859223
231 177 39139037
111 154 26869156
29 225 51801244
111 235 65642925
258 159 -138709
247 45 37902943
247 71 -754298
173 178 82142551
134 285 22913978
60 283 46758490
204 168 25429236
194 8 62511942
197 272 49782731
300 99 62931284
179 210 70961406
88 237 55969237
110 248 41487643
73 38 188291
172 61 6545034
53 156 57092046
217 196 50331825
194 68 29236983
143 256 -817513
239 286 99473958
98 264 16482552
26 188 69020436
96 128 63837522
133 226 5032243
269 290 77355032
67 142 43912562
71 201 10921298
255 153 66967805
194 163 6230238
64 211 36593583
8 34 77987891
292 286 46512644
81 286 84836870
69 35 19055480
155 103 86427228
58 134 -803480
26 136 41300599
234 133 8423365
140 230 4410307
276 257 82879426
146 296 16797011
127 62 98201586
220 108 56731165
14 58 6298941
119 260 75590103
108 78 -635331
125 52 1103579
29 198 39496674
118 200 55242076
13 52 39953395
256 79 61220605
3 300 99312470
28 213 34568225
162 16 91153385
110 68 4785214
41 61 72702373
291 47 79498021
292 279 89177858
189 49 28225374
31 264 19725038
101 41 24804714
265 257 49827182
79 166 41242319
14 142 -8053
133 4 44233887
67 109 17222937
223 20 27846771
112 18 48717336
294 228 12109792
80 296 96795836
28 299 75928328
47 141 48924328
266 99 92698625
38 241 92563607
276 46 82565595
177 87 85093003
16 84 -487662
211 297 43719760
78 18 7987569
196 139 36500890
28 41 60709418
265 31 32133822
162 178 29763192
163 234 1790685
226 187 48830861
187 72 12297252
212 15 79291057
133 107 96923372
222 233 95722099
280 120 13711647
68 133 81450236
180 243 31223806
272 36 42020888
206 254 92309853
94 183 83683819
79 229 98566460
84 147 96422291
88 123 22093952
134 141 36990711
10 190 -995614
166 203 12955036
118 178 30453479
169 48 39990621
93 210 99447484
27 299 85202140
280 152 -821913
229 200 18467800
120 296 61407515
261 196 10337505
174 208 50004854
279 20 73447976
71 97 22421746
105 226 37810489
140 111 58102546
176 289 4588761
299 196 13670535
16 80 73922635
91 105 18044491
294 50 48323351
158 106 7682298
44 86 17272480
293 41 52816662
135 184 27244619
173 274 -583933
71 246 95565439
59 255 -473934
289 223 -882582
264 1 68197868
240 233 78927777
26 88 4399777
230 42 49930300
200 230 88043841
62 6 25209417
204 40 17098636
73 218 20766955
167 274 57862654
159 147 -551529
103 66 86418680
290 278 30779935
279 37 -16507
102 224 41450817
1 191 53278312
21 67 28951347
71 2 84020698
279 38 61638666
12 291 82900103
33 208 91722344
214 270 -391180
94 29 39121664
171 257 68138606
108 142 54348347
258 108 -387109
111 168 21947864
186 97 46686878
170 264 49593638
146 113 96422728
78 204 29000598
20 8 51968606
169 39 83858625
42 220 -423569
215 248 60182729
199 106 3998041
106 163 31388275
226 150 46857966
110 213 -405136
222 210 23361923
25 183 28833260
18 107 72209450
91 74 33914382
81 29 20469319
106 224 -811510
190 282 -558539
235 140 48475695
76 131 96455827
74 5 -154196
6 104 78639933
24 155 11980377
220 143 3987020
183 115 76313828
254 192 17567741
96 174 74814078
159 209 -797289
127 177 89033942
130 171 77651946
105 242 93555111
10 254 -715207
256 12 38762419
239 252 52293921
225 22 85806039
145 150 93122104
8 148 57471569
79 52 42390433
42 83 60333520
273 52 84578026
218 148 41111316
280 262 42781827
254 12 37354702
60 173 57176938
161 216 8993407
32 27 33027685
52 166 56546249
92 108 -792780
263 154 66428970
89 267 56838576
60 160 13789324
4 70 44691131
199 111 46391987
269 233 97371467
106 36 73315100
11 30 4774660
261 78 40918201
178 14 57881148
126 275 84824600
7 249 13282477
109 57 5414991
263 269 24966467
156 79 3628995
239 291 77299219
55 64 70488804
148 127 65539670
36 176 84215132
51 295 42601352
159 156 1768878
33 200 -282736
266 269 19442347
230 290 73246327
197 185 35450357
289 234 36781426
218 107 67266524
166 87 64349196
250 18 13513786
74 28 66473891
128 242 80804512
127 235 54137820
272 112 -684932
144 252 73535083
45 249 88439939
59 93 78086625
212 102 928138
69 295 1638985
123 188 60228156
123 270 -214590
235 101 88402659
198 196 78775493
20 100 38180426
299 70 86160134
227 184 36849856
67 180 19251962
34 137 70650742
171 160 50911364
106 64 79645177
104 106 93294495
99 266 11256829
288 164 72554758
222 168 58463674
170 295 26140416
41 244 -167303
40 139 77903100
201 266 75845769
103 198 21713769
250 222 4783917
185 173 5898079
218 171 33921479
93 45 82392152
241 189 8435835
93 293 70742946
97 113 31748219
194 257 59314679
142 5 -536955
258 232 72893633
