300 1000
297 40 94473294
14 78 58122160
38 45 -116547
170 99 -650149
265 272 25852317
62 167 39083112
85 225 9349393
78 106 70665098
1 63 54284950
177 58 71910598
111 142 -582950
276 235 87635681
137 32 23549187
241 252 92960098
274 68 22127275
88 235 44726510
4 268 21869059
262 148 -347978
140 57 8017555
137 160 -225067
136 149 71830278
194 6 75274748
211 95 -661746
209 85 52823450
155 98 83556002
259 210 44132267
221 138 -924875
98 227 17753360
242 15 -203109
122 213 -630748
219 156 71970904
177 260 -341239
284 245 14949328
259 94 -12598
8 283 -246030
70 35 90909589
59 115 14784922
14 33 -643820
110 42 -970087
298 227 -585156
257 24 34308252
263 106 -616715
177 17 87377745
120 225 33415052
280 110 57883907
82 266 -773180
22 123 55949001
125 278 75947728
300 137 -827000
191 113 67574805
15 33 -279406
81 94 -882739
236 105 44648082
175 64 41750274
269 37 38987688
19 185 -974015
22 210 52089271
178 2 68408586
28 202 60064235
272 172 61167724
176 69 37889286
112 215 9403280
40 180 -386038
165 10 81569147
95 233 86366379
292 56 21222229
80 64 -143461
124 223 -164587
47 18 3613232
180 276 76516121
189 21 15743397
105 152 39446729
36 293 33457561
70 231 4316725
191 199 -321106
286 268 35954158
137 13 -549219
279 162 -4498
142 99 23287346
277 271 37202587
48 102 66663075
18 176 21699761
46 280 27262272
71 165 19520418
239 37 -468787
105 205 42565188
223 134 5718271
24 239 90883249
251 49 58719655
278 17 39951757
36 178 -853266
88 16 65587963
127 198 6890933
107 269 91530662
198 187 76321447
107 13 -128518
73 37 -770560
34 164 38323250
37 233 82971721
184 169 11791001
103 189 74003045
195 271 43640292
201 17 18911987
56 292 55791250
155 14 49300415
88 233 28349221
177 81 8454880
131 170 2141933
203 36 -673164
12 86 77988433
19 208 -205289
113 56 98574797
71 36 69524519
266 86 56000163
153 263 16213484
246 221 85487579
9 173 60448793
163 182 -135298
16 32 41758936
189 221 70896812
191 284 -453791
295 9 -738036
116 102 24031768
296 113 -398974
79 180 43514885
77 291 5533708
217 265 28166194
5 32 56509402
263 145 -75788
279 133 -105287
250 70 -275215
201 82 77031351
236 111 517141
187 266 76708528
296 204 47789722
4 264 18815303
205 259 -391552
54 19 30487387
165 114 24008798
45 169 68131351
239 52 -60843
63 199 32742504
87 120 84301779
230 248 10015839
199 114 38153850
167 50 37202745
75 156 32301438
15 142 88173347
169 299 49943052
86 17 88432099
91 160 -556219
172 187 15127752
7 296 37251669
44 50 -628446
83 50 71155730
278 73 -853716
108 49 10893071
35 224 -330063
163 119 -636880
205 144 -246981
208 161 3367634
223 83 52389857
113 88 39284453
44 293 30985943
159 53 63454253
176 232 74401355
63 188 52087608
16 259 96972023
245 155 29219161
254 114 1204321
23 152 14366654
157 135 22749544
157 193 84538963
104 253 31373274
34 262 1623406
47 300 44401867
269 187 -953090
67 149 62301660
191 180 71040969
262 146 48893361
183 172 14082344
103 263 10194292
24 234 -414375
185 137 33738445
84 188 88797468
240 282 58152063
291 198 98417326
197 266 78630876
55 227 -549986
106 15 35065072
73 54 -832631
286 208 25456338
254 130 24994471
88 248 63764008
198 274 8972256
124 216 24045212
299 60 -333635
39 63 93104909
178 164 35879598
243 208 82607125
79 49 88944763
44 204 -476739
20 62 -568595
250 70 70907251
22 17 57004756
172 289 384337
278 23 -599715
283 38 -101124
156 81 -640550
202 196 -248787
282 136 25378761
204 66 46714378
97 257 -828289
57 229 76334547
89 152 -528319
234 196 18763120
160 135 73180631
180 246 30186209
95 215 60709083
225 91 49533326
42 205 -848799
44 177 -127143
207 38 -139466
176 280 34177189
87 30 12555601
289 249 37373001
19 11 29238200
76 102 78407162
71 118 65894746
219 207 58597024
277 200 3058050
290 257 29628446
214 162 -122868
34 198 58405301
82 281 28516734
204 62 11746127
115 217 6683897
193 258 14244281
114 265 752780
250 283 -659530
123 116 81296998
177 7 -738296
57 88 39381207
62 127 42642849
22 237 71079448
18 238 59145019
282 98 89954606
191 159 23017877
124 82 38751454
172 50 54976518
86 156 28074249
80 233 -726908
265 59 40296416
79 284 53035661
285 88 -216701
151 167 -300503
247 135 -196203
172 269 78800589
57 43 77581186
275 8 -873972
18 231 36546574
152 40 33983564
181 19 75484675
213 231 29760435
197 268 -89829
254 262 14756294
204 67 -286596
221 257 50710740
212 294 45833893
42 57 -525727
8 276 79281786
299 221 -803495
114 295 -703083
204 75 26795314
91 245 30284112
194 115 -353191
120 157 43860913
155 164 -121445
234 182 86446691
100 99 92979161
266 79 -805947
193 190 37390145
281 119 -982699
43 294 -10620
244 166 16326727
300 63 62096376
92 185 31701572
52 79 -93186
74 233 -521750
45 202 -155230
183 203 21661848
155 26 20578470
75 140 -327835
115 180 67763350
9 117 -993670
111 236 45708226
141 116 48673000
168 272 -472531
243 248 863076
62 196 85216154
274 71 84628853
138 6 -615878
49 31 75269759
94 122 88113356
63 275 20471477
194 250 22845200
231 46 20881074
60 147 8717743
216 120 -369388
228 53 60762439
141 134 -966776
184 114 -418952
80 81 57850318
44 22 87977805
254 238 42870923
6 55 -811662
248 282 -197236
234 213 51518683
156 246 -50842
73 227 -55002
293 27 93715571
101 275 -712513
29 166 31116639
18 112 98667862
185 41 35248216
162 183 92489021
42 71 22025563
169 277 31467208
240 207 -899197
177 74 -346880
250 272 -238626
30 11 83413378
8 273 65030924
198 282 45385854
19 134 46758389
201 12 41591971
199 196 -523801
253 181 21142093
267 84 -367502
210 15 41888749
283 247 -321614
105 178 -276788
31 98 30061202
8 220 -875456
230 18 88530039
175 202 53542276
263 88 40815694
8 92 -551180
93 17 -758082
7 16 70454588
3 43 21904587
242 46 -528093
55 241 19371061
37 36 -244879
131 258 98330202
115 74 -913615
165 201 31082555
162 9 64322340
297 4 49727353
51 176 62870739
194 146 95414465
9 48 -278596
105 87 -367811
219 273 78668042
255 4 16961705
214 117 2890461
190 259 26673016
57 297 72460431
201 104 542284
63 26 13073685
195 176 3643751
258 81 33236233
216 24 55014517
243 135 44737383
162 142 58910941
194 176 38107673
8 130 2835457
157 98 -362298
173 218 60248111
137 215 47544324
41 46 76556546
18 281 65373111
289 207 89421725
246 20 -127461
294 51 25266716
274 104 9676520
70 105 38924926
70 57 75208669
145 13 53288802
69 209 5456039
284 197 -23595
250 133 -198768
292 124 72681724
102 290 13386636
94 18 24151330
200 53 97147504
156 9 -773962
191 155 26987711
165 176 85325688
72 220 50164045
112 295 83152628
222 226 4426759
245 196 45562374
144 170 -826149
282 98 1782385
4 261 98243041
94 241 23389137
266 72 -713441
84 190 86355779
37 79 98619890
264 43 2935537
108 104 28913760
75 252 81231854
204 113 11407943
155 27 -917816
156 277 51268019
259 184 64189938
271 217 68496747
198 188 75043250
102 48 89053773
168 256 94596960
192 174 357636
246 154 -728095
260 39 23088235
62 54 5171155
276 81 99747657
287 129 59860175
284 149 38454632
148 261 65584734
147 272 82408095
145 214 40524533
112 226 92317251
259 246 -899187
108 230 99067961
88 192 59301904
70 143 60039775
235 59 55645800
13 127 -6583
127 104 75677827
239 151 40433559
136 178 89071838
136 36 -672545
187 113 -354482
202 174 -588180
102 271 26202340
46 164 63009733
272 11 42387046
133 249 32829809
124 133 64555029
175 139 65492165
142 22 -310008
158 207 83577281
184 68 34487454
299 170 5670583
125 107 -356798
214 152 51019689
36 236 -999716
110 224 81688922
69 93 67942313
93 185 -324805
285 142 -579445
191 85 12088406
97 124 22815161
99 89 -559924
134 97 62724621
283 277 1672665
258 81 33289443
180 284 -709819
289 141 -67201
82 205 -373295
44 151 50050800
199 78 -512882
88 111 61796519
12 88 43107506
39 10 51268935
149 104 -322353
288 109 -786340
112 295 2332968
94 166 -443244
122 249 97137297
169 166 76164270
280 149 15145485
79 72 62759283
286 258 92302380
75 251 6144896
22 74 25600928
224 223 4176753
265 26 -314122
186 226 594733
187 134 46938605
210 60 -330206
294 89 -7575
213 254 91049994
59 290 33683192
229 290 26535658
255 131 61675619
221 36 42076640
262 221 12433227
72 121 59998474
78 57 62760209
86 82 -658068
39 115 81206243
105 293 63514728
24 294 -999325
208 183 33828968
124 241 47339461
194 231 18778280
32 206 -368185
187 40 -106193
171 274 91407169
228 26 -638153
188 10 18691979
142 247 78970154
101 38 -291478
203 187 -840352
186 229 41748830
191 143 28007193
237 30 -46782
55 228 18653171
155 151 -455083
64 184 57091192
149 161 24572217
215 167 51122008
223 297 64367201
186 111 26120625
3 227 94519089
232 32 46896558
98 286 -334272
68 203 1449232
220 17 64388022
255 261 37550540
168 86 -270530
168 280 28805223
180 130 74794379
285 232 83085628
48 89 91209687
120 39 87790852
15 162 69846741
217 232 35147805
135 252 66276928
73 87 50695437
161 209 69880256
266 150 30338319
269 34 70281804
179 248 17628297
165 108 -724382
291 169 -491798
166 296 -770967
62 90 -515994
268 94 -248388
193 213 80559247
298 13 -381880
30 114 -229990
62 104 77701870
220 63 38654677
168 113 17815394
154 11 48356266
19 120 22598604
136 85 -712894
137 276 15207801
207 254 70509240
95 232 92050522
125 298 30357279
21 299 50779485
217 230 -664829
21 244 6935295
210 211 69503266
288 33 15450046
288 59 84790095
207 130 38386670
144 114 6728939
222 226 28354324
188 233 51661167
287 32 78082482
20 150 -482246
35 239 2850182
84 41 -67703
98 154 8000702
127 107 56642153
210 131 97691698
2 202 57258666
292 6 8016151
120 10 99931972
188 10 -902640
252 208 -134101
248 254 57932482
282 62 -128465
173 97 22769010
227 216 -521884
119 162 16534626
160 235 -274600
189 202 32746083
66 245 54492968
110 40 -396133
107 214 24502007
103 272 56086745
231 119 -525140
87 34 32199487
211 50 32840439
113 144 94253361
260 115 80444496
138 179 -639845
60 107 -334008
93 232 -275162
266 236 -12514
253 160 33962502
5 230 67315582
108 83 -322030
69 190 91591534
254 211 16802818
96 121 29060216
170 254 82176200
145 121 34744487
243 119 81785542
83 19 85440310
246 75 -506709
110 218 98237237
46 173 15427283
59 293 -262202
166 152 -851032
259 236 56112706
248 215 -556544
152 69 86083093
64 57 -917851
225 240 -621214
20 212 8488553
213 234 62968949
241 285 55101730
300 297 65121749
300 96 83717369
204 77 -232661
177 120 85895627
120 15 -605764
290 236 -999094
75 288 81478058
248 66 17053763
257 198 1302782
211 67 -71525
179 277 74223223
153 172 38197106
186 55 4017513
11 173 -395136
180 152 72884875
210 293 68141911
133 205 82497469
2 159 50163914
146 267 59732493
137 241 49434951
160 96 98897876
271 48 98231494
184 156 1970707
299 24 24801277
244 49 -292887
164 204 -490821
55 227 80793014
140 239 28601633
272 159 30816271
71 147 86735845
176 174 98746829
187 49 60024206
266 30 -471301
277 66 62437469
93 219 -136499
113 299 34633315
8 3 -930688
102 129 46035468
198 278 -463138
299 112 -850870
183 189 -544970
225 122 21692656
145 25 30631247
79 244 27681670
215 92 22561142
144 187 -376824
148 146 -682981
46 143 18048025
64 73 -62949
9 259 73440409
8 168 48445156
11 138 46366419
210 226 -854759
129 86 -218443
249 156 77820044
92 136 43964285
12 2 6604338
176 45 -508086
35 153 20192129
235 198 -20447
259 178 79449918
262 23 33807226
186 211 20668917
225 118 -489012
160 248 14982799
46 49 -528327
57 138 -515196
286 106 -794041
224 123 2691054
213 25 48826091
190 143 -121049
242 270 93686150
46 43 -25727
195 33 25916597
295 133 50188516
44 88 -721907
248 169 -197499
144 72 38432508
189 164 -640247
93 262 -269143
100 252 -864181
148 47 48475894
231 73 33057869
274 248 56438821
240 8 -546565
11 237 -970987
239 287 43998995
33 136 43026873
245 74 54204913
96 102 343244
263 62 19823920
130 216 -605762
222 17 18764512
260 51 -83144
80 271 43596601
179 247 -124469
253 281 -827238
23 267 58314191
82 257 -75505
190 222 93943223
208 59 81853379
49 106 57524571
121 72 82023347
20 136 14069334
177 250 30879233
230 208 80204162
156 213 -440288
245 109 39234090
41 230 88589166
129 194 90765202
69 219 63049518
165 201 93785122
271 24 60693068
155 239 34792074
170 294 25053085
20 229 79887730
30 178 -510287
16 68 90549056
200 50 85696931
161 136 37361094
261 239 -275418
272 15 2135380
35 252 21517118
210 223 -475154
270 240 46963293
287 35 96917853
154 71 -303901
85 44 60806164
215 227 -881177
148 213 18487378
207 28 53874478
131 89 17043505
84 123 41185581
37 147 52805467
88 18 -78538
259 6 -10539
75 152 -293486
104 196 82018599
154 53 -502428
239 65 -750163
155 35 55527816
214 72 18642301
177 277 -85087
229 280 64201255
279 107 -665883
234 259 -603006
257 179 -831404
294 75 -935009
284 177 69009390
106 6 42054667
41 102 42087330
70 200 -685112
122 103 -962654
280 285 39409663
31 178 78714708
165 273 56625379
5 59 59551632
150 198 83833621
133 176 5973296
51 17 -623740
136 276 62670379
46 203 18910398
92 3 31883322
127 213 70366185
208 123 30806431
80 267 -144610
215 267 46107419
286 180 33119132
42 259 3827693
162 247 47130787
36 228 -680260
200 50 -981188
88 244 78483493
142 290 72154329
265 271 5730796
145 83 45615369
90 39 74578865
210 208 84691835
228 155 -405231
237 284 4995456
110 83 96674377
248 93 99535911
167 21 92154923
27 32 96820202
34 56 87755909
28 210 -802802
262 224 2943092
268 79 90245384
104 254 80707957
196 258 44246553
11 216 3613092
177 218 26349393
42 214 12713484
43 105 79918614
168 145 66829863
247 60 -984893
300 111 65148090
272 296 -169468
139 44 72276102
165 53 39262304
44 258 -271502
140 50 98201118
130 100 -778969
290 206 19279396
73 193 52613655
171 283 35038663
26 246 66064451
169 90 78289758
126 122 76876125
89 92 39684718
90 96 -112671
123 181 25057897
8 189 -145846
197 288 43824253
52 172 89924912
28 188 45718293
251 20 -496105
249 135 -843647
46 78 17591992
292 270 57204665
11 121 790976
247 42 68784568
125 220 49512848
106 215 -229939
159 196 -684601
72 243 64252705
141 12 16953854
36 276 87814862
124 59 63894397
92 37 62307469
38 25 27429581
248 123 95297514
95 72 -256671
242 197 -765982
227 96 50871696
279 195 -797804
258 234 23606021
256 57 -472615
26 236 82934784
21 153 63436055
9 254 71906521
116 212 73678662
53 213 -603450
154 75 63256859
198 223 28471666
91 210 -533532
125 296 81162903
157 4 -575514
147 117 64075856
81 72 -393080
122 87 30899963
7 232 -340617
82 124 27841587
197 81 11794399
59 241 3025577
244 212 -876176
133 189 -792347
169 270 39551443
34 63 28260685
116 139 83754508
112 263 93417283
223 73 37153508
209 7 48890737
299 9 48364315
45 283 -653661
40 196 99101254
173 136 -854661
96 27 62166721
243 19 23584110
284 263 86306784
130 18 37191432
29 84 -915255
1 97 62201686
87 168 -577566
76 6 35415781
32 128 -829724
296 117 -812886
169 101 17901578
14 247 44811315
54 120 73604330
172 281 31520749
21 16 -89384
49 193 37940086
40 248 -996134
131 73 95621245
250 166 73095454
198 141 93708011
144 8 24730225
184 35 38921821
171 86 -444639
25 47 84254792
44 160 24735861
207 287 -840519
44 209 91960814
291 204 44348346
228 245 37121555
148 162 -310806
33 245 51103712
246 59 -692738
192 10 -77513
127 24 85174000
90 89 -432417
110 289 8341161
132 147 9325840
292 75 30930338
6 297 24140647
217 36 79155805
299 44 -292554
162 37 14511597
50 114 -441539
37 262 88876503
150 50 44436444
259 9 18779594
14 287 42882858
208 78 38750421
125 180 -828183
217 136 39255074
158 64 80580259
8 193 -447187
176 135 -425221
53 240 -226835
166 158 59138851
278 150 -93339
154 181 4616998
283 103 22444301
273 219 -341944
177 129 99096378
177 128 -979689
246 193 93299655
293 214 8090234
191 115 66635793
255 204 73595516
168 164 70237972
184 216 38973029
142 87 60327105
241 256 -743097
231 230 -747572
187 223 -181342
43 113 87042099
223 32 92672321
48 103 56258638
253 50 86149739
126 229 -202689
180 8 -228083
207 189 86106168
236 62 -368272
75 116 -504125
62 280 55882536
59 10 31407432
38 281 -619424
113 49 816973
47 85 -23191
246 226 16589659
36 265 42929801
26 201 82465348
184 103 426149
150 91 48084571
159 51 94348912
192 3 90571012
61 198 -222814
155 246 -445538
71 87 32537040
21 300 74610704
266 142 24209579
178 160 4233638
263 153 56985879
280 109 61474560
99 268 22137550
212 293 43274765
272 152 34472440
191 84 2367777
46 71 87398915
