300 3000
53 250 25957889
162 189 -45632602
40 118 -90230840
217 262 65399438
70 105 59196466
86 89 -40442136
18 70 70315052
87 110 22766799
151 184 17187193
102 227 -87578906
31 263 77041940
104 199 35071066
91 201 14290631
135 246 -22835489
51 230 -22126794
161 196 72632777
106 191 82092647
53 249 -30992437
175 298 -78585665
167 181 -18921679
206 217 21636511
12 115 9009999
59 295 -71771331
197 203 -89728151
15 258 -37201809
119 159 95323151
53 182 51328133
144 222 21721510
161 271 83254045
240 261 83410518
29 269 48708134
162 244 -77986008
84 266 23611944
81 246 -7213764
26 137 -71881767
11 230 -77881167
108 128 -85135699
35 85 -13206744
15 39 85062454
163 268 89223910
26 118 -8763155
93 192 -68746522
243 258 -32334894
21 218 -4920158
6 95 -52212014
39 119 70079907
220 284 88583016
286 295 -42482177
222 261 21495591
139 235 -3187590
61 296 -39246183
7 230 5878370
153 222 65856413
21 212 36744965
100 188 29812414
6 191 32696064
59 210 53556777
47 156 96886556
201 226 -70772840
135 197 20546814
13 95 74584973
30 52 -63650619
120 218 42242948
39 142 -13519449
119 226 23544173
103 255 -11921041
49 72 80596903
77 194 -75391384
188 192 -70631575
35 217 29206797
141 188 56736929
222 268 -95650830
169 270 59126711
116 155 -45668435
133 193 -95807012
111 282 -96144037
78 278 26228985
202 231 23974900
60 99 -32804336
51 231 -85281319
53 176 78343242
8 15 -73555767
248 279 79893360
43 85 -75164692
90 136 -37758093
56 218 -22385633
187 222 -85651167
58 234 -4312939
84 283 82678786
62 263 45958776
55 246 85618446
9 258 -61189097
20 229 70793253
39 96 -60801158
101 273 49905971
154 211 -2688403
84 87 -54466639
129 289 1012658
24 39 25286991
6 252 38862509
146 287 -95411708
131 185 10425362
62 98 -26080025
73 199 -95821295
67 260 -17663126
53 139 -86910365
156 250 -77164279
1 113 9285666
16 119 58765523
204 249 13612382
75 173 41867097
141 177 -48717185
154 219 53284189
193 218 70791189
213 238 -96766644
158 197 24838549
137 283 20164178
147 238 -11406423
84 269 -71340731
123 194 45469720
191 272 29180917
19 96 -3370252
138 203 62499210
163 267 -82310438
133 232 21960117
157 273 89183001
45 159 93429234
20 299 31685609
97 189 6769815
248 279 27993912
112 115 49829355
75 268 -72128893
23 119 -12063995
35 190 83719396
148 154 12848721
54 284 87740812
155 273 -29957827
188 241 77291977
34 277 -72557281
143 176 70550052
195 257 -37671233
71 74 83520870
142 186 26627515
13 145 1360743
109 170 -86828356
16 198 -47458017
71 186 -53357100
131 162 12313211
34 260 33582678
35 55 47381760
225 236 -44366182
135 194 -92128280
45 214 -89611793
16 238 93443162
49 162 -34491215
38 195 57592956
37 284 91410313
154 179 -33881619
81 168 80298840
206 267 -25130458
12 14 -95426976
34 258 65869304
25 266 -13312139
36 98 90923485
169 218 -53933871
96 292 88449550
171 206 4751230
122 295 -96562136
90 259 81870565
72 87 -42195759
32 142 -32315303
10 239 -56462620
3 287 -661646
194 252 3189809
128 159 -55136295
175 287 -32810332
121 300 58792989
152 177 34780428
52 81 -76629268
138 242 -74097007
15 226 28141694
265 283 -54361880
79 283 -43813406
95 252 1768275
74 83 67087874
142 238 -71807811
20 190 -20178353
70 225 59266811
171 185 -1671417
33 240 -27862930
54 184 -69574493
2 212 -40814488
74 118 81856634
91 149 3310209
74 269 -80909484
65 241 -45552373
124 144 63459369
77 288 -15239879
38 194 47051122
153 202 -5628816
10 58 -36625672
31 121 36122653
121 189 -97224922
202 244 -84192933
21 120 -75393944
144 239 4474846
52 249 17611333
117 127 -84377464
26 129 -82065054
95 122 -1162724
74 239 -52531016
2 116 -28399255
69 167 26593554
24 262 -38248323
43 120 -54025782
29 153 -76960479
267 269 -35521732
64 222 15427705
3 104 68117894
24 233 -6005624
18 236 67162749
53 268 87325942
51 214 54759380
205 277 95992401
83 251 -97134252
45 146 -72578735
152 297 66768221
26 281 16196167
167 241 7416576
165 199 -63704086
116 230 41641627
132 299 4484342
48 68 -43312809
151 232 27337372
47 222 83124240
109 206 59588101
117 164 63643816
79 109 36684261
55 60 -18939331
87 289 -62774178
9 151 -5689983
27 199 -30087138
194 227 90266645
228 246 11161948
25 216 46427575
132 145 -67667460
200 297 58609215
100 111 81717061
97 273 14462115
134 191 -3287275
102 215 33027966
10 167 -74782204
215 292 -16082849
22 187 -83775880
74 212 -19853446
65 81 81310056
123 262 -60352504
164 234 -77692414
91 299 67533910
40 271 50503676
59 152 -68064718
262 274 -52324082
35 255 46573613
30 293 -49390751
5 110 16013781
140 213 -26770714
35 174 -92711738
30 222 15030319
92 188 11511962
25 147 92098608
120 274 91878403
17 273 -84854158
114 155 -69569191
184 225 72022506
76 232 38632768
172 229 -25920285
200 220 -33057711
14 194 -81073688
213 273 -73936619
111 219 -43145129
4 5 -26624291
41 275 88828115
41 161 83622354
26 224 -81909092
106 216 -40075633
167 213 -87915651
3 204 85941213
18 189 -39118739
87 225 -6463946
169 223 -99253066
139 216 6785357
37 241 90868498
151 251 67204215
100 250 -83545313
4 147 -2915569
167 299 -50796459
231 286 40817771
7 258 97830437
136 188 61273987
40 281 -57823207
25 107 40221417
101 170 -6870030
87 250 71487652
128 256 -19685704
155 291 -50550950
73 148 74811168
100 125 93159470
73 204 -37289879
206 210 -85252301
89 170 -94431612
135 156 84255370
81 176 -26533580
26 153 -1190496
6 102 21330398
238 246 5293982
135 272 56643875
7 167 -23886031
277 299 92282460
39 219 -61445570
261 266 59798740
31 72 -96587642
45 107 -7519541
4 274 88797722
140 232 71234927
50 57 8377283
32 258 -82516208
70 165 17586459
71 283 -69792089
22 295 -47067031
151 222 69742560
56 236 -11476271
208 243 -27527505
83 223 -68143929
4 242 37272700
210 234 -18112498
31 169 -16561302
99 265 41436176
169 176 37280170
35 123 77798408
12 118 64727955
47 268 6729768
68 207 60310825
218 288 -15040783
177 216 -72346832
256 260 -41186289
6 261 23649897
4 234 -84480738
10 107 -48253672
89 284 -58550518
55 182 55159354
29 140 -55197062
210 254 -338919
172 248 -18271484
69 185 37310300
107 181 69547737
110 293 -69775521
128 186 -25365627
84 145 -12401049
107 141 -85908900
38 123 6802373
158 198 67010848
115 221 39515528
70 128 66456073
87 185 44732858
268 290 -59650588
76 107 53908346
39 251 -19404856
173 283 4184507
16 285 10538338
124 150 -72862873
99 206 -11924398
80 185 16126125
188 292 -35963551
105 225 -43338399
53 175 83632059
230 298 74209435
123 178 48408446
7 232 -34752453
184 241 -77688299
84 90 -61565338
25 282 44573842
124 140 35975436
264 293 93371434
40 251 -39503761
92 125 39676727
36 74 53250796
99 283 -96832279
5 77 -72176210
181 205 97350380
30 208 93411041
52 297 98270918
46 270 56190318
163 239 -23784894
26 100 48812756
54 201 -58346116
69 157 81272104
149 206 64128873
195 235 1422137
34 279 -40991789
140 271 -55305912
106 156 75738171
29 295 -68350311
56 264 87950517
266 290 73047666
67 151 -55779032
49 67 -24268707
72 132 -61214107
62 91 47018482
147 257 -20722613
78 173 24450730
204 233 -63909348
84 124 79814257
8 287 91598766
18 36 12801217
133 273 66076416
144 283 -73553294
245 246 63647163
45 138 22537878
89 218 -9166859
156 198 85980848
23 81 40214130
84 127 -79689188
17 245 9086259
161 187 -210873
254 279 -4629280
57 101 -31863498
58 85 82130200
2 200 96999554
256 295 84270612
115 185 -2592733
58 140 -24014766
215 231 38761903
18 94 78233132
239 278 -36621234
187 246 77335312
12 94 -74691192
64 169 -15469966
97 281 51621791
43 113 -3178805
90 113 21203585
37 192 48573532
94 233 99361163
127 250 -25848620
291 295 -25803849
23 102 -93658292
2 147 -93076509
186 253 -15290404
256 266 -71736902
9 63 -44861003
42 262 -78125760
89 164 -80286334
161 222 -8272636
151 194 61618991
106 256 -79022583
27 283 -88828754
176 228 38277337
52 113 17538912
13 71 81062416
26 120 99864658
176 186 -63025654
52 84 25701777
5 192 -13071323
168 196 -99805624
78 224 56111146
107 298 31444340
45 290 22888026
76 276 92591558
62 86 22157742
10 15 33338619
16 260 18514242
64 155 64332139
56 215 -84756506
3 48 13814747
286 289 46521691
111 276 -98704493
76 233 -86115040
21 120 53742141
124 259 77155421
22 165 76113868
236 254 -42183659
85 217 -79738689
40 67 31368698
10 238 45847258
217 276 99870709
203 231 89199801
108 282 76373347
16 27 75593501
74 94 -8945446
10 103 -69958811
55 254 -14815687
132 221 -2160080
174 236 70992681
117 241 -55198883
16 265 -65868519
100 180 79244971
133 201 87670735
16 180 46776956
193 266 3107192
100 128 73607045
197 286 19588357
2 13 -98854897
132 237 -10168108
79 82 -83163221
190 288 -83879272
180 284 60759142
112 117 -43129801
4 179 62721110
226 273 -39322953
115 268 21692744
169 209 51091220
13 107 -48069257
132 138 -98995075
159 253 27008538
185 191 -53259592
172 220 -47149986
118 262 51823326
53 264 55192608
59 260 25721421
9 73 -96011422
62 120 -79419467
26 183 62164185
213 247 -51498930
16 285 20773285
237 297 52326562
237 242 -44628189
27 103 6914526
173 215 48776063
87 221 56407342
70 217 -59201718
20 143 70654483
131 243 96620389
20 214 47173190
116 259 -85430311
38 251 43504546
146 254 83648814
148 189 1549033
171 242 84854158
103 230 -22131735
195 201 -34085851
51 62 97379531
17 166 69960527
209 270 -42795434
29 118 -43078029
41 137 83726972
119 180 -705441
162 246 66089991
215 241 69924259
69 135 4030344
161 263 -78038155
86 197 55420986
10 221 -61878408
138 180 85874822
163 182 -34385354
37 217 -38497709
154 268 98157984
70 210 76334179
10 260 58423025
165 288 -71789664
194 218 -95253785
65 139 -3501248
21 71 -61056490
13 273 57524626
211 217 -51687731
206 264 -90436025
34 42 -72238141
155 225 48476434
16 144 14871464
187 295 -97940513
16 38 -3396341
113 145 77552090
137 236 -40885804
265 274 -97266491
20 244 87032545
111 166 -10526105
7 104 -38692355
196 291 91900753
117 155 -17451591
34 231 51918604
80 204 -63888214
154 266 -60144729
20 253 -52603494
115 174 55322012
42 176 -62509571
6 243 -71951459
184 293 93615300
198 237 -71145985
52 209 -30271398
91 214 -14475488
196 248 13113920
77 279 99404452
290 291 -16791397
13 248 91658387
101 197 -91759868
141 231 48441426
122 207 -27424641
84 163 90491915
132 229 -82915828
244 296 49196763
186 209 71876568
203 251 -7305992
11 122 78096005
176 226 44195837
60 233 25475736
129 235 -53679873
33 126 67970337
142 183 14103446
222 234 82191983
182 193 45536509
115 261 37392004
25 26 63283437
56 297 -7784250
59 128 -52889369
86 189 -4511756
75 128 60300813
33 62 94434342
231 275 38159628
32 297 57976495
247 296 2563412
122 294 39676609
2 42 59985797
21 38 80676584
201 255 -25876938
147 195 -11856022
9 296 80281195
115 160 -15712466
177 217 -59570020
158 298 19766460
88 197 -38416615
143 286 92964133
97 145 -43449816
107 223 -94863461
4 233 30250008
111 278 -77752566
36 103 69831532
131 251 67330754
64 291 23624656
30 89 93481518
20 163 26210973
29 134 -22736308
170 235 -16995072
187 272 13244952
178 268 2229405
32 73 622815
26 260 77616720
82 262 94035661
263 297 118741
171 217 7396525
36 57 76652507
3 198 -23453800
126 293 46617725
9 181 86664396
111 151 -55468580
81 106 -20390016
56 298 -9220165
24 177 85643825
165 241 -68330148
62 114 -12974979
53 286 -37581564
35 184 98435628
184 264 21839619
45 123 -327291
8 94 12723752
45 126 -17327351
122 127 26696852
26 82 99996051
79 299 -31516899
132 243 -95702111
9 213 -16751861
35 141 6063574
33 176 -93740913
106 266 -30202281
69 147 1292629
165 221 33240692
123 189 1920972
14 47 -56207247
114 253 -57633844
243 297 98431255
12 41 -20940149
131 176 -98798948
85 105 58403409
157 286 17365549
59 211 -14777639
66 284 70572688
88 235 32998082
106 300 85987140
222 238 -23277258
54 293 -44203120
44 159 -94799120
50 188 -51677803
45 196 -12378686
48 82 -45155127
46 282 14809302
12 109 71936826
168 296 -89637986
14 79 -27798090
54 67 90193154
128 153 -65611784
40 245 -40782098
103 116 -63144132
248 287 -96946666
94 142 81272529
247 300 -85898821
164 219 35487802
77 167 24025414
46 176 53531661
94 128 -34576821
67 267 83513706
148 213 69731590
182 300 65242720
56 123 30419565
166 181 -45507758
59 78 -19596897
120 220 -3466698
157 192 -90306559
128 245 -37261284
17 18 12713531
15 194 68732338
27 279 -73639296
57 239 98140177
239 285 93752813
34 187 -93313465
226 297 49034857
72 202 -66910055
109 120 66122117
188 284 -99938144
61 235 90603484
32 285 -5647147
186 287 -76883028
12 275 -82866032
20 25 851162
91 227 -23921342
6 122 -84961072
133 220 -74237365
41 81 45224318
129 203 24296919
138 234 27017983
193 222 27256510
110 245 21497773
11 46 -61053298
35 85 -12632415
109 248 45472055
155 259 -58859599
79 177 -32923582
108 240 -54818149
25 78 53217883
164 182 75200638
28 257 35943842
19 149 85916138
6 147 24444598
231 246 29252432
51 253 -45890378
110 139 25606162
109 251 -44712897
183 199 10934641
148 261 18567033
74 146 64769697
50 183 -53462216
286 300 -60414244
216 233 -78501218
24 128 6683691
101 108 -78481016
235 257 31677130
25 112 87160402
16 95 -14492739
7 65 -51346424
132 250 -42414787
38 74 -88595945
241 249 309100
60 275 64364997
168 237 -77726042
222 252 -27047836
165 220 -36433300
170 273 11591985
75 221 -75720737
24 282 35403226
52 76 -78065969
55 95 94102022
114 152 -46164000
150 265 90382021
220 276 13975369
2 93 -57455844
22 69 88341679
221 288 -17673816
4 107 94292368
70 198 22298699
92 227 35033518
243 253 -9519092
41 300 69571828
106 279 28381774
89 209 36473489
44 97 -85283426
215 219 -40129017
119 279 -20511897
185 289 -50659920
75 183 -33298964
64 210 -69781229
25 93 10514516
235 246 -20351874
113 254 6467187
257 266 50362961
226 246 -25325254
111 203 -35684644
191 290 30133220
60 175 80499287
82 210 -34282993
171 250 -84958671
27 270 85531858
78 110 -56977846
12 51 -51213803
95 233 -13799217
163 252 -54641773
31 64 59861110
226 244 -24224017
38 289 68371460
6 104 -55453183
212 278 55026317
60 263 -43322601
51 188 -14599170
41 142 4175703
14 69 37577854
7 47 -22717938
151 203 99570455
66 293 -91133299
56 149 -6615395
73 131 -69696544
43 91 -51161790
181 193 -18073725
22 98 64014106
218 266 58599160
139 255 -70947008
206 283 -42065213
208 242 58392883
47 202 -36196922
47 82 -4521129
167 294 -44818047
181 208 57961605
63 170 -52770811
102 216 8145438
138 181 -35741735
182 208 26091048
104 167 -46882463
273 289 -49987287
57 151 53716357
184 190 66904092
113 212 -34473487
92 184 57334791
15 123 86691759
127 168 -7542043
60 161 43257641
146 168 -70986836
14 281 -49695457
65 206 -33064711
13 111 -19459505
1 186 -78759650
2 297 97825696
54 296 -50336181
35 255 9885391
168 221 25032926
136 228 -6849142
155 298 90149065
96 123 58485385
157 234 98085298
152 274 82342972
42 190 -91503729
240 265 26226718
23 147 64911968
33 258 77574702
81 179 55941187
78 223 47709695
213 282 -84198632
249 257 83592979
103 174 -3684498
4 250 -65761689
283 290 -8107284
124 280 86573674
162 201 -85958066
134 242 -37113779
74 132 -31733198
91 269 -31514231
153 210 -29713651
75 110 -28697630
38 258 79216939
74 145 76203337
222 271 60142881
124 184 74449523
116 285 2747002
143 169 -12039837
29 55 34563656
58 97 -32196417
68 286 -31027050
65 289 -33984623
48 275 -3039538
1 199 57762470
60 74 -64817315
62 104 -82076407
79 113 -82982051
21 97 -41312900
251 298 -76604945
38 61 54335998
194 231 -415741
95 265 33853686
4 220 -91619293
27 285 -38968808
129 189 -88223663
13 294 -12616094
70 270 33449713
109 192 -13819880
80 283 34762991
51 165 -89538720
252 263 -2108396
159 197 -8403217
3 222 -23914117
226 273 4611028
63 73 87187723
26 169 15430902
166 227 -76584743
103 246 81433575
148 176 -52479770
114 141 21293315
263 279 -81021277
64 139 -30008917
72 266 -54881316
21 250 29668002
120 286 -10113548
13 281 41114339
15 164 41940725
69 238 -46568811
32 240 98492478
207 213 6260922
85 221 47170112
61 91 80974745
119 210 24510634
49 241 -81595496
203 298 -16338849
103 214 -74167235
5 250 3458603
227 284 -51004311
236 260 91883293
136 163 38079910
42 284 -78482283
22 158 38253385
242 286 75120510
124 166 65706578
145 196 36344930
200 264 16746210
53 104 21387872
8 70 86091005
13 261 -49949033
92 274 -61082231
202 247 93820345
81 296 55902876
290 295 -15425377
111 119 50760203
170 179 90857964
103 227 5108109
59 86 68855532
68 220 -89546516
10 64 -72836044
78 114 -57334975
140 185 56914144
16 81 81942191
88 243 45520299
112 197 50875331
18 252 -95377434
75 224 67900957
26 290 -34476730
114 213 59019251
99 298 34345462
6 52 -91190406
271 276 -68827366
74 123 -63018979
149 283 -74900784
49 156 82388509
127 147 50094549
141 247 86643501
78 195 7367709
81 173 -43561360
58 168 -66762903
3 300 -92619124
162 272 86838093
104 249 -67236050
121 187 24502892
148 178 -13192812
35 159 -41245890
204 208 -26639870
82 178 -3208791
264 288 75188957
254 257 55926372
93 294 22019324
167 272 61556318
132 147 30422869
208 260 87046479
162 188 63152413
27 243 -25779565
132 206 94647303
185 282 -24443629
49 112 22337238
117 195 -63551323
17 153 91350844
169 218 -33229471
106 156 -29340831
160 217 -66261632
168 258 -78867547
105 203 -43398955
204 265 10572267
241 287 71111487
57 78 -18254111
22 185 92761799
224 269 -53531449
184 289 12093508
13 219 80756246
31 153 -27521551
66 255 -47798617
178 227 -94467427
73 190 59528020
27 144 -31595605
157 179 3965319
105 194 48302189
113 293 95059997
53 254 67295926
165 248 -20640875
105 178 24640618
12 225 -1422747
180 210 -16756321
11 183 -44106636
172 238 -57993646
42 188 -44842426
18 111 50257765
77 264 -56655392
54 204 31786309
48 49 -41450863
96 241 -31865590
205 260 -45469349
27 48 -51416541
9 204 -23629448
24 118 48709764
129 251 -34897468
96 175 45908033
129 269 -80641097
70 122 -6231687
109 285 99046630
110 261 76041089
48 203 28376605
156 238 65152288
231 282 75865824
220 280 -43143330
90 285 -74822831
102 293 54690320
74 94 -62105101
95 137 97931218
33 148 -58645509
143 225 7786920
22 147 -81574834
67 119 -35279585
235 242 83630624
90 187 68017500
34 119 -66098060
124 264 -29126489
286 297 83837515
41 228 65993426
17 76 -48099207
112 140 -84310495
133 239 -10575712
111 123 55291470
167 250 -57962179
94 257 15410000
250 260 -18942315
103 187 55885072
26 196 -6941313
110 216 70081418
69 80 29260370
57 225 89581173
43 56 -24265485
54 137 77045950
8 103 -46347849
193 279 45719302
98 122 59167571
57 61 -39523914
17 90 93880985
55 137 52035919
190 234 94800148
183 300 30653373
99 177 -83625484
68 193 66416899
16 178 -73268737
4 202 18437661
88 233 67749025
38 86 45430851
94 172 -38183391
125 143 8841585
66 235 -28126840
291 298 48657512
138 275 84306140
206 256 -84575446
103 232 -34990729
63 173 -76999128
3 289 72014340
60 204 -30457898
186 216 -44983926
14 291 -68973637
31 298 24417108
159 197 10929585
101 252 -89471700
149 270 67198428
90 276 -22113106
20 58 18667899
154 166 5578469
30 42 62292594
186 240 95151358
57 297 75258221
58 60 1857365
64 91 -27114525
37 139 -41956767
6 144 25211721
76 286 -25698641
229 291 65875657
6 112 57914451
94 278 -78995402
229 243 13247239
31 158 -65392302
182 268 -65589294
55 172 10838869
85 88 20623806
136 203 71117770
8 193 -47223770
122 205 82651110
127 135 27568434
45 219 -45672943
146 268 -41026465
130 300 25722982
187 235 96923623
20 203 79377529
83 234 81565187
59 65 -33158026
107 126 79823391
116 142 11982069
48 239 -25289228
134 287 37153370
67 223 16889139
69 129 -69832272
157 253 -19635801
139 144 92040840
14 258 -34809067
90 290 -3225424
156 209 -78849031
13 217 -30234352
63 118 54053045
200 291 -48952642
107 288 18026437
10 156 -92116483
249 289 -42546581
55 150 -43708413
146 205 57951354
188 292 59442820
207 288 63982559
195 203 6294331
163 173 -31272135
35 220 -54681983
51 126 72987977
204 254 -11404057
34 176 -17504877
121 163 34067439
4 125 -39915762
26 179 36462046
85 148 -33921301
78 121 52149512
123 161 91802748
163 196 -57416194
124 220 -19778436
54 241 59885311
37 101 -74947306
9 113 38579673
57 201 49644933
36 279 57009285
10 266 11107265
69 212 -3933043
135 208 -50191950
60 232 48857660
4 293 5459037
1 69 78380314
92 216 11977166
34 138 -65634158
77 144 -18676279
27 34 26819094
156 157 -52815010
119 224 -22010280
149 213 -27082642
3 160 30236264
71 266 -82531502
230 291 -63097979
59 82 17676743
88 251 -51199885
111 258 -99992871
92 273 20823649
198 226 -88862919
107 262 32622374
185 188 36823419
43 93 -49122959
2 233 -71059449
159 281 -65265195
68 124 -32894422
58 169 -50561709
79 254 -94056246
242 256 65491599
182 241 -72582297
137 275 -8580394
20 92 -60545377
50 262 -89869039
162 217 -4341376
137 210 32212713
216 285 -30787803
206 290 78242449
71 158 -68391878
124 194 34881945
44 120 8183030
228 297 28707216
103 109 16058315
113 151 66632016
171 241 50337545
70 164 -45837566
45 269 -68123209
179 239 -45141502
138 184 -94587300
133 269 -17234390
116 154 88327193
119 133 57079699
17 24 -58848734
6 239 75464963
272 297 74606545
1 178 95926705
3 65 -63971459
43 97 89295802
189 194 19652399
134 213 88262112
80 126 -61713928
28 286 -79708493
96 260 -68435928
227 254 8977701
10 199 30039642
65 293 -14554897
47 86 58999264
95 124 -18734808
32 280 -41645894
132 208 -94514268
74 177 -44946682
3 288 -22299510
87 128 -32993575
83 184 86951784
50 66 -16462530
34 157 -31929457
123 124 89769143
113 216 45876350
155 231 -64274452
36 77 -67163404
67 178 -35837011
54 75 -82630539
42 165 49742075
121 269 -65883226
216 283 -6784312
53 145 43835575
22 102 16282286
43 277 -72173244
44 92 -9257302
22 132 41534886
38 52 85324938
194 259 -12628677
68 275 99912821
156 218 42285097
31 206 15162156
26 207 91994273
90 145 85422474
105 262 59994110
59 216 30317424
24 115 -15972574
52 164 -31476000
132 192 32360126
50 148 -10494454
158 170 -44847750
28 98 -18783455
38 217 -64762146
25 186 -6763139
6 18 13747767
90 116 -10267685
99 266 -68973549
30 190 -71889883
198 254 49344193
241 267 85850631
30 213 71599088
178 272 60501056
101 146 18828693
246 264 48639321
23 134 68925888
46 83 -76697231
206 222 -10565954
108 109 85546008
106 202 88811333
134 229 -42920653
60 226 23048493
234 283 44680629
9 62 -81717541
118 126 74725996
1 31 86843011
151 280 54569725
61 180 -67826796
20 231 19922132
105 172 87975260
6 300 86886608
73 235 -74599989
79 139 40158064
10 284 17874909
76 282 1472457
12 170 13818655
67 80 -88791328
74 257 57125702
219 277 -3254916
249 253 58307585
141 235 26841561
24 132 -96519230
183 261 76836549
202 293 7258389
20 170 15889839
93 295 42151738
204 252 1112149
163 278 99767944
137 248 -65648988
6 177 -125328
81 121 13885497
161 235 26574327
142 225 -4136900
97 276 62537926
42 128 -29078642
82 161 -14313327
122 276 -82266147
130 134 24847470
121 170 -83944938
141 178 -77091567
131 261 -15641506
11 182 50446727
22 36 39153948
196 255 1249406
37 243 -23247718
58 240 -87316574
164 270 -8272678
106 253 22421740
28 94 -82606009
129 176 -16852665
107 289 -71931670
93 284 64171299
138 258 547388
55 280 53856979
13 29 -53557925
287 296 72162630
198 292 63405176
69 77 -64617580
60 134 55289438
90 147 -14386159
43 193 -65890431
56 234 77919397
252 292 -76231680
50 99 -65527155
52 234 -18306926
218 254 14804750
124 154 -7900054
112 212 -66945560
38 51 -73916231
126 183 92600503
48 259 67391873
27 253 -92673049
59 288 -61803513
92 231 50729350
30 74 96690673
14 104 76617305
145 277 -62885052
20 72 -51143920
278 285 91658429
9 251 -34840157
257 262 95423032
80 241 -19030570
19 235 65188680
212 280 39705813
19 49 -97009729
88 273 58122972
50 83 74295183
46 228 -89250306
225 239 -15549885
133 178 97597544
104 192 26369062
26 106 27024993
5 164 -1397832
86 270 -90756119
131 296 27696404
78 188 -76721267
25 116 45216612
201 276 59896343
151 284 -27142947
65 214 91114361
54 298 28936473
134 209 -83844272
4 240 73178590
178 244 27123211
58 233 -73285274
130 225 -95301738
247 289 56142516
104 256 95011032
73 130 -46508879
244 255 -45851355
48 99 72533992
96 270 90158566
166 264 57554206
175 235 26414826
33 106 -47988449
28 131 -45548432
67 245 -25319563
249 291 -86340446
50 283 -37499049
58 221 -15469069
37 64 -16422497
276 283 -66912138
41 147 -29611941
147 254 -27858319
90 138 -42959535
146 155 -39395148
125 175 2749482
33 286 51840918
59 209 -26415596
85 91 -97510460
146 163 -97250990
69 213 89089267
81 150 -42307769
89 292 76108763
81 95 -2992718
30 72 -24976600
88 197 24959897
185 286 22607917
49 296 69274220
230 271 -663222
162 201 54351913
94 195 -57299441
60 64 57006972
181 262 -98945829
154 280 35460279
31 51 61996556
172 196 -90390092
190 283 -14708816
29 263 83904959
61 159 -18792566
186 231 41265091
66 173 842580
56 112 21395746
49 273 -29538371
248 287 53041271
1 271 -38243170
20 232 -31085243
135 186 -25703376
202 272 -89792850
181 247 59998536
20 36 87597884
77 92 28091027
156 273 19426460
127 256 75149473
19 37 -55842001
219 251 43953549
186 241 7479011
93 188 81058174
42 120 29166036
38 48 69671355
57 125 86303410
161 197 -24724733
112 120 -37679671
153 208 -17923032
133 147 -25653761
157 172 -82545772
168 204 -12071120
24 194 -87761447
174 259 -58431938
38 178 47713033
25 194 -38560321
236 278 -91987760
147 184 59586177
211 288 -40344689
134 214 5848273
71 289 16115635
98 118 -47605777
28 84 49313180
115 183 -63481845
163 231 -37754215
223 246 -12757618
50 119 -77202720
11 57 53824345
72 291 -9752196
84 280 92010669
44 212 -34731709
156 227 57467202
171 260 -64599375
59 103 66447328
19 189 -12921578
95 163 -24656241
173 300 83169533
76 149 -70783187
276 278 -32803635
13 249 -14477543
111 251 31597721
135 257 -27943327
105 284 7236545
146 249 45839387
226 282 44594445
20 96 -86140028
22 292 78034794
86 228 -60121545
111 263 -96818367
35 294 33860443
14 178 21243829
68 215 -51263423
171 188 -56285604
52 173 1060442
9 271 -97016161
43 160 44714047
123 126 -67640379
29 53 19275555
76 119 -34660556
235 271 29695230
179 276 78606955
215 265 84800778
35 282 58148652
16 41 56314388
27 109 31486099
221 234 -92955560
152 166 11916676
148 297 42885232
122 204 90817399
41 75 -32472158
65 281 90359066
68 157 -20922527
124 194 -4464717
102 156 -71316604
16 141 32602131
70 192 3392670
134 187 -89386617
69 223 -6178138
116 165 -67453841
68 140 91646909
67 155 10900430
111 261 46345465
176 300 -29459025
130 136 2431461
231 269 86573735
52 176 22437026
118 264 7694301
70 214 -6527309
72 284 -15631820
85 300 -46618013
187 194 -15138347
17 56 52935962
115 229 -64429362
143 198 86472021
35 235 -63260477
102 212 33231808
68 187 38474791
128 230 25388548
92 150 -87427909
61 98 74475373
138 150 64562415
47 163 -57481598
224 270 -14374330
132 160 -43512178
115 198 -31364697
40 289 -86194998
12 16 85512773
31 257 15906852
6 90 -43101952
179 234 -85195054
27 85 2569435
29 114 68935846
20 208 59401027
191 268 -63358356
53 185 64063774
69 201 10994634
141 155 -89894866
157 274 30296183
116 143 28144850
48 266 91305121
71 257 -4028173
96 206 -44983006
5 124 -9132514
144 290 -17349170
166 206 19320635
212 216 -65879526
13 289 -18399100
180 237 -28068531
247 281 -9165250
171 294 -73681273
146 293 41411345
109 182 13400274
207 264 -25921615
82 252 -36366227
141 209 87611771
38 91 -86376517
71 236 -50876049
100 103 -78101224
60 96 -7062383
162 254 -76562711
246 298 -15818591
259 267 5276723
10 258 -48130828
158 262 -7925064
206 300 -40223728
22 63 50389796
117 281 81826748
107 235 -60174166
55 300 -19872795
50 145 -65091307
18 101 -52336235
195 272 -94090065
60 80 -86837014
38 281 41216813
71 261 -30428447
73 232 -9751700
134 149 36061475
175 217 -65165882
43 191 44523654
136 225 -96096773
158 195 -12332938
56 143 -80745803
73 274 81774401
245 295 -11888673
77 176 -72887756
34 112 -54908413
80 244 -91428246
34 259 55929552
219 246 67589008
9 144 -85506752
232 257 -19495356
91 202 62439319
195 242 30608891
2 99 54482885
53 61 50995340
53 161 -96772266
56 142 -43857112
107 162 56206214
86 161 -24623971
187 204 -34512739
121 256 -92217197
77 113 -77462231
195 293 -53089241
126 156 46510760
183 271 43617454
191 257 -98573946
169 179 -19175488
55 218 -50939186
53 128 33276296
133 220 -99641713
22 181 -4806658
52 264 66075225
20 173 -40878722
38 233 -17972706
24 179 48437695
99 115 -13739319
14 37 -27495687
121 253 31942857
97 217 70719029
31 48 63812793
137 247 71230847
25 51 49431237
168 184 -97656810
99 241 51532250
92 294 -97559884
209 257 -38805243
92 183 84946204
202 293 -63424191
15 300 71194987
77 210 7935274
34 74 -71259365
8 136 98889250
59 137 86390545
225 232 -21410574
138 143 43790170
157 289 -18268614
67 191 -51184730
142 271 76997547
165 167 99439002
49 217 10540458
50 295 86065086
272 273 27670443
67 74 -79515633
131 230 -88524739
20 206 -10337246
17 300 70125269
63 234 -71891753
11 199 63579841
232 277 -38976419
22 123 93619052
189 278 -86344295
97 159 44345748
59 226 88861170
10 64 59243875
105 165 71899459
110 128 -85729028
77 114 -54118439
9 35 -10059716
84 235 -70358556
83 240 5041284
41 47 78324954
79 201 32286157
67 176 28426716
29 72 42368992
123 240 -30293671
176 239 -53649503
69 104 28877278
161 253 51352637
16 40 -93642275
17 50 2624088
217 300 95817036
16 284 -68282011
139 271 -174632
109 235 86141450
106 266 10401191
186 282 -24552532
62 280 46015979
17 220 -27244153
200 218 -67514190
218 296 -16002795
111 268 -41263549
34 230 -61757970
34 155 -81037543
183 189 59081531
90 156 47936993
4 257 -43882306
193 200 52978803
185 208 58522471
127 129 -27439534
46 137 -81499129
127 177 -74174024
12 62 -12752679
26 167 95937326
94 279 -76381928
183 293 -90447398
19 202 63783010
70 95 -40417643
9 143 -46162993
40 263 10183652
130 185 1171899
147 179 -8049083
75 216 -97280487
56 149 18173402
2 32 -85656010
25 152 -90132557
165 294 -71676142
208 261 -30958907
159 291 18877544
87 122 94820366
1 47 -32818613
10 271 -2508033
68 281 49641470
206 245 -19938805
8 137 70905292
36 155 -7200585
58 137 -29247526
68 183 -87374086
124 251 28557974
34 283 53498917
256 297 23767382
175 227 45186965
154 180 79597201
94 144 -5598058
219 258 -94751586
139 161 2940768
56 274 3424584
148 266 -63470805
77 248 -67572748
187 276 -70523805
70 97 94664373
97 234 -60816707
51 65 49155469
57 64 -35885132
153 181 26819264
61 250 71813414
97 113 -59989195
26 145 11312676
167 252 79381769
279 292 -31468102
99 151 -88160473
15 81 10358223
38 116 23765601
49 61 -18930872
1 234 -53464370
44 166 -80051422
67 261 -8274439
229 251 97666702
30 141 -40588776
255 283 -19270522
127 276 -43225472
163 260 -88415285
164 223 -92349621
111 290 6783543
88 117 56299421
114 293 -67948268
59 198 -41891902
219 253 -43678620
117 142 -90164012
66 211 -55065439
92 115 93062586
148 222 93417464
136 256 63380821
27 235 14406574
40 274 75417972
53 177 36988265
23 99 -61951520
185 233 -4929865
99 148 -82564615
55 131 96723984
42 240 -48711980
25 101 78858705
73 283 -64252378
163 172 95988947
13 290 52409713
193 274 -19786441
61 256 -93769974
197 203 60562427
191 261 22210421
98 278 76128451
123 289 98641025
47 295 36568923
2 239 68759686
58 73 -44234204
1 217 -35764108
146 224 80218636
144 228 58048072
178 191 -86695847
128 253 -16223613
1 266 71473796
190 214 25415591
9 189 8716190
106 185 45678660
14 296 19530355
163 235 -83376556
31 87 94887055
28 217 7760364
60 266 88801580
102 264 60454836
218 275 11787309
76 191 62677391
119 128 -66111547
93 260 -76181140
40 220 30716555
97 162 -99571128
183 221 -80407201
9 72 46421156
23 134 83046597
56 101 -45971324
191 208 -51334514
88 216 -68474127
117 208 -16035900
58 161 9833493
71 176 -97931387
16 174 -62735028
216 242 -23793189
39 261 87940059
97 255 -61344286
195 271 46101373
152 275 -32435272
31 196 99026593
24 146 -16993346
82 96 34195597
8 35 -38159144
85 105 9217470
23 124 24794636
41 120 82037704
96 168 -92800234
137 173 -23034562
2 211 -7313158
216 226 93238057
140 206 -37356172
205 266 23518655
3 41 44726040
184 222 63824532
27 171 -15982474
16 28 -57311540
81 156 22964706
151 166 8449319
155 299 10904859
76 196 79230358
73 161 71385579
44 162 -85952089
157 292 -13844575
112 273 -84787767
100 164 -20497647
111 286 -37120927
17 298 -25688944
90 150 -74121165
33 35 51285137
39 162 11699512
185 202 20481030
172 251 88816382
166 238 97927295
56 201 -47394696
196 281 47002881
126 300 31909725
180 215 -59620333
141 210 -93231506
28 260 90685548
183 295 47506678
52 168 83294219
266 271 -54781195
101 257 75884760
184 242 -55568635
6 118 70412881
97 240 -64770256
32 130 82335438
158 295 -40277058
109 142 87229068
34 295 89416152
66 255 -30219835
129 207 -42030699
235 281 -20773170
113 199 -9406213
163 262 37186787
57 290 -26515737
49 141 27023281
5 47 -79920149
10 12 63709947
113 239 72659951
132 238 -11974581
64 160 65254053
161 176 -68694736
31 167 -36602510
22 263 92501829
32 139 25047421
59 255 99230969
32 130 -46102522
51 180 99400294
28 164 45491437
16 86 -2328083
2 177 -20070261
126 251 -41592264
100 144 84390367
14 226 -10914470
290 300 23678300
262 294 28217054
30 283 -29182849
128 278 61790127
126 269 66928005
23 92 -4708383
199 217 37587590
104 237 73709394
151 296 -47544061
29 225 -44959653
20 242 30860760
181 248 -71185947
57 273 -39259259
282 299 -4232269
34 101 -73541445
138 245 5406024
18 158 16622088
127 281 -3265834
110 149 -98057471
67 79 -72349676
229 238 -8579003
80 105 -35630079
87 124 7976491
159 161 42783819
96 100 83257966
132 240 13876078
222 296 90782602
18 32 40646874
44 244 48124089
33 153 68324470
49 71 24865534
9 107 39782262
67 219 19301853
26 122 -26050500
63 133 51274376
121 170 2435540
93 284 92163984
171 195 59440112
21 104 -93714767
108 233 -33312481
37 247 55177961
217 276 9137117
29 215 18305265
1 103 63970457
161 170 -65195962
125 287 15665769
160 234 -74966488
211 259 -85807667
8 16 79144290
39 117 -90463474
28 113 77845906
6 13 -8133641
137 276 -40059559
213 270 -3737947
44 271 -43477811
110 278 96605207
149 297 58001716
64 215 -97519437
198 204 53818011
22 268 -96262906
247 266 -47574012
22 253 70173994
151 290 78985592
123 222 -2027365
185 257 15093732
73 120 -23524997
115 230 90592442
100 145 -85982494
38 202 -86274293
154 230 43131776
53 170 -18310839
154 168 6446300
190 275 66415121
138 239 -5530474
6 90 61721479
17 65 -767344
8 158 -39495487
35 49 45357382
107 184 12175021
104 245 -67826236
124 139 28376744
155 163 -57655273
13 86 42923270
104 210 22758073
18 294 67786766
105 222 66197906
9 178 -92992556
77 114 -57201229
245 254 -99093608
7 183 -27291238
29 225 -98658994
48 55 79262682
165 238 -65898824
183 206 -38621852
169 194 76131613
212 263 -84458540
174 283 -7598633
272 283 -36441186
104 215 57821765
4 17 -71105299
25 159 78965098
74 297 32982904
212 289 -46727558
177 255 -18356764
60 102 40774112
26 187 27276651
134 148 74976390
47 222 -19133795
235 289 49348722
3 112 91442827
12 237 -28767531
44 207 95986839
21 84 70442137
156 212 -78923486
72 127 -44909730
33 98 -4878268
46 147 95305791
94 137 -15441836
55 146 74011682
37 62 69398941
56 208 75166412
247 278 -62959765
62 151 -41436597
179 194 -62062633
130 281 49287545
144 156 -41094730
26 119 93616485
113 145 -22937134
10 295 19531764
5 36 -65017501
98 132 87505323
91 234 76438261
90 186 63091866
194 210 25523370
118 220 -44460181
24 244 -73472439
14 218 62745268
73 90 59066773
90 254 92970368
188 207 -87655005
62 85 -4269556
15 27 -66798411
48 87 -61148399
165 257 -68465751
18 34 -86979899
187 241 62064467
255 275 51111578
185 286 -63238112
137 276 55298634
22 151 77675287
247 296 -4971779
104 142 -87562952
118 256 29523198
23 75 27001538
148 216 68325897
22 47 47817811
160 203 -52873433
97 184 -166661
19 90 -84791319
30 65 -60606055
87 258 -5321592
223 250 -55056964
167 228 -42392148
65 227 -72074939
199 285 -39978135
62 221 -13925269
91 150 76030135
121 249 -21603108
157 236 88370415
173 273 -19605969
97 240 -59518191
4 58 -21370985
22 207 30307350
102 270 90274033
101 111 -30249094
57 294 9634556
196 255 94951916
61 263 37603708
218 291 -59484197
131 229 -19384036
99 273 -81172393
107 112 63926632
132 287 93497485
147 210 81681873
183 250 19238632
140 184 -69700987
27 123 63242621
188 262 -12893255
14 17 19003216
240 300 92600538
183 258 46272025
140 193 -60936668
62 64 5499601
43 169 61849695
56 230 65933273
118 129 16959382
55 258 -3207537
156 223 56623551
10 231 -72102950
174 180 28390997
117 248 17582605
59 157 -33582471
48 253 70862011
11 248 4459969
175 211 -12930361
46 108 76579826
5 66 -75980135
153 289 80901281
271 274 32262045
146 247 -22043669
74 230 47066921
114 294 71248693
96 260 -98532938
46 238 -46417294
216 284 -41368228
40 123 47545191
55 96 -70087341
74 214 36013890
173 248 4256455
243 259 -85102536
190 264 13380365
84 90 -75925313
81 250 70860948
89 201 17714164
92 189 35710081
214 293 -20649654
38 299 52710793
73 270 -29538118
42 124 -56521697
102 215 50914887
60 262 84356922
20 63 -612454
58 294 88284590
29 195 27272462
82 228 -24040965
15 300 22932651
8 42 94335126
251 273 70875813
45 46 -85227212
62 255 -66973022
141 202 -3449204
11 300 -96697350
244 279 -87922826
67 81 94548423
207 296 -15239137
3 101 65383580
84 168 -56968421
144 238 -19889850
9 246 -71404299
152 243 45585424
81 92 -62320405
13 213 -91277507
135 146 -13282122
49 111 -53642913
191 257 5671528
82 124 51221941
4 186 -54838023
86 135 -85136177
147 286 99181701
67 255 87098417
87 300 12478490
103 295 -87371251
114 271 83936926
118 128 85010011
146 257 25151758
18 215 70705439
21 193 -56025977
133 142 20179984
158 256 -47232936
25 35 16346422
114 198 46231520
53 250 77605443
131 300 60758161
180 236 -33300600
156 212 -3246220
100 280 -36068608
212 229 -20843603
164 206 -13713157
17 277 -87115846
174 175 25920153
23 62 -81516153
80 223 -12508601
145 182 82745495
23 281 -48606406
158 293 82501715
12 75 -51900535
32 213 -73521360
100 136 43525713
175 280 -25107445
116 130 -25567236
99 283 -85004327
182 215 -76555824
98 103 40688733
9 177 4114567
249 250 -24426679
178 264 78004014
88 186 76828940
67 96 -91349473
5 94 -35139073
8 47 27263497
76 206 -33817895
76 263 -25961796
104 294 99389607
161 289 -69010234
57 189 -78700814
84 105 -91660714
185 230 59535122
33 83 24247487
7 15 -82399656
158 289 -78377942
155 283 -50405936
118 211 53928396
202 255 10942715
126 191 -64711633
55 241 -12800013
223 268 88744011
155 177 53058582
37 132 26437696
60 105 36936227
37 262 59277401
210 220 30750547
71 101 42857062
107 291 65756454
193 204 -9986264
94 298 -61828146
159 240 -86358766
17 74 -54147187
8 266 -32593984
90 142 41304224
78 155 -51641362
122 145 870023
94 246 -13986347
141 245 88062597
6 198 19165336
140 274 -73001315
38 255 18427248
4 29 68713439
11 35 -10510988
21 238 -97326858
45 212 -59362234
265 286 46312486
223 281 -81453493
2 85 23513955
17 203 -98421658
16 82 -63457999
9 166 63219475
190 282 27462649
51 161 -44892984
88 184 -59928112
71 195 74936255
99 185 -46859603
89 135 36174229
249 258 -43976529
132 244 89102037
142 203 -75782516
61 289 -3317874
200 209 93379561
2 34 54283630
35 213 -27369884
265 273 30906591
165 249 -73020276
183 192 81302368
36 126 18668619
7 289 -51135449
60 109 48491782
71 203 91640580
40 199 -49332879
10 268 19001994
86 151 -12503365
168 233 32490267
81 173 -79357521
3 200 19393283
26 214 67860695
41 71 42824333
78 124 26509098
24 150 75732122
127 213 -25468127
29 71 83883052
63 269 5642390
176 180 41607276
103 250 23233912
69 202 -53504999
86 293 -5965204
108 217 -21133144
149 252 97137091
18 82 93254483
24 229 -50918548
119 255 -97667254
179 284 -94041170
3 198 44541259
54 99 -20225077
273 278 81194475
86 213 86365144
72 233 36230234
136 148 3192158
27 191 -33623816
21 132 73481750
139 215 -41005620
77 204 -60299990
128 144 94725677
10 261 91748311
112 114 -68676191
81 89 -98311293
58 106 -76721034
130 209 34002411
119 224 -68906575
43 48 -34511999
24 284 86146950
114 264 52081198
136 234 -58596798
154 223 -54536539
24 139 -70765001
253 267 -65325785
41 232 -53609476
66 205 40139425
204 282 -16461023
62 273 69228385
16 110 48154612
153 156 67014429
81 290 -35919502
44 157 -32124755
120 188 -37371894
87 195 -4998155
28 291 10592028
96 272 11012454
46 192 71836408
118 210 -1436281
16 192 74646296
125 202 -23909045
144 160 20779039
257 270 -80331566
76 175 94495110
58 69 49453678
216 257 81831957
29 101 -85932454
97 212 7729353
4 23 22333089
213 271 -15513207
28 134 -33108333
51 284 73585371
61 115 -3699646
133 278 63707754
76 211 -47736869
84 268 -13437191
110 197 -58261401
37 282 38701238
171 212 74855571
87 284 99016976
213 288 15306584
81 231 11295368
146 231 -9029486
60 119 -99107032
189 190 20654467
23 86 -99241565
171 250 6212636
178 279 -45495057
40 208 -99932651
39 167 -76825053
125 258 -38313947
83 211 -63364850
28 242 -42051886
183 189 16021756
9 66 64380931
99 228 -94792418
250 296 72796071
9 78 -46592170
74 171 2200742
10 206 -39974444
29 202 88977246
33 163 -74590093
17 200 -4795065
35 245 60127030
25 37 -18046245
42 195 23300978
128 223 17991903
203 233 38994254
37 260 37516675
58 106 -72875476
31 91 1668114
147 270 51673372
84 161 -33914105
113 206 94198833
108 231 35376793
218 233 -45004569
135 177 52602529
124 197 2884597
66 107 50797130
12 225 66499865
184 202 79567128
43 181 3990097
178 264 77215379
81 249 7169449
116 211 -49123299
16 137 88388541
198 275 -76059485
85 208 -69769447
118 224 18621568
220 297 3909203
93 122 -24797472
50 190 73957214
208 223 -77812493
154 281 64722500
212 279 99698128
264 294 -47574090
42 84 -22006840
77 95 -33515621
118 177 91289428
152 188 6448377
27 260 78131287
175 199 32435508
111 151 25291587
63 172 -43782044
69 155 52290681
27 72 28894643
71 217 44964184
94 153 29958719
34 254 84470490
108 138 -45484078
123 214 91329233
134 161 -66661548
1 279 -98645370
79 180 -6949187
187 262 2391787
73 136 16625248
4 280 -53536714
83 118 -91532846
254 296 9974005
35 183 93760615
162 193 -67060178
143 296 32998361
21 193 74074742
58 201 19100454
52 73 91451475
91 295 -27951816
146 288 50621804
49 151 63802549
141 150 94484586
194 242 24377080
68 88 -81232535
16 51 -50987403
195 255 -65745991
170 293 94184461
57 235 92677908
196 249 -20944489
39 49 -82328667
208 209 -79844211
225 253 94721841
46 65 -55642680
131 252 -77483137
3 15 -38949674
18 106 -89031227
150 243 52216900
93 105 -78740262
128 259 -15567424
135 196 -33525959
82 292 -76595127
30 101 -42378404
9 95 -35995603
236 287 71241994
64 94 -84403468
101 141 172299
100 168 -26622626
4 113 83351969
33 62 -3231276
85 144 27663947
238 285 41555073
110 236 80283079
62 145 62458777
18 106 -60313489
226 266 62881530
168 178 74114273
97 158 -81544500
6 131 -30571188
83 248 30023588
14 84 -42903548
80 244 -79915040
90 132 -78598209
149 262 74186802
103 140 58398831
137 246 -99683420
209 296 23988927
149 212 -68684319
95 188 -86283461
40 235 42744054
61 157 -86085671
68 206 -1804055
98 110 90646787
16 181 -29448674
279 290 68072953
10 163 -38417306
52 296 -30942995
36 225 92070617
5 156 -92177135
31 83 -43782653
30 290 133410
85 199 77434289
45 275 28980839
152 291 -55933101
245 291 20333100
58 84 -87204442
78 122 23749735
177 242 96016983
93 97 84387682
2 16 30753828
44 101 -39286811
155 207 -3765019
12 158 -17387790
208 277 25775205
132 266 -36994673
142 199 37223352
133 192 -63105579
53 185 -2177490
94 99 -29581271
10 209 -20125585
145 154 -85790138
189 299 -55261964
153 191 -26978979
147 239 7548900
78 195 -20943374
47 186 42717175
101 108 -50443886
61 210 36226629
145 288 64235044
169 213 54607326
162 191 982754
197 200 49043896
183 213 -47765103
1 253 -82801452
109 163 -31696566
14 295 61575835
209 259 73266558
232 248 -36587884
10 225 2704299
25 106 -33628402
13 212 2737334
214 260 -78624404
126 298 -50479034
258 265 -46799895
95 234 15049651
94 148 -69525442
182 239 66016713
38 210 -85587895
54 293 15600891
48 197 60015963
69 210 76166390
84 111 -13615136
283 299 52377785
92 156 -53010552
134 199 -20044431
154 197 -9168117
194 206 -41293959
22 245 87682580
4 250 41905388
210 293 49769357
76 235 68608023
79 113 -59374645
40 115 66687721
181 287 -6838526
117 278 17290608
78 86 27190080
162 285 -50107596
225 232 -940539
168 290 -12272692
26 65 -76411691
59 85 96452927
120 138 61491695
14 78 89947268
1 61 -14911137
170 174 -87852661
126 237 35494444
207 294 -59810006
44 153 -34098596
1 4 82785604
31 101 7055379
86 231 22464560
5 230 63393989
173 242 -49188041
82 239 59082278
189 192 -48593485
162 189 52953583
24 266 76390866
87 200 68322565
108 231 -58873290
1 177 -91293313
29 158 -93121131
110 278 53855583
125 272 76170318
41 87 59335962
11 74 84403363
127 135 94955764
185 194 -85943912
18 24 90959389
161 210 6850614
165 283 -56635155
131 198 -26939592
208 220 -20157077
40 150 -53647496
130 294 -20916924
87 196 33018660
71 147 -16073510
109 244 92003356
14 51 43568364
192 279 -31528509
141 203 -33380363
33 198 39428884
235 241 73577209
202 259 76363352
16 146 -29394249
260 266 -22475879
116 164 -71759611
11 155 47721976
62 76 18329527
134 281 6000098
294 295 1202820
44 166 -28657412
245 252 57874552
49 110 60380433
19 235 3736611
34 117 -85372257
36 259 54803951
53 66 -46313142
42 262 32507667
25 150 49535501
233 283 -20167426
83 260 -32593256
135 221 -11318172
199 253 -22710245
120 136 93104901
39 133 89324001
82 190 -17187035
20 237 22372774
45 230 -37220817
59 252 -88560015
28 166 -58772222
89 151 81979690
124 256 -76617528
31 218 20146214
152 273 38003467
5 114 -4826191
143 171 -43395984
74 286 46869611
144 154 5033863
142 239 86396053
163 214 -2008786
93 272 60905881
78 253 -85775098
260 264 -74226982
121 278 -14836963
148 225 -87853456
158 248 34096700
139 163 52106333
51 279 66595885
158 212 -93236158
161 264 -43812523
7 292 -55054878
3 134 29469133
202 295 -18322466
72 212 14213462
189 210 -56847576
54 113 -77709447
151 222 -34609424
74 80 89417257
31 271 -99644497
115 283 98688691
173 178 83393635
42 198 -41569593
85 258 50135210
84 269 -99679878
143 253 13640793
109 141 34018595
100 216 -74824079
92 126 23700054
4 9 52055212
31 241 77736022
94 264 9674180
257 259 70563653
192 268 -31495564
26 70 -31110870
96 117 -49422117
67 127 5918685
98 127 -12611709
59 243 39119204
110 296 94665126
13 156 82823576
51 91 -72237081
47 90 23446616
108 273 -81779500
179 234 68471345
50 274 71057041
234 252 96845789
104 122 33994936
64 208 -74594784
153 264 21151624
147 273 -98252471
187 268 -27047210
46 227 53357662
26 244 78606116
119 227 -86822245
61 187 2613496
36 75 54158093
29 171 9126211
66 117 10457329
79 189 79091889
3 33 91927576
248 264 -91693380
102 212 54236267
47 291 74047868
40 256 -15283768
97 225 26138543
73 259 -8044519
109 137 77400163
131 243 66341827
149 152 82267797
87 215 -37703106
99 218 27939257
165 213 -90396064
3 134 -11034572
10 54 32921579
30 85 -37701165
9 219 -73921852
206 252 76977757
25 116 70547513
262 290 -58583590
95 234 -43147337
113 198 -1114762
6 142 77806657
30 241 -23665415
157 278 96496359
124 176 -44303264
127 255 -28234632
170 267 13580
100 157 96577292
48 279 -19584689
183 294 48867413
59 72 84540873
19 68 27808321
65 200 29592370
115 279 60469924
142 209 31081820
15 92 95310444
157 235 -30866149
91 290 -89006816
114 248 75626117
126 234 -83066291
31 68 50507547
43 56 30755596
51 271 48711701
13 95 -47052418
77 216 -34432163
40 285 -20245884
76 203 -84656408
188 220 42460747
20 116 91110281
102 129 88118872
12 87 20047383
24 25 54054156
193 244 24019064
191 221 90618084
180 230 -57749448
106 244 15550031
85 128 -66897596
6 226 -56447779
61 72 -57023808
190 273 -46517729
105 130 85947576
202 216 17846936
216 247 95882792
43 70 -71060477
67 187 1190662
188 229 -42235673
5 46 -89650449
190 275 54836735
13 153 -42633414
137 299 89470819
19 163 40617010
218 280 67188569
71 215 -60848618
3 269 -93548615
101 113 -76665968
20 173 -34877670
100 233 -2247317
50 200 -62820695
126 141 -28630318
122 192 61376524
214 238 -19535240
23 97 -96446174
141 182 -19657243
33 49 77460709
60 298 -38076120
119 220 -90004727
16 97 -69881691
116 161 -84799092
62 85 -85267517
87 150 -62349681
145 194 -8356504
58 207 -49209205
12 16 -86803756
173 235 14986308
124 229 25316876
111 129 -91874358
152 254 54882208
86 97 76725393
56 297 31632485
71 262 -50015412
30 291 -49621644
163 189 94463313
43 78 19510873
114 173 97538568
19 271 27213336
6 204 40455613
45 156 -3314827
227 296 -85150598
36 138 77287905
107 134 -26576220
207 237 57945951
100 113 39743245
24 67 39975035
74 168 -26331317
273 296 -62228898
65 194 7405374
233 258 -51396489
52 229 -71904549
40 44 21050508
84 263 -95312257
84 297 -11223615
47 77 33721036
14 144 95831893
79 205 -82176903
207 248 22891185
185 286 24400856
73 163 73091481
60 96 -16903356
252 290 -29756784
122 281 80849416
124 186 66683013
201 229 21109402
134 275 -53287454
53 275 -54094745
73 153 -30845610
25 76 52453227
57 188 -52158491
187 193 44661424
215 251 65157097
47 257 87027726
118 228 -19385043
14 198 -79289851
200 262 -75932391
59 262 -40581865
51 100 92675249
112 250 19711102
12 253 -56485215
90 225 30756784
62 134 9375725
17 250 -12375859
184 205 89917979
83 236 -36665803
220 290 69734718
43 115 -16356172
26 85 554665
27 143 -26864178
73 158 -49241024
70 200 -90520717
68 188 -92233824
176 273 -57357229
38 138 69034033
7 80 5218858
58 98 88691629
43 245 55691424
158 160 90569486
31 157 -88950496
240 262 -728470
248 270 -5699384
73 269 75162038
142 294 -40079925
114 212 99037965
164 192 95911741
4 265 -57749962
158 237 84866682
150 245 -77763997
28 176 32059638
117 136 819261
150 228 40424977
131 172 95478809
185 264 98235227
71 258 88308614
187 269 39145878
178 227 85629043
60 278 -37529682
65 102 -9367279
69 120 86081472
27 207 -49637368
9 266 -66426638
7 153 47302367
91 155 -87866760
251 282 -78004239
60 151 87981363
36 172 -7976795
85 152 -47148765
95 171 -7520962
99 173 -86147442
9 52 78197077
43 284 -38940175
119 164 -17238697
41 219 -30492866
271 293 -32868773
54 297 61492036
163 191 44571201
68 124 -14121512
50 167 60254598
33 148 -26385307
162 293 -15192550
130 229 38242663
201 244 38216434
144 194 -40563676
163 297 3784744
78 235 38551777
77 83 62554214
242 255 -23502585
93 151 10694240
34 119 -27457853
233 246 -10806408
213 233 -10309507
238 299 -11118409
71 159 -43138015
47 169 -51098145
34 248 81057860
158 266 36665657
118 205 -92454976
43 281 72455094
33 124 -75710151
104 248 -43598109
7 299 -79803018
155 278 -96875945
106 299 17950312
146 180 -86761471
174 219 -30822949
133 268 71734402
158 196 79259119
78 199 -2334749
75 298 9904341
53 137 -153219
157 191 93804181
16 150 -35810989
224 225 85660800
74 295 -74308934
268 297 52595835
46 191 -80595249
189 218 37334097
133 180 52437997
13 112 -30653518
81 110 13668135
41 58 8872681
150 197 88923298
36 38 -51892601
73 104 35865730
213 285 -70961387
18 228 28591132
92 260 -27060295
101 196 33145387
119 269 65518830
80 238 3384919
81 267 48965063
55 297 69245806
126 171 -70901400
