3000 3000
2444 919 32665506
1578 396 -405192
923 1985 18894884
1394 1244 15920180
2739 961 71407074
74 1422 83426176
1037 2839 95238724
1854 2115 86444018
722 2517 78695798
1204 1475 51345929
2978 1267 32638461
1831 2121 81146907
2160 1890 60184858
1423 1277 267528
2835 1413 53580104
230 984 74552519
2126 979 -929656
2148 1123 20091609
448 861 35158609
1795 1943 48627466
611 1709 78840788
1859 1469 -109904
1968 2979 13113432
1693 1622 -363366
1960 2281 44444680
250 1427 67169883
435 2903 19123805
412 1741 36270490
2908 1375 97030219
580 2805 58310783
1442 1969 79157681
1682 468 93793990
1840 1111 35566866
1591 2843 20128017
821 490 93578493
381 1411 87152478
139 458 66041850
2460 2077 51272348
835 720 62780099
1237 1442 46471647
798 1030 69506782
58 11 64018652
1149 2516 52217748
2419 1529 68971833
713 2492 87344244
2154 2213 16331970
651 1231 55145454
1542 2024 12649929
2923 2197 10268680
1379 1172 91747805
1444 432 73693030
1320 232 25821801
2349 312 -165926
1566 1078 -839255
1200 1622 19631255
1542 2935 74438047
230 2188 18594905
106 2812 32652697
1352 195 36907782
2850 1951 45721803
1783 1019 51514900
1968 503 4914397
2268 2630 5638124
476 822 38389465
327 2452 39959016
1056 1125 7579798
347 582 20522347
1388 2286 55980245
2879 1247 59360494
2281 96 49082943
2270 1101 74478464
2344 733 64110597
375 1507 75095656
635 1327 96447019
1836 2610 19050401
1459 1533 27004994
2982 1546 43187595
136 737 77741850
1470 437 -45693
2811 1141 662209
1101 1123 89174568
1486 1448 27999207
1379 2198 84352066
1889 1389 14687122
1027 1839 40331585
373 1235 20574119
1172 1189 71506795
1252 853 21250771
2641 1476 46300389
1702 770 27363893
2561 2011 10733020
1484 2348 -229270
2902 2379 23374259
2048 1877 79998621
1121 1830 3405146
1771 2492 62687326
1691 1572 70491295
2196 748 69278580
69 1703 43589536
1734 693 47158159
1391 2744 92111715
2626 2135 47433868
92 294 -938378
2912 149 9199585
2572 37 37514288
209 1454 19385651
431 1588 -10385
247 1701 60779285
343 84 11904386
1602 1458 43285890
2973 2383 88446095
2643 2549 67671817
1778 966 37590059
1804 2289 40865976
2575 2737 97402228
1101 1525 17029175
637 1698 -126967
168 2852 63960265
2413 2321 37110115
2301 2398 36483227
1967 2487 66427431
1486 100 3811112
2206 918 42342425
1922 1014 4262554
1969 471 8430520
2044 879 43030885
2146 1218 32385327
1973 2335 64848764
427 1361 65821953
1397 151 28385109
51 532 40503123
2917 383 62839876
4 1244 64891561
2039 2626 56263802
2958 2204 78438330
2203 2336 15574846
1092 2058 -742656
1595 2058 42570277
1102 1290 27466160
1655 145 2612538
732 2386 -9787
440 2846 -362225
1625 1254 68364137
1576 394 14708267
1100 716 13226705
847 2685 19495397
1839 2904 77770842
182 2026 41697386
427 528 48279845
2735 2265 -90642
2177 2976 38296046
2499 475 71805610
1938 1455 66014424
2793 2945 98226046
2679 2918 33976539
1148 996 -481221
1736 239 33347344
2469 381 -883901
1688 730 9155869
2532 2157 -454795
350 2953 31721744
706 2949 26250080
1180 2285 45255131
2552 1086 48252810
2372 1093 11627071
344 2905 59854356
925 2573 32673589
27 2343 91811935
2857 476 55231293
2529 1537 43312524
2537 1771 76447144
363 321 41554945
1373 1716 53029697
2034 550 77627628
968 2376 52645920
480 1338 -159656
1649 1351 77614944
774 2006 82340103
2819 330 -46554
2755 1019 228433
2885 2403 35060053
578 978 -139144
2385 971 39662381
1364 2381 -688752
1120 538 75915420
585 499 90729703
2811 994 19246334
2922 2598 60505161
83 315 82893381
1977 679 85442729
49 2614 80855494
1502 648 90603504
1318 2326 -670117
1138 2120 92466714
1458 2401 4392133
263 2785 10248806
608 546 79872529
2678 1212 61469860
551 2178 39666054
1454 1891 11160231
2857 1777 47463769
2626 1933 94867025
1695 305 23382792
2603 396 20456111
2274 1162 -159190
128 2786 97290076
1707 318 97219775
37 2854 44442342
1283 2573 58596872
1544 1547 88148938
1723 1865 88931434
980 8 96780748
499 1906 45685254
386 1159 63554909
1110 986 19955075
2081 1810 20052989
1923 506 6029357
869 360 55908946
884 2265 96354874
2420 140 16191861
2514 1235 8833320
1641 1293 1821704
542 919 40958985
84 2950 55209894
561 2174 -560694
591 1806 85809045
196 362 15020601
1498 2904 15453389
1496 2731 39522337
359 796 96853921
2285 483 23363031
1086 2818 21608442
1798 3 92126886
2600 2605 66004171
922 2259 69712121
1335 2380 12808895
2131 572 37773332
2475 162 7468879
947 1224 30314677
2853 1439 -46194
537 2728 61744366
2543 1115 71872503
446 196 42942260
1505 241 90378228
2373 173 63416883
1861 1289 71437078
2766 1773 25826780
1747 2259 -552472
98 2053 25418137
2068 714 89581911
1681 1725 31030254
1954 2494 72928796
269 135 68858622
589 1183 91138379
520 1059 -108117
943 1592 84489724
2777 867 80095224
2504 1697 68391878
218 2279 98717801
2073 139 23238373
1372 424 21243615
2052 1279 4032933
184 2201 9819216
1385 2829 82964568
766 1456 4233863
850 1992 51633843
657 1001 90481825
2047 920 44980197
1288 2762 47689895
1353 846 74150958
2742 1239 -433108
2658 1115 -610289
1706 694 16828238
1258 736 40804839
326 2435 26483791
890 1622 36773901
1787 2444 47511868
1604 2534 44813833
2226 869 43242046
264 1489 -890502
2956 1877 3921220
1296 2040 52761477
2058 2229 73474593
2172 244 84453335
2836 2359 76914984
2837 1318 24966597
29 2275 68431590
2949 855 37318503
148 2971 8875486
101 2768 68590806
2964 1007 57568317
180 2226 -912682
1020 33 20832639
2669 1118 70212495
406 1058 -790191
161 1469 50832292
1843 1714 15723633
2383 720 -14705
2524 1250 35947971
2866 2672 17018264
434 172 45021833
1587 2190 88653807
845 9 97042844
306 115 528444
64 697 62470936
600 224 73408998
2874 1045 39960275
2807 1415 89624357
2765 1103 17199009
2415 1583 31440106
2211 2368 2510072
1914 1890 91242438
35 2696 49484668
2648 2465 36831915
1799 1081 6434871
2874 2621 26130504
2312 1651 37527566
178 1888 12251551
1278 2687 11463388
928 2601 40286896
2388 551 10559603
1757 2234 7131324
2274 2436 71231117
1851 2284 30050671
1312 1990 78158473
1794 833 26744657
912 407 50525116
972 1912 45489127
1219 1727 18498929
2057 699 46176244
2539 1288 23339877
2266 2644 59863655
679 1714 79040333
825 2914 51601879
2360 767 81929828
262 2000 -455459
1241 303 82550204
611 1453 -616073
746 796 13154964
2032 43 99991627
2907 2862 30871686
630 1604 54463669
2687 2847 86748511
2495 1127 65992630
1125 1551 70155790
915 1567 51226772
1816 2744 91173969
2156 355 61304078
2335 355 74644856
674 2622 33115510
2772 2136 95398864
870 55 6906333
248 1456 1986282
122 993 97765141
2419 1669 6755984
894 363 91578870
2416 1439 77839287
1844 176 64475227
1359 120 42805073
2107 2687 61951906
1560 1481 50659300
2471 1035 -696165
1701 434 91992639
1246 572 63040028
1152 1764 78053393
2643 10 21673744
2496 849 36788937
2735 1232 5571211
2839 618 44631686
322 942 91862460
894 1735 4553810
2173 2660 -57796
1646 49 43726064
2642 1373 22241568
1767 850 23419659
497 849 66570202
52 91 43886663
2595 2136 83821831
1572 1364 63363292
2690 1181 -643500
2474 2935 27958535
2894 1672 83995732
1557 932 -34610
657 2514 24112458
471 2708 91772346
2331 2179 -382794
1881 2562 53812747
1957 1974 84796605
1532 1788 -573669
1401 1795 -712304
1713 381 99731860
111 1675 54202230
1537 1254 58089881
2376 1415 69039464
1004 2895 7952622
230 1712 -414991
1341 1122 90344120
226 662 92944044
2707 999 27433950
2539 2012 91925906
2656 2488 18498228
1404 698 72024472
398 1301 54876302
2622 625 60683003
1204 1120 8010164
1177 858 4350821
148 1298 15452319
798 38 22677995
1710 1082 23566879
343 1342 64780509
1965 1204 79302872
148 2155 54697260
2729 535 10363517
462 702 96601009
18 2300 72735689
2815 1328 49987127
635 957 24774324
1343 730 90323406
51 1402 27467398
1872 2293 38922057
2444 1029 -127653
2098 1498 9510744
1919 1815 91168298
798 178 51637334
109 888 60812479
342 2694 -233544
1215 817 47704797
2506 1663 64543604
2822 1268 38199686
620 2118 74752496
1954 2826 1368472
2020 2349 -148977
1414 195 40920648
635 771 57338254
1721 2896 75657344
795 802 62294770
2334 2787 25202074
1660 563 81666827
2228 2565 98452758
1576 1311 80746363
2621 1798 19398243
2438 152 42315498
1130 527 6781238
1482 2373 30117406
2548 1811 97643382
2882 816 -466814
724 144 49888177
1577 650 37092773
2434 1401 -540669
2312 189 20182432
721 2311 -840440
2311 1656 85985184
1160 1226 39530480
319 1149 39619625
954 156 5357279
1898 1862 57717462
238 477 95774608
608 2066 86965012
622 631 30219958
2066 355 87915869
2979 2210 79905984
786 795 -603655
2446 480 27392972
2536 465 35347972
2944 2577 84535880
1102 1679 68686213
2793 119 60665381
2324 543 81209631
644 1050 73451687
2307 2328 84368717
1800 2828 46413769
1525 1141 -618567
2840 541 44210869
2834 2781 42156354
131 927 -752040
828 2779 92496739
979 2627 54559490
1339 2342 16906270
1513 1992 81417655
320 1561 98823486
1670 1674 25186056
2557 523 62360344
419 248 8728938
2426 223 29456806
2688 2731 75946645
2912 2876 44356558
2664 453 37005524
2209 2333 46534806
1682 2191 47045969
525 2265 35301693
1265 1385 69132944
1454 723 -785470
540 932 57818470
1500 379 41306356
277 362 24875892
977 305 -622907
133 708 66310782
325 2904 -673187
2605 1170 38329674
1921 2240 96596854
318 2661 59082599
2062 1161 34728388
2673 1799 19785516
1902 150 7445278
1494 2425 -295186
1186 1791 92058289
1192 683 72680515
506 412 99799397
2830 655 50874595
2007 2504 48201102
538 2437 98523501
218 643 37344869
989 854 73160732
2861 118 4950902
168 1092 65120278
609 650 90041456
36 664 -318222
2965 1111 -235321
626 1890 76541771
2365 624 39906397
2379 1660 53627323
2815 829 34675930
2576 1630 73418952
1942 1287 24103175
1337 658 -165613
1602 1463 61994897
2816 2304 28773477
2949 2846 12542296
823 362 39754642
1919 989 31766425
1789 704 91622228
1450 365 53232975
180 1700 84544890
2366 1606 40476072
1437 2598 704761
1308 1259 80763022
721 1376 80926513
2717 676 83120513
648 2907 15268687
308 1690 5777127
325 1647 23596558
2815 2102 25490656
2752 2997 78741162
2193 1425 26645055
1737 1047 98217623
1162 2436 96350540
2426 1965 96682183
1420 432 28762666
940 2417 18071647
1639 2006 43984479
1888 1180 80596613
756 1432 98483046
2671 2190 44430653
613 2677 53421473
2 2640 99571754
1138 2039 14365907
1682 1772 -627436
2917 583 -421529
2936 27 82497221
1206 670 18325990
748 1221 39786649
2038 1645 78424653
1161 1275 49843039
55 301 46652628
926 2959 -541934
1033 672 -355164
2805 1898 -988437
2797 13 34542935
2831 1532 36870366
2381 1558 79851727
1509 782 73373736
1937 2300 -606962
2832 1378 47458173
2203 2016 45693734
1761 2353 82345818
555 2324 -104681
281 235 9299699
2787 703 67240093
2320 842 64147592
2483 19 45610359
2816 86 42401065
724 1290 92691102
2339 1041 63517311
2111 387 25607656
2488 2843 69650085
319 1928 -356603
1169 382 67627311
1994 2747 2396012
151 1506 43982654
2731 971 40844973
731 721 12999190
1378 2674 95033878
1294 1963 26201241
145 2130 24696325
1712 2826 27956707
1000 2458 89250562
492 2390 1048325
1720 2301 96002318
2561 2433 -76588
339 2506 84929137
1274 2763 62980744
1585 1820 6673566
2174 1758 31445235
1571 1434 19683680
1935 2026 85244642
1875 1279 89071516
1190 2137 5883220
2282 1810 35981351
2316 2084 67115131
2711 1118 46608421
946 2387 98691271
1278 1122 43386231
2105 823 37692517
1173 409 86577075
713 1906 143919
1911 1170 36442429
1869 36 -460467
252 1280 22278375
68 2055 60238398
2694 2882 7928015
224 948 89961017
645 2603 88534776
2402 1923 62570200
2850 1683 80917297
123 1013 14789958
999 786 1835974
964 2877 -596444
1557 611 60203230
982 1329 35779726
875 2502 34276357
1330 1236 75263431
2708 667 49018705
224 2535 18159162
553 2549 34651737
1627 538 63190466
2065 1140 59932848
2474 654 46855280
2696 537 -632458
695 222 33671604
1124 2516 65633415
52 2344 51413747
2072 400 13681560
2880 2055 55958776
1148 2989 16463832
1245 1956 97811853
106 92 -536386
691 2047 -778782
1690 1798 10823392
37 370 74189373
2998 1627 18114251
2195 2637 72347138
1342 2358 14312288
661 1434 65859532
2891 1775 60029024
846 529 13327225
2527 1935 69225655
2173 1956 -418251
2 2599 61014297
628 131 27124870
2717 1776 83238002
1164 872 92690270
1026 1219 57107589
1278 387 43586693
74 193 29514377
1339 2342 25502846
180 1115 -210423
460 666 11941546
2955 2562 57539663
1297 54 73279911
1232 1647 56520592
1037 918 7356135
2219 67 81319804
2119 97 87076145
1893 695 61768118
18 888 26131948
2599 1364 35263072
2893 205 39641346
691 571 6631265
234 264 35997737
1730 1229 77485849
2 1611 59582376
2964 2035 77874060
2542 2943 55554348
802 1622 -79792
286 2556 1003923
1029 127 711891
1693 2539 26571384
1223 1703 90602500
242 582 50375703
2353 2432 55941911
1856 2078 30534469
2266 2665 -360594
846 739 2029265
1758 2244 -480141
2958 55 -960278
283 1482 98949996
466 1186 55106679
2172 1676 15639486
1712 1581 83522883
2993 1932 2063588
580 906 90129698
2924 2729 90300641
2222 1778 62063520
45 245 17742966
2567 1565 76837230
2549 353 33737568
2767 1181 90890819
1678 2407 42570093
2601 66 -913461
2929 1702 75514102
2604 2558 28464120
1141 2192 49720854
2890 1881 75514160
2405 1663 10070423
2180 573 -78055
2538 1746 93013271
1723 266 81774992
260 2475 60241762
2168 554 72308104
2604 2340 66844050
1412 2869 78068543
2299 1788 -665299
2704 1197 71650727
2107 1286 12926988
2100 1570 43276093
1413 945 2289990
931 2374 77003203
416 431 88699639
1956 2889 95041153
2720 2250 35736575
2169 2653 95247383
2779 2129 19789990
1371 186 -601882
1196 783 65747524
1571 738 68514725
2179 195 25391349
658 2094 68562676
1186 1928 29580056
2337 2070 9489801
2313 662 45301159
2537 3 63883684
2314 2013 11409187
1282 2359 -533846
197 1712 26798715
1303 1370 46065578
2019 566 2459045
159 158 -389491
990 1642 5042950
980 1660 52533995
294 1315 19565714
1592 2980 34956179
404 1868 52107918
898 79 18074289
762 165 94461428
236 735 -301471
664 1574 175921
758 237 29792901
2152 2714 75270202
1731 641 58818336
818 1017 78663070
1267 397 -726257
2887 2604 65075909
2342 2329 64000216
1913 59 10810110
2510 2190 65145842
1032 1865 17341562
2845 1246 49048593
2054 2638 73472333
882 594 93005213
1619 2099 41386565
1991 1610 -626531
2384 112 42869754
365 1056 86003111
847 1336 77286351
1325 332 62435642
1432 307 35583590
39 1232 -145639
2045 274 65076808
142 1428 20134783
310 1734 96176410
1322 578 9664521
188 2424 90670465
2219 1698 3531345
641 2192 81638893
1835 1470 -619215
1301 793 51490262
2715 142 53102640
1545 2851 53550918
700 2436 50937325
31 2591 50089300
2231 2640 1667722
2047 1734 2796601
509 44 93015475
963 2721 93721173
199 392 81075076
1387 281 22006581
574 102 -353505
2817 1951 -850480
2522 1191 46250929
2804 2356 24997562
149 2795 42071952
1120 1345 16767063
361 1011 9600188
243 591 -114387
1469 2369 43405814
1224 2711 69520071
203 2933 1231809
1192 386 98735320
2292 2793 -360127
1658 25 97269164
761 126 82574880
378 2310 91654388
2923 1244 -673944
2598 1248 94173374
2314 604 13509933
2217 2641 48206894
2993 1000 67587678
1299 178 70216879
1167 1953 77923732
2894 2860 -704628
1982 1799 82127988
834 1392 52549241
1184 219 70068644
649 432 17493120
2028 808 62276846
2795 1739 65263616
2908 820 48328787
369 1035 10898830
497 2722 -782302
1197 33 -431430
2203 1043 59358158
2199 1910 93744845
2885 1303 79566195
728 2084 12381346
2807 1192 7892833
2178 1210 2434211
25 2934 37859740
1477 1178 64785880
789 1083 80484304
2099 1670 -410573
469 447 -212691
1476 2525 99606385
432 1292 6621255
2433 1641 79408105
1824 1602 27760801
1052 2412 -874551
1614 2195 51861620
2478 461 505281
2514 887 23642330
2334 799 10367590
2951 1864 56318766
1455 1529 90188376
1293 2278 85769867
2833 1357 24106799
1044 2011 99221199
1582 805 6187582
1942 671 17166434
646 1520 55267567
1013 508 73148557
515 57 -954028
2008 1338 83991258
2013 2535 45856383
2609 699 97111859
2909 125 40150779
33 2000 94291021
269 2202 98295473
2008 2120 97019132
1053 241 18254232
2337 335 94398323
2687 2081 -769433
1244 92 24059918
1626 653 68747988
729 2440 30475054
1970 957 61967316
1170 597 98789694
933 689 73228344
2457 676 21474414
1278 300 29677284
597 2541 46058560
1270 646 85939894
2632 1985 58338490
21 271 -681917
1035 378 14630690
2284 1314 95923595
7 1857 73248951
1989 1783 20044187
364 2078 46688395
2000 2686 58976964
789 2931 60704281
2150 1578 39721328
1489 2256 26339247
161 2651 51999598
1811 2854 35926588
961 593 41309789
2602 95 82791509
2056 2887 85483624
1560 1388 9189409
1710 2845 -980471
2854 1005 82576752
1196 460 62649212
2093 1740 92869597
1484 1941 14755274
1150 1705 78312890
2878 16 58719673
74 2894 49156683
731 824 2221039
2481 899 65292769
1669 997 39530868
2822 2810 98177127
941 496 52900244
1072 2227 97047989
2970 770 50629047
2225 696 -594515
2375 1700 60077005
1819 1481 33068886
2333 271 96030466
2309 2744 63993945
900 1524 29172796
521 717 81654350
2141 1348 57522020
2951 1410 38124399
2458 2440 -488694
346 1567 42372444
2947 2905 3125527
402 2086 93703201
649 400 47293042
167 832 33158127
646 1366 55806766
2452 636 25984024
194 836 37244132
1744 374 97816157
1279 779 32818857
2197 2869 47128892
493 2100 11993089
1868 1362 70221235
197 2072 11392431
1270 2983 66979950
1209 1296 37859767
460 2077 12716157
377 2261 -823164
527 2836 30387809
727 336 92566962
471 1237 72368730
995 1442 44436283
2943 2834 41417457
246 228 -517887
2878 1924 85992513
986 1464 53092588
1895 387 42438180
1231 2581 30546039
2649 952 33671437
2455 1029 88543840
278 1517 38476461
2385 2097 -645956
1511 1571 55042931
1569 1498 92951142
2933 1314 73270883
2445 1426 35847982
1497 844 64412389
2961 2088 85837035
1811 2217 32715645
1131 726 25560135
398 2899 53562192
2254 693 -150302
2769 546 62249801
1434 103 13106002
671 2479 59992217
2009 283 76226301
2783 173 50993079
1195 931 -865617
1267 2722 1122233
913 2105 24399750
828 1922 7418441
1157 852 -711900
1843 2835 33165674
1367 2199 53017598
25 1809 75433053
281 1881 28630371
2422 2466 49448943
1131 2236 99657269
1485 242 95099583
782 1402 90277347
29 1288 22856776
572 2474 46350906
1129 1125 50911388
61 263 67091045
1376 2595 -301731
2323 2368 41818065
2676 1266 85515319
1982 1608 67391576
1926 2420 33381978
847 1846 24226508
2767 81 32110276
808 2477 84804412
528 779 21016033
705 1100 36547711
2521 475 9111383
19 2078 21032687
1141 641 66724209
1944 1634 25491485
2883 1366 63437328
2305 379 94876338
678 1724 63255680
1885 281 -46808
2893 2492 799813
695 1228 43153497
986 502 8776985
2328 271 54783345
2958 2699 94584961
2552 1938 55441472
2178 2725 87000894
552 1885 45795325
2759 821 11256993
249 179 86952966
398 2899 7037698
1437 124 78133819
935 2672 50508483
2277 1888 60008038
277 1566 84471911
2401 162 27850181
1143 2454 66454578
1802 1994 33504954
1823 1984 75277877
2529 617 14107839
2950 2886 30161027
1456 1863 75159626
597 2248 32004253
520 1431 81498174
685 1720 -487286
2513 865 44852918
135 1390 -794088
220 294 59052040
1724 1548 62423299
714 479 28248390
1045 1794 70239635
2341 1084 86005936
2554 602 3888571
1397 2048 92330592
381 1100 37245136
2460 2539 84992694
2512 1490 92797735
946 1838 10419399
98 1644 80599224
353 386 71541287
973 1828 -15591
1113 976 84368419
2346 2658 15151605
379 2889 96557848
1266 1248 12448298
2857 2078 20963012
1661 1654 23486362
163 496 70930024
1374 582 53000747
2906 1048 40909801
2661 1416 33890844
1104 239 32679918
1330 1462 94691703
381 662 80280199
2639 2585 711491
1795 278 47065957
2189 2729 60749407
1906 1504 962007
2542 2567 28814342
1971 2629 19713173
2257 1077 33052795
2736 846 -608893
119 644 -967948
2529 2820 10645189
1427 612 14241908
392 240 24151442
589 2294 50218671
1437 2772 19480953
2821 1060 98011298
1273 2783 28231401
1198 295 30831994
1958 915 -819449
1511 431 79189202
2884 577 85557463
1106 1973 71982448
2948 1410 72452187
736 1531 2872515
672 1840 76488079
2818 1794 -960244
2865 154 -781995
1145 178 64160201
374 2858 21782903
1454 957 5554893
2826 801 67645824
1298 1659 17600512
558 1489 18959484
541 2693 17046024
2930 593 297134
2074 2630 91493320
1383 2627 24061678
1928 548 62497228
1407 472 19986668
2921 2747 24498797
1706 1994 53323831
2718 1801 74899280
265 352 68560500
2416 786 29261137
2102 749 5510195
648 2548 94684875
97 1384 74908635
1391 1163 85022557
1348 2947 56826459
2558 1189 20769862
279 960 58351298
333 806 72799202
563 1942 11735730
63 332 8653473
2658 496 10073474
395 1643 72925824
2628 1861 96328354
603 1066 -16626
2034 2512 24614174
2456 1450 9767838
174 360 7417982
1835 1061 32014728
1553 2400 -344528
1941 2171 36841808
2730 831 71218884
1863 14 74330555
1661 688 5091442
1594 735 90814609
2944 162 97107477
870 2926 38668758
1758 8 74138112
2174 244 18883607
2231 521 17630732
57 2291 20366888
2901 952 88655268
9 1564 24459009
200 2653 3218778
1167 831 74157125
2057 1784 44916052
1188 365 25812873
402 1460 73458899
2049 2176 40880760
2764 329 -1490
1359 553 17932050
2854 1255 32497215
463 1616 5914385
1043 2257 9598559
937 1798 -182945
1788 1543 87483844
496 1821 5526771
2592 33 37805746
1339 542 60945543
243 2002 12451145
2061 457 22656544
1483 554 20922423
285 2424 72331624
211 338 4396950
1613 123 37254989
388 723 86973044
2494 2324 71688962
565 2461 53159523
945 219 15878994
409 2155 44157929
2830 2610 35386223
2033 1421 38818974
64 2569 31432575
893 732 26368772
750 2929 28295987
1174 1017 77621523
923 2477 74764001
1510 1717 91410457
766 1388 49286087
2205 393 43501043
2065 119 -760463
1749 1621 32873951
149 912 98942278
661 1580 19594168
1483 463 40788688
1929 2590 55884576
724 1038 22700862
407 1516 99242190
281 2277 28220915
1850 2063 45266796
1266 2870 41638377
403 1432 19762637
2322 2409 65249834
906 2088 74677282
2768 720 37863917
1376 120 52093029
295 1428 36167375
758 2705 67394389
734 653 76066622
270 348 58682589
2231 956 7888982
313 1675 88757603
2339 1147 52224070
2303 1453 -836180
2907 1666 -563379
577 2428 79023467
1519 2635 84174887
1552 1305 67247864
1890 751 92940077
1206 2845 62668083
428 2590 34385021
2412 2225 50639692
1685 50 1515644
385 838 28394820
839 2947 39348989
1017 213 40693
1571 1074 96211935
842 296 46657861
635 1417 61774242
2159 62 14038546
926 609 31945795
2608 17 9571068
1549 658 1849155
2767 2362 37438747
123 2630 30054762
2084 291 78634318
1856 957 49574378
1345 243 88078147
828 368 25886549
29 124 2417876
786 1682 5994233
2348 472 23362522
905 1705 34247283
652 2662 9589768
2507 1840 69573030
32 1488 97834682
2081 56 2295249
2169 1720 48745008
1820 1857 71746308
791 2325 -545127
1789 797 80969710
1667 1833 65166607
2461 972 49022207
2502 2766 60970583
261 2800 58701475
650 1403 39059422
397 2850 11652301
2120 2891 64327496
2616 2641 -250976
104 2869 -771305
893 1705 62100035
1899 1804 2815800
726 2425 53124160
1130 2591 54256564
2196 338 64534861
1591 2312 24860919
513 1982 38949368
1739 289 54445507
923 397 28218426
549 1354 20585955
1838 1217 68753154
2256 1411 66941297
1826 2307 76469382
1717 951 65126084
735 2442 15933536
2044 1773 30868165
2864 2026 41614667
798 168 45235485
652 2122 16121861
1285 2807 17298519
62 555 49448601
2249 2477 81178081
1845 759 54297780
1323 2882 18518111
2611 2183 74069183
901 1286 54547497
1081 1971 90374893
1311 1244 20247680
1983 2541 75338685
203 1228 58883442
2560 813 85517967
833 1790 55842018
1500 284 46983442
2442 1389 28477004
203 2124 33709143
1280 369 57461549
1696 2158 62686613
651 1819 57725581
2938 1066 39340459
381 1307 70421617
675 826 7884081
1742 2636 45843569
2988 1998 61644116
583 1942 668873
734 136 88426101
1370 1434 -985521
1314 1376 87274707
1279 9 82667712
2616 711 27540011
288 1923 52640692
2203 112 37254710
2205 2531 60261454
163 921 43766069
1263 1225 89739026
1544 2190 94960755
320 1614 88868940
716 2397 57634521
104 35 29987752
1520 1658 -112449
2344 1265 -788075
485 2963 -695146
1498 1153 89506624
1196 1316 68313425
2742 140 85390363
1054 2356 99568938
742 115 10385708
116 2460 37207875
2498 2719 54181177
735 2758 87400521
764 2761 -148134
2695 1834 3914548
2779 2930 92785050
1119 314 47410081
675 1563 78517114
222 2255 4850793
1026 965 77914774
390 1344 23951196
155 2657 20143821
1312 1713 77394403
1695 2192 70728019
2277 1265 62527511
749 2987 96517408
1150 1337 53493237
17 2763 74963459
68 315 38238091
649 225 82037712
1847 2120 15681146
2928 46 -526415
2442 928 -358342
2462 12 47012183
204 132 5131970
2053 1626 93921873
960 502 40078732
2517 2682 47453470
2053 1655 21412325
2448 77 7540968
2341 1135 14093112
2718 1212 33100211
2873 1120 79554274
136 281 16136498
826 2970 54656009
1672 2931 34320276
1704 190 9154242
2182 1620 8327890
1398 399 14860389
539 1741 -786327
1820 1955 32275453
1433 2880 80837695
402 573 94106023
552 540 51551186
2818 1622 96716327
1050 2923 22673490
2246 1718 12854188
1063 1863 91637530
1733 1591 74991722
2977 87 73602872
945 2737 69351758
1383 1493 3801772
2995 590 33529342
2157 2739 63452816
1963 1854 24847440
2217 688 -411108
524 2059 64895083
2646 2159 53641994
1910 1549 34124671
1605 1255 68927704
1145 2190 84026371
1061 882 51728586
567 1151 79861060
2873 2834 7442829
2730 479 9227124
1186 2294 36676226
857 138 12448383
2640 2657 55722448
1398 895 56821856
12 1490 64673883
666 1847 97091568
1232 380 46940332
2677 1124 71169301
1140 350 62360884
866 1462 90855640
314 243 79399574
2593 255 10198851
1578 11 19811489
2514 976 78671762
853 1254 84870567
288 2689 69488514
620 535 89881162
1050 563 51705599
2162 509 31122163
1402 2024 22101824
221 1755 13920990
601 2257 6430362
840 1481 4065249
720 678 83626545
2723 503 38485133
2912 1144 20636472
1896 568 65525888
2297 257 69908389
2295 1804 28209939
1486 1650 13969916
2825 691 81490768
150 267 58253858
2768 344 18184174
1300 918 23839833
2164 659 72629574
2239 507 58433916
567 2949 3251032
209 572 74161789
961 1399 2138862
371 2105 29539924
2611 1873 73186619
990 2019 40172408
247 478 98882666
2739 117 4362417
141 1422 61226798
579 1509 -369358
567 1634 23385466
1222 2431 68264149
1908 475 57519313
1575 1681 98816887
2008 466 13242199
1853 359 6488417
953 87 88956983
1563 799 10355099
2715 589 63842184
40 2813 4359989
628 2212 6525653
390 1247 75232664
2631 1677 81199331
310 585 63244964
2844 2209 -213722
1193 2210 81688913
365 2625 41501492
151 59 54126794
1154 1430 85597194
979 2566 61926693
1876 2633 8999100
2924 2707 13706679
605 731 80098907
1909 612 3058161
1741 29 50796509
221 593 76696615
2206 320 -228455
2894 2124 54214200
104 293 -750259
833 2398 -943359
1964 2181 98761784
1023 1247 67833676
636 2377 86697851
1441 48 29061378
2824 1098 9759699
1728 1379 -560773
2474 2090 51750251
2533 1417 32399499
626 144 58584082
416 1762 28561143
2033 870 36747122
844 2183 88766250
681 2749 92436055
320 2042 -922347
954 2870 62949
526 252 48852916
326 1522 69496651
943 2293 44281155
2685 619 31118345
396 1807 -195729
2736 2920 -464134
2670 2522 67726710
617 59 30018130
1670 2847 16087003
1664 1181 96314178
2396 185 60734827
358 2928 44841472
1571 2286 48532182
517 331 58085089
2 1657 -287408
2381 2824 66259986
2756 2547 86211342
1704 2937 59923509
824 1284 89606542
78 2749 -781167
224 678 -200880
200 2318 69798721
2309 1857 69537581
1552 1110 20461671
1960 223 22878838
1630 748 74589066
490 256 56130562
924 1635 -28263
1291 1990 26969794
546 2274 48923391
262 1849 43866225
1225 1203 81375440
1346 2011 82908198
2939 2600 81491125
18 2700 4974660
1464 72 53221290
1789 2102 81919730
1450 2870 94893815
2133 650 3282644
1897 1761 37070677
219 584 52503282
2150 596 5361370
1688 2689 32196718
1523 38 71340891
845 1951 61446755
2712 2666 93343256
1842 1538 87759223
566 695 97832115
682 2908 29427370
383 2680 31183805
156 1302 48891088
2700 693 55772863
1347 1368 69378955
700 390 22597876
2462 787 35247540
434 718 -137809
2071 201 -587670
2463 844 -755422
1791 1363 2955175
2803 1555 87248840
575 2793 39648536
1351 563 41198398
1688 2508 14958145
1668 1772 74886581
507 1494 43273357
2781 2473 66128598
1752 2536 11062166
168 2354 21856071
1946 10 59396302
1048 112 11467963
704 1310 45704141
397 579 14883140
844 292 4290824
257 534 84705752
1744 125 48504907
163 753 19777297
187 2364 62269376
2703 2165 63076780
2542 1407 64285651
2156 1251 99634675
1612 1369 -30156
59 2059 26608354
1389 803 38931375
1133 2248 33731123
1386 565 65823072
2308 706 -155001
1459 1513 97061522
1377 1490 -747564
59 2455 -197093
59 2497 -501501
305 473 66045767
133 2984 62751094
271 1079 48919536
784 496 64422602
2558 2099 94332666
1972 418 33429784
2823 494 56262963
1250 2551 76365076
2523 31 62792189
2364 2647 8454308
1451 2458 53775854
2258 2645 9548368
1127 2870 45055012
589 1889 402442
130 1796 50373848
2039 1636 5616850
2947 2790 12616656
2136 232 56884883
2468 2348 52496358
1490 2524 87834309
63 1056 70836341
829 1626 55119138
2515 323 92144042
338 371 -101687
2586 909 12009893
1331 2128 1934495
580 1247 73483628
1368 2178 77492533
1324 1187 94304613
2427 2154 26626001
1970 2714 54011431
780 2289 98842224
2070 36 51513814
780 1912 16070443
2619 2298 1495180
2909 648 68373937
2880 2310 31627641
2479 747 69207687
719 2097 -282972
1027 1976 2940439
2361 1515 -547009
995 2881 23553256
599 1822 78089892
1384 575 7766872
2290 2594 62358582
1113 2492 86903406
1499 2968 1163459
721 807 42984890
987 1642 62554502
169 1386 -958894
1282 265 21014832
1305 598 -984674
2339 2757 99422089
1210 2653 65118006
2293 1896 45138105
2174 1926 78045882
602 2354 16278478
621 747 48030242
1675 2061 46508897
1552 1654 -900860
2153 457 58835268
313 1342 20426274
2877 872 43506422
2592 717 1281212
808 1050 63331561
1407 2509 73202893
515 73 68434116
2710 2701 57695800
1134 2877 47443671
958 1000 53543092
1020 2632 26407795
1825 1757 6425675
2020 2650 -551826
2423 119 19052430
848 1525 34876687
346 1773 61730276
113 746 4826918
1305 1986 4783140
696 1144 -306674
1008 2413 49480741
2366 2971 71406253
374 2329 59876023
1900 586 91248216
1148 2285 73938379
1635 766 96191972
2379 1572 -941553
1115 2225 10587666
2685 1917 -691140
87 2588 31236601
2546 1403 23134155
2910 2911 -449251
940 1102 -98871
2850 403 60112351
2027 1254 -897062
1988 1954 96926756
2913 1006 22264503
2893 2325 30595562
1837 1509 78458926
2614 1524 43539564
1491 974 55742455
1520 2952 90306003
2169 1977 97246099
52 923 -333957
2826 999 16973813
523 710 88416438
1775 1472 -116289
2085 1 21214027
1191 503 36756799
2636 502 16471654
150 732 61823016
1498 365 94116396
858 1088 23508691
1430 927 -799941
1918 867 64442809
2338 559 5132592
187 1648 83984867
1423 819 31236875
856 2407 43022882
1086 2966 9867040
2601 2449 87314993
2799 1185 70009367
1900 263 5426889
581 1268 41486913
292 945 10643058
1095 1153 66762525
49 2730 19605998
2808 152 15403482
653 1378 68346516
1591 635 75230392
2664 890 52599839
238 2650 45886379
1852 51 88555415
1542 2823 48829829
1592 1622 29059623
2816 2962 91954742
1408 396 65690844
2021 1677 92381493
2082 1566 89087430
2230 1177 61691814
2713 589 45881430
1739 542 77427668
238 1282 18024927
1991 2669 98669579
137 862 88399147
2417 2960 7867217
1339 2042 93859885
2100 2711 13051227
1550 1303 484216
2567 20 55551387
442 1798 11842550
1468 216 59147188
2128 1888 92580048
1660 619 61971275
2730 2230 89412156
1520 2262 -189198
2672 2417 31444684
936 2107 94402044
955 2354 84060641
1895 963 82682852
749 1107 35404966
2421 886 64415922
1727 2419 26237602
1386 1349 17293992
1905 1836 37041655
2128 1802 96765958
604 2431 99339517
1377 1494 29617733
1769 2757 85312031
1316 961 51498432
2154 1583 28782050
451 1876 38359489
1751 1559 59921415
1638 2234 67798488
842 1252 64554938
304 2505 95629088
347 1904 61037713
9 2612 30640247
2436 1012 67221761
137 364 20054657
2004 1218 46554983
643 1569 53461084
1375 1577 85751106
1478 1277 -559033
1715 531 -751960
20 496 48389785
2803 2930 6973083
2191 1668 48309479
2584 2597 22432418
2718 305 31725852
1458 1710 -193404
1698 2793 28971712
578 2759 95372001
1062 1236 64118165
2873 1895 47622350
2906 588 -761819
81 961 15917261
1574 1921 -247369
2371 156 35436155
229 2253 88250990
87 2867 72445622
446 1176 3973677
102 757 -617866
1939 84 17740515
2353 405 65363542
366 465 82754528
882 2746 85986984
790 1193 52997288
794 1655 20067028
2580 1309 66500212
2672 1907 97574534
2587 717 24542356
1615 2537 305718
1139 522 27951534
632 384 6017055
1285 582 57410505
2755 539 36675188
2897 1210 96598184
1337 633 17057666
2001 525 46489130
2876 2285 6338428
2071 2035 52174775
396 911 30929238
1954 139 46961126
1426 823 14784870
2308 1662 -910659
464 1408 27033104
2494 1919 83315124
214 2722 1398213
1424 260 -917055
1390 1589 81956421
2317 2752 53556450
1440 492 94207282
2909 2452 72091285
1941 1807 38663976
1136 936 30025072
1231 1822 48589580
305 1725 80354875
590 908 82035551
2415 1774 16234467
836 433 84154090
956 1289 6401262
2489 326 20510680
297 441 27402851
1062 1331 68496799
551 2927 68193825
2381 947 22826132
791 283 79112663
1894 2382 43098943
1826 1119 33893561
1195 253 26058807
408 451 84564167
1228 2505 99030908
2676 2353 79610281
2938 1923 9979904
653 2473 -399887
1615 1724 -63333
1253 293 22471496
771 2980 30143341
2741 1381 81946182
2655 1566 65753311
191 2411 4360645
1637 1482 95054635
1657 2959 53979017
101 1345 54820241
1223 1835 21274656
2545 1340 35544754
617 1424 -354444
1601 2556 27674454
72 1693 59814609
551 1314 46748378
1284 1758 67320552
194 1215 55455600
1464 1346 54630150
1870 1236 49799712
251 2138 21271922
1625 242 -976550
1367 416 65319108
2814 2410 81763369
1773 2540 76122586
702 1117 1716015
814 2640 45686065
2976 621 78425143
779 1093 65336500
1336 1633 48872040
749 1459 86485111
1692 91 53113796
1372 1803 3365478
463 1380 39459920
2723 511 88256447
2 2741 67706437
689 304 74373047
2748 2415 -744583
1745 94 62779712
312 1523 65766921
1482 2819 51317369
2951 1851 12991530
1094 895 64870226
1417 2494 94187733
14 2291 73955749
1943 958 51460868
1587 465 21242835
2043 2548 9444738
2414 1786 75758882
1501 370 87819800
1047 1486 46182464
2702 1839 28391955
417 1423 44988815
920 973 79911228
1707 173 60489448
2676 2093 -968611
2927 66 10021047
1633 121 -185744
1775 1654 13255187
2730 1152 44993859
2250 291 29061118
968 2557 46107192
738 1513 96598031
2474 2319 9269305
256 1098 26741993
2836 2448 17579090
1388 1918 9947689
764 2330 69964678
2033 2487 32859324
565 1212 4326272
2303 2365 47664565
1704 1865 90718729
1918 2746 35940279
2660 1808 7324780
1712 2318 -950610
2317 1515 66631339
1151 1867 88352334
1457 2556 48555519
2826 1841 20753830
1531 2146 47557062
667 1866 5459710
1531 408 95250279
1475 2407 61184562
1307 837 81522140
107 672 -414092
1931 2484 44507048
1187 2190 1859727
893 1933 44940133
2254 763 79974507
1265 2400 87128013
2627 1711 81951598
728 2432 96901585
461 404 9731684
1396 1412 85784927
2283 2011 23526424
749 415 -980049
1935 956 53736861
2724 1793 88265521
1274 1864 -691031
2579 1586 28263867
2549 1225 22216709
1882 1805 73597955
1545 1896 62649845
1611 1914 43530030
2206 2341 61766780
2494 2353 14207497
2967 2682 11442110
2124 109 41919823
828 1223 -600357
575 1350 73300141
2101 2301 88590475
943 2221 31000278
404 1526 39903938
1622 722 55109342
426 291 -288477
2180 2760 89694922
920 1668 73579430
1106 383 51189920
2511 2419 82582991
426 2968 40523753
328 1680 14520356
2228 1044 59549251
2956 933 19084419
2298 243 70355161
227 1186 69654822
531 2952 10546046
1544 2425 36977386
507 347 59738644
2114 538 71587847
817 1605 58764323
2108 447 21337505
1606 999 31207923
2253 1504 94523185
2787 2730 -725095
311 2511 -461076
538 2591 41166408
2851 44 49042289
2035 1351 1590966
658 1617 25188046
1576 1427 -333489
1596 1974 -672187
2073 1820 37818724
236 1853 -178862
791 75 24698878
2137 2967 9157593
1116 2169 52736425
1726 1012 58722530
1896 535 52779339
994 349 11864081
2341 1918 51402851
2119 1588 33926956
267 135 33232919
158 1065 10903528
907 2147 -884881
776 2598 72057568
407 2163 32057353
974 1132 85683122
39 1472 4914531
609 755 76554703
2941 539 54094709
1370 2724 24058811
1537 581 85360557
353 897 20175741
1292 1215 39744207
1345 675 93728514
1272 851 27022502
393 2338 85901492
2189 1512 75986289
115 2823 17717084
837 2536 32421313
1648 941 -385936
1544 324 48337434
297 442 73055528
1967 1853 6984777
103 2801 72870320
260 773 92017980
2195 2211 25777378
303 275 94040646
2685 144 87579289
2665 505 68703389
1544 786 71056773
2596 2633 25489741
635 1625 42899310
2224 2962 62868570
2737 207 36678178
327 566 -356553
1369 1156 93284424
1865 343 97757527
2389 2706 -438284
1103 2084 48152066
2278 89 27001003
115 1343 24725955
2949 1187 96341464
645 50 98813399
2563 1080 50410560
1815 2948 85989088
776 2090 40983247
641 1039 63789093
1839 945 91480080
772 2917 393632
703 1055 11278791
1658 2757 -341899
2627 2396 93351928
2955 330 97182157
1154 1442 18211865
2385 1179 82397709
110 2153 89655427
2932 1747 64566838
32 2459 54614180
2469 1345 29988227
57 225 54260282
2022 2440 38735836
538 674 56720054
1111 2703 34624531
1107 506 13815113
97 2785 86612680
2543 2608 34989497
1854 1598 30564617
510 2213 90109425
319 2430 14626340
2168 1419 97252727
51 2844 3267177
1239 723 -90672
885 519 -554022
284 109 66308209
198 666 84880094
856 1810 -865195
878 2477 58378762
2172 2964 54093405
1118 1656 39568899
2153 2308 25890909
2296 2806 37152493
768 618 75446959
772 327 90311627
1249 1040 85506532
1147 1395 73312082
2495 118 45208998
1327 2237 33504678
865 1205 53468259
1448 2045 99160753
1729 2415 64314981
1344 228 63913244
1 413 40983656
1295 2498 66560841
1936 2543 97712834
1358 450 85581981
984 2607 37851250
2463 940 10826420
497 2597 76502863
1314 585 57349974
1894 2947 6933704
2552 1658 -664600
1575 2449 33088310
2531 1240 33964217
2340 1249 1289574
876 355 76738158
1784 2731 43193810
202 1270 17964871
1026 345 78248145
776 1841 42607544
1820 1435 -914547
2327 677 15654233
1599 371 24924286
1191 1115 68396153
420 273 92725974
1329 2588 91921247
204 943 24618484
1039 905 37196722
1912 509 85690639
2473 2739 46347762
744 1685 76520567
2520 915 -218902
879 2176 95951939
2750 1170 -396868
404 37 85840131
227 457 43856025
2313 464 83768477
977 577 44910528
2912 2176 24168291
2856 2851 49186503
1472 2806 -952939
1473 704 54091891
379 308 51353
2014 2041 95502183
282 531 89593997
1343 2087 13783487
2229 683 -23859
2886 2484 15262166
1719 1621 92759122
259 2055 97273548
423 1883 39174592
1551 2538 38576850
2640 982 35427957
2492 990 13911929
809 366 47262415
2466 1356 15247066
116 2332 -442144
2378 349 39856954
1522 594 -36928
854 291 6691462
724 561 93779872
207 2973 -27294
851 2505 60001879
2692 965 52913084
1616 956 63947764
72 364 1148320
572 2026 78009314
2828 324 81663397
2951 2741 2752966
1784 636 81970395
2564 133 52088704
69 2062 75539710
1474 123 16281685
357 2900 -971009
1651 2802 31014992
2952 501 72973045
1040 768 40276965
2711 819 37092106
522 1993 9466262
500 1824 76394688
1354 1539 48281961
2911 419 20724416
65 250 -875136
2538 1934 59469830
664 2388 22812153
1877 1179 54112389
1543 1381 43606608
1753 2065 38314988
1577 92 18724472
2784 2635 66778639
1989 306 81235325
1386 1200 -664008
2693 2961 12181171
2977 2115 -443899
386 1473 10103121
1517 507 71968467
709 1132 33417667
2679 2787 13277257
1727 1210 15646978
337 1706 56360380
1849 309 23288671
2635 915 26820858
604 2390 40651316
134 2293 59132117
1200 629 48433181
2316 1435 44093906
48 1195 -853841
2405 21 55554699
2499 698 64050246
1603 2123 50882172
1827 2731 88780495
1486 2376 44360032
1226 2054 -659278
1328 771 -714003
2359 1324 26831068
1488 1567 85780329
363 127 79142151
1026 1828 36731523
1649 1704 45686411
2876 2722 40380850
1841 111 80776111
1185 2940 95984595
204 893 22459057
42 458 95313932
2906 2453 95087519
2039 2317 97525223
1037 1517 58147598
873 2589 5041061
1727 1600 42827410
1193 2973 88166854
2503 1375 78870580
809 109 11510564
2543 850 23370509
2554 278 90351238
600 1515 63282299
1851 2088 35337990
1939 738 11440729
2584 2726 92149198
552 2745 91775466
407 376 61718536
658 1160 55298211
11 1703 44954339
2640 177 94174964
2772 2588 8582099
525 1300 56111031
580 1856 36541140
576 1323 79881888
2187 1508 42156716
2555 2742 9879107
1907 1153 7045218
719 487 29179634
1876 2800 22525531
933 1030 34650138
1647 1161 -413244
2750 2885 31312407
501 2383 48343114
1715 1740 49118684
2312 2626 15221017
476 2165 99272661
2497 971 32043449
1084 1544 81335257
1640 1731 47325526
482 2439 30933691
2414 1579 -577290
1945 2755 29702552
1125 1245 81229889
2144 2780 80020593
1957 2976 25790775
1801 2387 68524991
2199 1830 66647845
1301 2842 97507906
1077 952 31968059
1469 1914 20018269
2479 2191 39752505
1506 363 2488485
2191 2924 9904470
1644 2534 59454103
1180 424 1606047
1534 2605 42268821
2426 1004 9567190
1047 1481 24699451
2704 345 86927502
89 2482 24952274
2367 377 39917327
1118 2353 61239815
2496 2611 65841741
2541 1744 79183257
2045 657 51472318
2672 3000 23504794
710 540 -259964
2624 833 74804401
317 2662 73441558
2213 2573 32506382
1586 2838 58671424
2626 476 -404259
2927 166 67803479
607 864 52272311
2692 287 20753375
1524 9 21316096
2258 2499 52555959
2979 416 68314092
2170 2249 8387543
1245 2960 3699351
630 2299 86298918
612 2895 79679174
1255 1675 65805581
2303 2593 12385732
2429 1600 31201227
1743 300 16123106
2257 756 30122141
247 1364 -56612
1405 697 9276164
807 2855 51916815
1489 830 263333
2871 1177 55640375
1318 2006 80328341
1298 2864 32003147
686 2552 91005117
1223 1432 60467847
2153 503 93733129
296 440 -102328
920 1378 -433994
2247 2657 83924838
1621 2348 91856351
2067 733 78420250
2577 1340 73185150
2046 2172 60044714
2275 1005 87377344
568 264 3556355
2454 2830 49053659
228 2826 20255092
819 2778 67672615
2378 26 65223674
658 536 69985287
26 1033 29765536
2548 2467 7926224
1390 1281 72146397
2563 243 38991002
544 2891 83693827
1175 1992 808017
2159 2343 17787960
57 1525 96870179
781 1334 28004281
443 729 49740670
1259 2170 16500296
573 519 21446710
642 380 67020937
153 1279 71445222
938 1412 19953749
1151 2194 39655354
1206 1115 -219568
785 656 29351872
2845 1459 36608852
1750 700 -713107
2714 1965 61939236
98 806 91138447
1340 529 5628725
1747 1654 92364410
565 697 69549872
1060 1279 8243066
2614 2149 92811253
2885 1665 98083614
1680 223 1142122
1320 845 39635478
92 2903 27693011
1573 2580 26619172
1675 2583 59193370
1870 2079 29111691
1677 2447 -468429
2931 230 37200367
1853 1665 9056610
1373 1380 21138217
1290 2397 95944747
254 1161 49254286
1582 2205 90670268
806 2454 47666726
2979 2713 52667014
1758 1444 89802585
2296 747 6955563
2120 1236 5356592
951 1203 42449883
1941 2183 46917236
128 2619 97013024
2284 814 -70095
2006 1387 53368123
760 178 93291123
2961 405 -570951
506 876 31466364
1529 1209 20254323
2994 2957 64614763
905 2617 86588937
1233 870 42348170
720 2870 96553394
2208 1016 33480683
2072 2376 27321773
2049 2540 55245688
1122 2968 66103499
645 2507 80384835
15 2056 70413734
2540 1150 -692391
352 2088 69967350
431 1598 44053853
126 362 79360359
383 92 72113995
1129 2103 50282820
2550 385 80536539
868 1071 92560131
1125 671 60056564
414 2652 17378658
459 717 90381259
2226 1558 10043150
787 2189 23454809
511 1262 59592770
486 2008 90732168
2079 30 91244868
1204 703 76283107
2283 2039 63264910
2990 1156 -370267
1428 1001 75530654
1686 558 52253634
2187 382 38850084
2188 503 83149813
56 2974 12412811
313 1872 4731883
582 210 8886469
895 195 3563108
20 1525 -874037
1311 2791 2412739
2677 1469 88160236
984 198 14075354
2880 685 11886807
765 2402 81474176
2071 1278 46781236
279 650 16852978
1931 2488 75269965
85 1264 74762649
1141 2285 -351349
2355 1846 13813345
1710 317 28814338
375 1947 47128652
2798 546 81877690
2604 394 56891318
1160 2797 81169029
1891 666 -67953
2411 437 43781051
211 1118 2849044
2194 198 -227090
672 2477 29468163
1964 2071 6101275
792 1442 38292843
1395 2713 95734309
534 2676 2096212
2864 1782 80590706
466 1302 35663736
1260 2518 57248565
510 287 -301307
1000 1467 74474071
810 2746 36553796
356 1206 71448258
1776 926 67221550
955 2966 34121257
32 1078 -186358
84 2079 64096718
995 713 10719055
2666 448 77340012
115 2298 11744345
252 2 18730853
2592 2177 61269183
1556 2583 46730786
2211 2310 18715375
1467 1728 38654222
2558 300 24495913
90 2637 57100132
633 1411 42001271
1386 1696 59101292
1302 659 34792597
2540 2665 -997258
1757 2271 622420
1344 1649 71870268
2935 2847 58830911
2145 1506 95162435
2782 755 79143071
390 1373 95948857
66 2758 28956053
2545 2298 48992307
949 2656 80996925
2947 2083 -923212
1279 2842 22317750
2205 1288 15305110
2233 76 43356448
2216 2907 95937187
1973 489 93400042
557 1348 45675678
2787 2817 47405305
349 1596 40476914
2813 2981 80952544
1880 2590 85172867
2819 1006 91528502
401 1704 63330729
1558 93 72200187
687 2526 66066167
584 259 41853102
61 1750 39279951
1361 2424 922014
2242 556 77402893
986 1719 32865047
1552 2223 79659890
1277 824 9941003
400 264 28789830
2146 1028 13350678
2659 553 39300360
2587 636 31886599
2257 522 18142125
1672 2073 42642058
37 2829 -289765
2946 884 43081133
255 2074 35343483
2315 2022 46381235
2823 2571 89744800
1436 960 81940417
1335 961 39157627
1452 2955 15704810
1520 2332 99859288
174 296 17569747
1099 2725 67118132
379 1800 18374728
1353 2174 28597516
1642 1069 90704334
1843 431 88223973
607 1470 12818330
2922 2162 51083298
2568 2165 63387334
1327 1920 58146533
2856 2099 97427622
1770 1161 35010657
823 1065 46274133
1254 1198 64658229
15 1664 97591147
2266 449 38636644
1584 2961 64215779
2056 1811 -386594
2012 414 44946991
1 892 63376808
659 438 73536354
294 2070 311700
1758 1067 81775829
1632 2737 49439311
927 2238 38738120
2120 190 46147042
2230 2113 56034785
414 2616 94918460
2988 1683 61982789
1021 1397 13128
179 2110 79942574
532 1736 58459300
611 2803 88700489
62 114 1136231
94 812 96154440
1538 1499 21963483
1852 2824 95089151
354 2805 94068801
2014 2489 53053531
2111 1792 71668162
902 801 95861882
642 1598 48329799
1948 1959 55563472
1068 175 87087950
186 1030 65006604
1581 1973 6272006
2504 725 12008068
1288 192 23842482
999 1998 54157017
1340 2458 76655697
2073 2475 53132021
2284 2140 71623510
1334 1451 57852427
663 1933 29434796
1224 281 86256309
2271 945 94380399
1335 1644 -965013
1213 1279 49589161
2428 1327 7848966
2890 312 22083123
81 89 56858898
39 838 58698613
998 1109 59267092
197 1449 48016653
461 315 41095887
172 2187 57130480
1781 27 59215859
2871 1837 31930855
1754 96 30315548
1117 2767 36745031
2434 1537 64280519
168 2666 97909115
320 1689 44994794
2265 776 50547201
477 1864 -541441
2969 770 96726928
2881 310 -459033
1273 2448 72132692
21 654 91711538
1338 2395 -437034
2787 544 706786
2309 1438 51189282
2651 1540 60424792
2058 2407 75641996
22 533 74180226
820 2777 14829046
2918 1139 29666794
1810 1317 71540892
1691 1630 40059295
2518 1315 97272065
111 2441 65579576
2130 965 31379430
1554 2708 1154456
2845 1379 -596635
1853 1880 5776603
1977 1494 47945284
2986 286 69229633
2326 1705 20768725
905 1486 60093416
2439 2810 64123331
2203 315 63764317
2316 37 77677935
1890 2581 12489034
1549 1496 60610401
63 1909 75333011
1117 1559 9166961
1705 1692 -453856
1091 1936 37163409
595 2531 61722058
209 1791 -889150
1046 739 38960910
176 2522 28151876
530 2229 53054523
2881 1629 24349636
1856 2834 68991862
1533 2823 25816710
2602 2163 86200021
1853 1017 29229740
2600 1865 80203755
2001 2205 97144142
1675 373 66743286
2060 2315 71359489
2453 1672 24542963
1717 1845 43177028
886 2459 31870571
2046 819 26259542
2352 823 43010212
1921 1071 86515603
2955 1829 74890958
941 866 31328112
704 1078 74808018
1148 412 57113931
481 1707 47341133
631 702 40909597
2838 1741 70322763
2518 1458 68687712
129 389 65763175
2988 673 25083392
2706 708 92469583
1184 819 79743041
2010 883 27614917
1045 2745 63685706
387 644 10881012
2058 1181 96896619
1909 766 -473970
825 632 11222843
922 67 92943619
147 1714 41760552
841 1676 -213516
2705 2733 61893420
2502 2130 5958648
772 2089 75714970
959 2063 58435198
2573 367 62594950
2608 1818 55985375
573 1834 87747104
39 1013 53194514
2332 2928 88034000
2759 2282 38506151
1221 148 58052550
512 992 40170147
1303 991 86727833
2364 1329 48161772
2668 1305 19255912
1523 2775 55909166
813 924 19057037
454 2153 73115870
2299 680 30900850
2431 249 74282408
2935 207 98754997
974 2217 63111121
386 297 9695849
1237 1152 90529665
2517 2536 42650152
2844 2560 9396639
2448 788 -49814
1220 2675 98716562
566 855 54290645
2055 2256 5906999
694 1042 -253713
1917 1330 41763552
930 2860 85625274
640 920 85659721
2051 913 6465032
1376 1213 4808189
2426 1488 51096129
1102 2160 -477540
1824 2002 56266164
1532 2380 98494373
518 2585 81127258
194 48 15468960
549 2885 89962987
1185 1399 -941180
1245 1112 67112542
1003 2009 -801094
2665 2099 96208289
16 894 89794761
416 1478 37157611
2362 697 -966250
2908 1850 50144680
121 585 -320849
311 2081 55119140
39 2937 9736575
1512 1012 32343426
76 241 76034564
1081 2795 36631182
1137 1593 7997983
1010 2199 32894635
1927 1372 36679333
382 2026 19572128
1768 2314 45381926
989 973 51942394
2077 1915 15891257
2559 2600 10808098
2118 1882 -323535
1102 2365 72800084
860 463 95826787
516 524 52574968
2624 2827 18680677
2344 406 -366884
2468 2582 9511746
332 1398 48864172
2753 1891 72900481
393 98 12539219
902 2074 84751726
656 1590 -554283
1687 220 30397080
1017 400 39564912
1058 370 19427222
1791 347 35720018
738 1581 48985464
2354 1688 60280033
2287 2749 72431280
842 383 81597401
2043 597 -685684
1025 394 55900875
486 2045 28937733
200 2201 92857845
794 1822 2993469
1536 486 15827531
2655 1889 -34861
2474 26 73716621
1862 527 39755787
1135 1692 84332124
2385 2977 94700676
2008 1096 -437780
632 2560 83959280
1334 1405 99032809
2724 2877 30637944
457 2500 60201335
2247 825 34183828
2779 79 78667277
1793 1749 -660919
1910 638 96796682
172 2426 65468859
1945 1003 146343
1584 2769 11459729
2950 2119 30798640
446 1547 19777507
1782 2250 86723487
2224 57 51689901
1650 533 55875125
2062 940 54751636
811 2090 64139067
1322 6 41538952
1505 1610 33128320
2548 1246 81078712
1591 2181 23773104
205 2718 34343504
180 2252 61421836
2151 2663 3693330
2986 1161 30865637
2986 2914 27673847
731 413 53807202
647 2288 65941653
2838 2792 -406319
256 1891 35030011
885 764 35137019
1550 1362 6812843
1073 2825 67580881
840 1647 38876473
2786 2376 66584754
2505 2835 12399197
339 1467 59106856
1426 416 74791189
2108 2483 12158481
755 1117 86808628
2205 1288 -147027
485 1292 78423957
48 2188 86150238
1146 1159 75940302
2815 1367 -507241
906 13 57610987
2025 2947 33168778
62 40 24636458
2928 792 -118859
656 50 14706243
2077 2168 120167
2344 466 94257161
2704 195 72193042
2304 866 58590709
1988 2107 -749042
2160 420 32836854
985 1872 88882042
2009 711 99871025
1167 2516 25247984
933 2590 17829169
2064 2991 -853617
1052 568 62094211
1310 891 66427947
1135 1576 -678787
88 177 33816135
1864 1901 60284984
2384 448 31050867
2416 898 65405424
2135 2804 47732329
2462 2550 33774923
1693 2156 73681452
566 292 12060672
685 1905 88028546
2014 1691 29903375
247 2429 76938328
2289 2430 18558613
1563 2145 85955239
2335 1188 72363507
803 597 -801697
114 2088 50962705
1665 90 47532390
562 74 24404931
1204 242 82610897
840 1730 27370456
1766 2246 62517926
670 371 3281646
2760 1934 -124685
1269 2213 76021
1499 1675 -247630
148 1352 65973105
1359 127 22275148
2614 207 79946388
2727 2923 11055467
180 162 6315879
2330 1887 48361266
1629 2898 69344994
1483 1565 53079057
1149 55 49746637
1545 973 81243121
1570 2820 25850829
2894 96 63901101
159 921 36797650
1731 1521 79535521
1444 327 61290385
1793 1606 64032207
2459 2582 59585212
73 698 37857498
1156 2025 20988551
1180 326 85108866
1409 1200 83598150
1690 1114 31907685
410 1604 68612640
446 1824 97875407
928 350 66193660
1799 2512 79028215
1581 1567 15935243
15 2436 75022123
1201 1256 21305697
2504 1244 65698629
2853 274 43839175
369 1466 18388840
203 1293 37303087
1036 2727 -857003
900 1908 54474247
2785 2626 3420724
951 143 84368728
851 2263 81891710
2959 2671 28850371
1474 1157 84786148
309 2501 -242310
494 1357 58417485
1609 1986 -552974
1066 1073 57003103
2540 1495 83919412
37 257 61501527
2359 2077 99238599
1153 1807 55598553
2132 1014 89279533
1015 2052 89258865
652 897 15550993
1808 32 39436307
1439 2480 22054081
357 2028 15141099
990 1364 17271724
767 1498 14432348
74 2518 60961645
2070 267 56242166
1517 1303 51391609
181 343 4113441
824 1136 30763129
2075 1879 80978741
2978 218 83260167
2859 2965 -813039
2087 1327 1253119
1460 2746 24991165
2077 1574 17532163
736 166 11966446
775 2745 96152390
1600 1162 89278946
1941 2849 84964807
2125 353 20369789
2937 311 42557573
1664 1033 -470957
2179 1149 40890732
1729 2509 16277225
1285 2562 77366579
2011 2206 65765608
1558 312 55452573
2197 2700 90180178
1706 601 16990089
106 2681 62990116
343 204 26006065
481 1141 -39057
784 819 44859018
276 1682 54851023
1110 48 94532217
28 1352 86236150
657 2786 64994171
1794 1793 99892596
1522 363 24817491
1455 1677 63116819
2962 2253 85017674
2995 2638 -190789
1555 87 -4841
2729 124 42521130
2118 1500 84453588
2072 9 3250312
1042 147 5005167
2131 821 16299858
251 1639 43841217
2081 2194 40425744
183 439 46627410
2532 2144 92169295
1809 1110 94117762
333 489 92089335
1273 1923 10754383
453 1910 35154838
49 2849 55678897
61 2015 62059316
1953 2711 79240341
1253 2277 -732133
2027 1984 36119928
1456 2610 71522724
2607 771 55209649
613 2999 48889274
966 2515 79243637
2799 1723 35167045
682 1191 3465883
797 906 77000122
451 1554 45485171
1393 267 89901731
2706 2036 24152561
596 2984 38303285
361 637 72696532
751 2713 82252219
2264 320 79401551
2187 1615 86752030
2113 989 93035094
1337 1204 -838093
188 196 27393077
1545 1281 8045676
2274 1912 59980958
2566 2534 68652537
2757 1857 65461312
2927 1012 85596219
2093 2624 9476597
1406 2182 84582648
1380 2493 64566559
1676 250 -681724
658 2459 80618805
522 1275 27636009
2000 762 42603636
865 274 14883484
864 587 69369370
578 1479 87571888
730 575 34536851
742 2828 89255653
1024 2454 51812682
182 1129 72639090
2050 1235 36173143
626 808 -384252
1353 1286 15339200
1124 1361 94765121
791 688 42932460
1942 2846 8095577
2300 2586 89750514
311 1959 89763555
505 1861 51244042
2673 1942 9421837
2200 650 41244618
789 2283 -574204
801 2266 81050432
2820 856 58798878
2614 2694 89208512
238 2806 54922860
1439 1471 29815539
2646 1668 79147266
1806 734 44881849
2812 1686 49960620
1338 2420 74882597
2808 2507 51954353
1295 1722 81134906
140 1420 96267068
931 329 4332361
2385 531 54861519
1153 2450 9425238
377 2817 73616708
2594 1102 80167594
1683 893 56202927
341 2598 16484824
344 2451 4570231
190 283 -67426
339 674 14577577
203 2510 -258319
1060 43 23480791
2423 2632 45714513
2099 1392 96848044
154 1539 31239293
2163 1858 48385334
1918 1382 54946694
1315 449 52446701
499 1083 3374679
901 2975 -674214
2579 283 68068416
