3000 3000
1187 615 -49786985
2019 1650 67677452
182 396 68524705
2077 58 -80019242
758 769 -37900903
516 824 -57450658
1445 561 85333385
1282 1021 7483069
1914 957 35737764
2103 2425 19581676
1719 117 -67538306
300 1639 -11807426
1453 2003 -28522633
1307 1535 31725106
1693 1527 -35131686
1588 2858 32254834
223 27 -66029854
185 473 76386257
142 431 74133120
2881 2277 -66998518
609 2469 51107381
2912 1406 12187242
1131 365 34504283
2485 1423 60084725
2523 1953 -62213478
265 1408 20649600
619 1249 95478222
2997 2322 17617376
1684 175 342623
619 2910 -49217475
327 2987 -85929164
315 565 -48918203
1261 751 91853960
2071 1008 87649596
1319 1971 -34513812
1055 272 63737484
2837 337 57499843
1988 2918 -32630075
1530 2522 -64463013
1200 635 -91095836
2885 2053 50212321
587 2056 87489052
1081 2798 58546377
1615 2982 -20554167
765 2684 26007034
836 1398 -75434495
2227 2088 92364875
427 2889 -49180728
2332 732 -18714102
1694 120 -45430537
1961 2225 -35207357
485 460 -27659225
1746 583 66157360
2066 1495 5933299
2770 1639 50962287
2389 296 26607684
833 843 -24732557
1423 1849 -53597319
2639 2468 79152623
714 155 76611452
2486 762 -32389496
1414 815 -56701546
176 654 -19905350
2381 2046 -68871845
140 722 46587774
1231 2418 -35444400
676 247 42294175
53 2258 20968642
2297 2109 -98166181
2657 360 51015772
2307 750 -80799918
2931 237 -73328245
5 1090 66037599
148 851 104638
6 2067 -49536552
278 2185 99198472
41 2841 4768069
521 2929 91064202
789 2517 -89825818
439 1157 -26194688
828 266 66708131
1784 2732 69430851
1056 1870 -12251069
2693 2536 93205001
960 517 -17290107
1352 1739 58513418
2453 1469 -67032137
1041 2884 99996401
858 1146 34418927
1698 1173 -61770930
655 1826 -53683446
1515 2856 -4041958
388 1809 79544714
1901 2236 85718914
2940 766 61492995
610 404 32163987
2734 1866 -22533066
194 191 25933348
1204 1407 40114704
2151 1800 -58246767
192 2837 -81881503
257 502 63650050
41 1486 45309205
2665 1908 -72905866
2256 1602 48770702
2025 1273 62135796
8 2467 99627890
2081 72 99040679
2593 194 25622776
1490 2120 -80812996
1892 975 -86365422
118 844 54154727
1609 243 -48334426
1638 468 89730879
2362 376 81111775
1401 1080 75017921
825 535 16928039
234 2779 -46718961
2637 1608 -52166829
938 1116 68256134
160 1676 79482272
1521 1878 4921728
2739 2685 63817069
2600 1929 -10601009
2070 1340 -9052425
1393 1733 6914941
1580 2881 -21055471
892 1669 -85991085
717 1421 66028959
1922 281 -26248991
833 362 16717231
2325 362 -19926185
2851 2273 48703607
541 1168 73592047
2818 642 -46490741
2556 1294 14957036
1528 2247 -55200149
1218 2700 -27521810
990 1736 45337042
64 2803 -51769596
653 2167 -77898035
2496 2267 -59452480
1022 2460 93958997
1690 2343 -77261765
1106 1625 20515548
87 1959 -31777585
2121 1774 99861990
425 1908 -78091756
2262 165 -81528038
1105 1151 9765268
1704 870 3353346
894 1521 -98582954
1241 2275 63374392
2155 1995 70218626
2227 2980 -88172744
353 1782 1577970
1789 2435 7302429
1088 1114 -20672965
1001 2008 59317674
2985 2530 4692718
1911 2781 5483950
1086 1390 -52753649
1762 1418 -75379331
1719 2383 -80312478
2210 1361 98646425
125 1454 20206133
735 346 -19707698
1450 1908 82304064
132 39 -71955982
1702 930 -43506707
2184 2169 2716578
1059 1393 95926087
2645 848 -58961524
1977 347 -19323768
2372 989 -38405451
2849 1951 -1661889
1694 2354 -26921902
1509 631 36131375
1644 2680 -71721764
837 2764 67358690
103 1559 54131007
771 47 -86541828
655 2008 -48456487
1927 2577 -31450645
2487 2525 -52612481
154 1643 43735113
230 2015 -91885707
166 2822 1135662
127 2478 -64488586
91 1316 -10145883
1465 1643 -35867527
66 2892 -43147685
1574 800 -76416840
1237 2656 -49878655
2575 606 83644702
2989 785 -89256528
2237 1085 72848840
1001 2840 -9488446
1041 199 -64326187
2844 1935 11714540
1803 2700 78949491
2711 2453 -86355408
2750 1581 7167151
2106 2124 94692315
929 1093 -10115056
1302 1262 49793648
2062 2802 17989108
2325 2658 24055302
1183 1832 94272314
2511 2314 30643708
2235 349 37690612
813 2328 -603215
444 53 6473620
505 2747 92325387
651 2326 58140577
1499 949 81225788
2544 1172 -13325012
1501 88 85131030
694 805 76780196
2767 1371 39668407
2149 1093 43043528
2338 145 -40689581
1101 2138 1988324
400 1553 17866996
120 2392 -4927722
1129 2638 28324420
992 2558 -49933410
1239 1871 16738580
1636 189 58950561
1450 1279 52303882
182 1735 42105909
3 2525 -1682486
1695 852 23605391
452 1180 71114500
1624 1430 47831310
357 1339 56554135
2825 2374 -28972712
2191 2797 98814280
1573 2060 -41720983
2796 937 -33167853
1771 1833 93756439
2548 2890 7061335
2590 2623 -92142912
1785 608 10844635
2861 2919 27205612
1867 883 -81449223
2522 769 -29988497
2980 2550 19632669
1854 2574 27433539
403 152 -502924
2050 328 18647892
1268 956 -40475059
2079 2832 35675344
1125 666 -68328892
245 2630 82052418
65 2 92978429
95 2971 -52191432
2393 2351 -96074703
1861 2617 -17919404
1781 2841 -91362023
551 145 -8940802
2430 1473 -33580797
1751 1147 93038660
2205 2103 -74355191
2470 1393 34406654
596 1254 34803215
189 2307 -16250040
196 1022 -99483383
2805 2203 34329518
1644 2328 -91374986
623 2233 -46919831
1392 1765 8613870
1324 1487 70172329
2614 2261 82261491
1796 2365 80153253
1833 1539 88113616
1330 2092 -88562315
1665 2399 83857966
2269 1943 77229968
672 2786 93982716
1208 1837 69999889
1478 1149 -25079583
882 759 -68583995
1805 617 37155143
2157 1655 -63420046
2205 663 -74322822
138 1133 26733062
615 2912 -23600284
290 267 -21029602
1156 29 -47870097
1261 1913 -46787634
1430 751 -9809101
1942 713 13801566
2166 1655 -97148790
1356 2163 -43573887
1148 654 -14204532
2130 1009 -85868106
2177 1405 -76816239
2511 2748 -11824205
2071 421 -32723915
1829 172 30565611
2894 871 -76540594
1597 834 -32149203
783 996 -71724297
544 1192 59286703
860 301 -24645752
2207 238 10762892
549 1699 27550046
2899 2646 88677433
2148 287 -42298873
1293 985 -37123052
2192 2 15001597
2757 1119 4579148
1845 1222 14021399
1854 2850 -11230701
2322 1274 -62544220
2735 1386 66658098
1880 1008 -52051469
1530 416 -59171976
112 2369 -81621862
648 318 -89274680
2644 2974 -60192783
2834 1445 70785666
2644 1457 -31904110
1913 2573 -48319745
2978 1761 -10920875
2238 960 52486388
1846 2136 17591144
585 1398 -47208431
1906 671 11947500
101 2992 37556136
686 2744 49829978
1865 689 -75821114
2027 1202 89545761
2608 991 13892502
1802 911 -24699057
2289 1917 -77112090
2845 961 -32016468
2502 516 47643786
1357 183 -17834469
1392 316 72851070
2274 723 65914273
2744 287 -91544307
2301 2951 44056622
1143 1405 -73887608
1664 2 -69809784
2269 2936 65582682
867 2175 59771900
1893 1561 -56476775
1287 781 -25091663
1542 1415 -6961694
2918 839 4255351
547 2390 98590355
2472 1596 44798484
931 2629 34756113
302 174 84246687
2200 1997 52834636
866 279 24724378
1459 1160 -94503309
1349 1478 -14215843
1253 1022 -26435792
2830 1838 92824115
2767 2545 82112440
1320 2239 -40599720
1577 2186 63699991
1796 2505 31757584
2662 1640 46748296
2610 1431 -27021845
2638 2199 6559184
1803 1312 -58975724
1313 1094 60172457
1641 2839 58783582
2017 302 -3764798
1724 2252 39107614
1671 969 -86187318
949 1703 -10902276
2164 944 -77142519
694 2259 312729
1513 2555 -55740935
703 1791 -11380469
1663 612 -99228845
1058 1446 -77926989
639 2667 76523112
295 472 19667186
1033 953 -45458072
2136 846 65915094
464 2200 -23127339
2732 1224 -22158565
1267 2761 61198292
2774 185 75888147
500 1748 -37092590
807 65 61576022
589 1643 56686946
2807 769 61483244
717 2830 34626427
511 337 -88908721
1254 2518 89088506
1297 1876 -93032595
2056 2958 -17356528
2133 1034 -78583093
2950 2516 92512157
1101 1580 -59959104
976 1148 1398606
993 1011 -42620953
1174 2932 -63432689
938 408 -89397735
1579 152 -32299446
730 1548 -90232979
2390 2982 -60076722
1921 2151 -6994882
1713 2986 16165222
608 2548 -8462044
253 2154 59480847
1849 107 -51872520
331 1362 -88926975
2077 2045 11431402
2860 2009 16125029
1331 1123 60277558
1465 800 -52122529
94 1902 -78476219
2106 1537 11809290
2575 2431 36532077
2074 1836 11834098
2838 2279 23961563
664 2219 79513793
732 1055 54367366
2798 703 66045567
130 2792 46112185
694 2391 10693319
74 1203 93612196
2695 2431 57009106
2325 345 -45519121
1083 2942 -49203806
2027 1691 -8266575
115 309 98655929
157 603 60731842
2727 2998 23743839
1260 1672 -99710127
2370 1330 -74508145
2354 1004 12373120
1067 1945 11142875
1840 176 -68929793
2389 2052 95261688
1757 2725 5500077
2511 1197 -16286702
380 716 21958982
1195 1957 77242373
38 2687 74835661
2762 2052 18061996
2547 2469 -70827614
1821 260 -12520786
588 2880 11432217
2445 1125 -33320655
2779 1553 91496483
1435 2688 40652371
2520 1850 -14847722
1272 2800 66217639
772 594 -6562599
2756 579 70862746
2737 1051 71240875
186 1100 -56817732
1248 2278 -30686848
393 1476 -73388677
1216 1509 45529828
1883 2395 69617880
28 663 96209530
2241 2275 -3751170
2517 334 49780857
748 2460 -28402188
2066 2724 46882116
93 2096 -65283944
2559 2688 -80042469
2389 1087 -4247260
562 2501 -45149436
2197 2307 11794601
2246 890 31465661
2053 284 -52506344
1908 969 -90501296
2648 196 -63005647
827 1364 -18004828
85 812 -70526314
559 634 -49273736
846 2251 -78651968
2630 1110 98113368
2556 2701 82674871
1307 2215 -32794554
2536 1017 16487941
1118 1160 -70193871
1299 2712 -10415532
1865 1208 91237080
454 2668 -87598261
36 986 86304100
1914 1221 -93338844
881 2990 39001750
2239 2621 -93206313
664 1132 78441262
1008 2485 41621643
2498 1095 2487704
2660 2373 45769850
265 470 66026764
2869 702 -19688052
2965 812 34532424
701 762 -30668955
2295 1569 33724413
1659 1906 94318708
2617 2165 -20786610
368 2814 87154678
979 2819 -62617848
239 1591 -68025375
991 819 -41694367
1848 1871 6893825
2973 2789 -84025742
1540 1431 -18489384
2238 2740 -33663598
699 2623 14685857
700 320 7539567
719 953 -62108318
2247 1233 -37506648
370 2085 -20437451
1849 1498 -76912240
299 1797 -90975929
2706 1115 -58888084
1164 353 74906238
2203 741 66572758
2622 2298 51965223
1974 513 41760102
2354 2219 -11232009
555 471 58395305
1592 2562 20940481
452 2378 -78660583
1043 35 -83581013
761 1106 62726414
10 2196 -37262103
2299 1168 11702485
1696 1921 52858271
1356 2093 74788376
2916 1720 59662015
1756 666 -49173029
904 2629 50129901
1772 2784 20525465
2413 2614 -89475217
870 664 40196486
2732 479 91393318
2434 1915 -47181692
1182 455 -72572450
2738 2626 47552093
1172 1079 3731601
1382 1134 67483610
1766 1777 -63854559
2143 2912 99047884
959 1093 -12418136
31 105 40079770
494 2661 -19024642
159 1658 -61079653
2774 1513 -5274466
2774 2604 -99414496
1494 267 30813392
2103 1752 6471601
1448 460 -69021221
1763 2495 25096558
2965 1540 -64859221
769 482 -75981031
2782 2212 -21752281
964 1642 -68031987
2772 638 19376223
1125 2976 22688856
2679 963 94300987
2828 1853 -14053986
2074 2827 -59842269
1138 2346 68465725
1060 63 64169074
1041 2489 -61646433
2831 1185 -35341888
1 2065 35371792
1957 1370 -45691082
1348 2748 21005515
2205 754 95442711
2818 1971 37854527
2201 371 50385246
2732 359 -66333675
2938 2069 34344708
260 314 63174032
2344 2009 23625452
1234 2971 63743654
854 1009 -7809927
1471 1980 30131205
2676 2398 -25310483
925 2142 -17271633
2682 1224 -81351694
84 2395 -12329513
2714 2529 34466394
1294 954 -34245986
365 521 69111921
1947 165 -11603107
37 1738 52230799
2324 150 -61924434
545 2492 -21453074
2051 124 -87401111
930 2377 16895549
2944 858 -95045465
419 2913 -59953664
1445 2743 -34803775
2556 1142 -55420866
818 1405 -95937711
1053 864 -60162602
2952 1510 40891083
745 2649 43850550
2153 1825 2489352
743 2217 89366305
2413 505 8050461
442 706 47832368
398 2957 -92156456
1537 1021 59174104
2700 600 -70917528
2878 2314 -68087591
3000 2681 -85551547
2386 1754 1402048
1524 347 16542706
397 559 95141056
320 661 11663606
2098 2945 45167464
206 1026 27712368
665 1258 -95384850
2797 2825 74590064
2522 2555 56975937
649 197 -32651035
751 1084 -55269780
1456 1598 -69412462
1178 966 84785827
693 348 90389779
1570 1755 8072439
2249 1530 -92936716
1921 2260 81319675
1772 520 24437520
768 465 -2660557
2751 342 672371
1872 1323 33177449
292 2159 39146828
673 1820 -11777778
1995 731 -1818543
2686 1837 -31319672
1069 1570 45891148
718 486 -41151593
1308 1199 -25986850
1788 737 34509368
1480 2786 22614061
1079 1766 -86481000
1467 1980 -46593356
2065 662 -47505733
901 1637 30716579
1459 1020 41417396
559 2904 48245195
1686 422 -10211675
283 2037 -34442982
627 783 -49818594
457 325 -73793446
1339 1064 54948630
2050 1793 50268332
2678 2009 -56605900
960 2306 38970281
247 2220 65725504
1108 1280 -35905202
1221 2073 48619145
117 1302 -70782075
1498 946 -70664186
1430 2028 -69645897
2544 2599 82134352
2896 2107 65950212
2638 1994 -56677811
1187 2108 9657007
870 252 42848800
1496 896 -78265997
864 1740 90880944
1393 1568 50542680
2671 334 -68076990
366 2925 89541057
2523 2129 -2548797
2776 480 -67751790
948 1054 60718914
2713 1282 93522649
1237 2127 68454283
1625 1340 -10816257
509 92 80325610
522 623 -62364938
2782 63 55835140
508 108 48616293
2393 73 80022250
640 420 50357249
647 2130 25039999
808 88 71997816
33 2107 -78622528
756 2217 68748885
1560 1886 -49059020
2070 1912 63995333
1996 2708 -88361146
1038 1735 18897701
240 2317 77643127
749 1781 -40014952
2299 2626 9726743
2709 1012 -56856579
64 805 2750662
6 517 -15285665
686 487 -66615563
2602 809 3385853
1351 2752 -41753736
1008 2938 22271435
1188 345 52186319
1892 951 47943894
1446 997 19118590
1732 2226 -70179956
438 2618 -34999711
507 2868 91019844
828 2411 -35882739
1594 1039 53016165
387 65 38685394
1729 2386 -73998443
354 2492 -299415
1217 2335 -88169618
2580 2606 15992445
524 1816 -72351962
2240 1503 46185751
1370 2100 -64485098
40 2361 60835387
1604 1109 -13669673
2437 2820 -59702232
1492 2917 -24585149
1848 1234 43162253
522 1819 -39272846
2930 147 -8093156
1560 1729 -36469570
1907 2681 -98429781
566 2065 96005811
414 2028 -92321324
1429 1674 15331323
66 2318 -81926001
2135 367 50141379
650 1519 61902373
1036 831 92640560
1685 2177 98452784
2654 293 -63337847
2965 549 79002984
405 1312 11662938
1915 2050 -64073620
1690 691 -30007144
408 2084 62425037
575 365 68743507
2677 1434 89519916
2780 1313 88254408
1642 1821 -33432848
898 2702 50084548
290 303 -62961082
1755 975 31222561
916 2609 -52268241
1367 1315 -46785362
2995 2371 31785930
1880 1981 87190623
1886 1454 -85678623
214 1341 25930946
1127 2436 80294820
2011 51 11335938
183 1062 73418942
343 1330 70168579
695 1108 28352402
2051 706 -31144764
616 2463 -2178627
632 739 -71924097
371 441 -46700051
2520 2152 58274799
736 2299 -46995848
1156 761 -29650956
2922 1445 -44919336
228 2518 17553858
1016 2009 -44810554
1201 2218 66644993
2980 279 85616857
2780 1861 -68561897
1367 2184 16394790
1095 1744 22403733
1450 1542 -23812899
1427 1804 -56675168
1614 602 93507258
2895 2105 -35663151
1652 1284 34527583
2823 1370 -94472958
2485 526 59864751
1561 543 -87956598
98 1328 90296469
2216 2673 -15438844
1755 372 -91191715
100 1505 75695515
562 82 -75155444
2663 2024 36719719
2817 2604 -64518590
2857 1655 39669453
1871 522 -43915398
756 1447 22349196
838 2526 33219287
2208 912 29961857
639 608 36697530
86 2445 -93773661
411 978 -77956962
567 1078 65232161
810 925 -43766381
1174 212 -59478022
103 1577 67095083
1009 1488 -8321516
354 2679 37379888
843 1275 32231837
1499 1665 78310455
2964 2702 -40869980
692 2255 6621839
2870 1906 530570
2558 603 53584668
2217 720 49201668
1866 2198 48128243
70 170 63991977
2633 304 -90101637
135 535 92802965
2836 570 93661617
284 1561 -25561471
2828 1702 31175517
1359 2217 -96219215
642 2125 -75602559
1168 600 -20752555
502 2583 8688043
112 2167 -55123259
1291 1029 7100503
2689 2543 30037118
1136 1777 12821945
2139 1034 -5257042
2431 1540 53943191
2455 2727 87359460
25 2950 -62797432
1351 2648 70884332
2487 1544 54617348
427 1702 72645739
226 388 43874358
1821 642 -51711457
1387 99 -41559515
45 286 39265452
1827 2149 94070447
1829 1785 -16816841
1322 1084 26846228
2989 2709 73020507
1738 2544 -31877345
806 1444 2081788
1349 531 14173828
273 2429 80824231
1842 2261 86165905
2545 1258 -20191217
1963 104 -16598790
164 2941 96732948
2425 2916 -32300382
2805 1837 -88465314
1741 1035 -40831047
2116 2716 -37526658
1480 845 -23797383
907 988 89464266
2482 212 -6140840
1250 1124 -18958740
2998 2104 -29198318
2914 215 -28550484
2387 2731 8825267
2645 2452 76049640
772 2509 13412531
171 1110 -14115526
816 496 74048797
1509 1436 57839404
313 2364 -3617874
2765 2881 83185849
1744 1787 57363870
724 1316 -9979092
878 662 -65507007
1025 576 -51897842
1156 1477 -60614870
2112 1092 15028232
2939 1337 22948595
1975 363 19117473
923 1372 38501718
1761 1700 35513149
2383 854 42050840
158 1370 -27341641
1150 1281 86180209
1784 1844 55623069
2282 1862 -35923861
1895 2917 73389482
1612 2581 -84927306
2444 2453 97211249
1853 2455 68690308
665 1996 -45659533
2238 2143 17320377
2471 2845 -84823935
872 1203 5560661
2237 1808 48194354
2572 1454 -60808692
2574 2789 82651955
2298 2697 -90872152
1507 399 -93837436
1421 2740 45236805
2443 206 -15415391
460 2912 -66772264
2690 979 43682237
2425 384 -19160546
1374 2470 -9421381
1734 914 -15321244
1266 2834 80833294
2322 105 -43613406
1926 647 79188167
767 1166 -89852398
1676 1758 39422735
2181 2529 -12386516
1812 832 -24439831
55 1860 -43657301
1008 2805 -50630493
533 335 -36325882
2120 2624 -73581426
2199 28 -9915657
1005 1689 -44846461
2576 107 22774466
801 1601 -66344036
2031 38 22358324
1340 137 -27773903
2910 1885 81458204
391 2842 74560218
2374 322 -57512247
804 93 15094533
224 2149 -84660930
1164 1387 56890081
2277 48 -92109602
1910 1525 41523951
150 2180 -3652828
1509 2220 59841520
2171 1184 657033
2602 2369 52530689
1871 752 -83398207
365 2797 -6743410
1665 1707 -89037749
1087 1641 -61946999
2380 1474 85424153
2785 2262 -41788319
903 1599 -88001231
1733 2925 -40549137
1068 2650 -13906112
1260 1847 -12991155
2612 1357 54608908
1646 2485 31779714
1744 1417 -91957069
972 1688 37147687
2256 1750 -27460280
359 1537 90414961
2031 1973 -97436932
361 1457 -43696239
1940 2856 -30650872
1979 1506 -78323662
2802 464 61387439
1556 3 8385625
760 709 10190313
2816 950 26421125
2720 1833 19602041
2317 604 13286053
1644 2716 98422024
1518 2710 -91051803
682 791 -41666382
2203 1838 92953893
670 1900 -81326982
990 2107 14731265
1216 2892 -64689368
351 1527 27812597
1761 1735 -992010
1943 307 87025468
561 839 35279772
1504 249 -96827872
1875 1068 58884207
3 2952 -48389541
478 2504 -37568744
2583 1810 -7127307
2116 43 13450312
287 33 41943658
1422 599 15749793
572 2556 -74262805
1525 532 -56060580
1790 725 -93256263
1858 2036 -75204539
1326 2158 23082476
614 415 -54056939
2365 1582 70456917
306 1015 -64991163
2597 2288 -8904871
1654 2180 21099740
2087 259 75287663
581 280 -10013459
2650 2273 -21054878
2174 1267 -60173673
2282 716 -5748229
2163 1191 35253793
2277 811 84008112
2149 1700 2841649
2910 2337 -34274480
2437 484 84552963
2541 2973 -74576128
860 1000 5282331
604 1938 38049985
1763 760 -36841824
755 2896 93177290
2875 1805 -80880708
2420 2415 -92818165
1236 1457 -94353740
879 410 -94591519
321 156 -40118081
77 824 74851231
2561 640 5650895
1080 1692 30139575
2566 2918 21130791
2376 2621 83939350
2810 2022 82604734
1598 2854 -24017849
340 449 -4359962
2076 591 51526036
2958 937 -13069973
106 552 -11231361
2144 47 54634795
1114 876 -1291108
893 1747 -80681621
1868 2539 -33842320
181 1199 -55642855
121 2654 -95018923
1952 387 38831728
1179 877 -79736093
1408 408 45516703
2418 483 27344894
2343 1632 84682503
32 2200 -77438050
1580 2756 92445944
2453 2661 63615123
1561 676 3377708
1354 2954 -81156757
2735 2402 -71526872
1249 2714 -25291266
1759 1214 -80897516
2450 2205 78391037
2489 1994 34306802
1103 2260 -49305604
160 1030 -53966001
2120 1264 54223859
2796 300 -4846127
2702 234 -59701250
197 492 -43759582
27 1410 -24626937
269 2448 -27875973
1335 2227 -69860403
2061 1336 -51207596
139 93 -83512856
1366 2054 58164920
2721 1697 60898964
377 674 -98684755
681 2216 34139123
2215 1806 -64631713
1957 1075 -36895757
65 1714 94779096
669 355 -59320739
1664 2784 665792
851 1945 25028220
260 977 39037579
1190 2838 71621474
1383 2965 92984731
2002 507 96108078
763 1117 -79064718
2909 2489 -77704969
991 1939 -46176681
2922 2937 -58650570
1965 1807 -99110601
1682 2076 -81554811
2262 2139 -89061301
2692 515 50020541
1211 968 50953681
420 1008 -68104460
1533 54 -68504270
408 458 8072525
548 790 -42921033
171 1899 91416898
555 2730 88526547
861 2444 29582087
2385 579 53586947
776 2294 -69617002
2800 2785 -6218503
1332 874 56229498
538 2741 -8283213
291 1242 -31582376
1902 1210 -11343767
1517 2549 -94178859
30 486 89053637
2235 2533 41292913
507 756 -113428
1391 395 53655226
1341 2941 20890039
849 896 61284891
1759 1401 49770162
1858 742 -86743200
873 2362 42266821
2772 2484 97983868
2259 1856 -43447221
1519 1060 -96221774
2279 1989 -77336033
1565 2952 77041724
2175 921 81442809
502 255 92198004
1986 230 12985806
371 1555 97323024
970 1076 38269075
2334 174 27077449
632 2837 63917253
2928 2735 -55200427
1660 2473 -9197327
2384 1361 42129094
1249 2722 77867468
2929 1635 66438072
1519 2944 95669396
2259 1199 -93761495
1782 2133 70783666
2192 31 21265336
680 1737 26040241
1376 402 72531694
2431 1158 39908895
805 2699 -29752034
2410 2484 87334972
2935 385 71519739
2755 253 91035149
1127 2455 41823246
1483 1098 -71076663
2575 300 63359294
1210 2634 93805261
143 2827 10786968
2891 289 -93775102
2289 379 -13295247
1014 2022 84073797
2692 903 -31945671
771 1354 -8962585
668 2319 -7264120
644 2535 -20122928
2767 403 34083522
795 2630 -67336385
2576 1726 78947771
895 383 91735823
1192 1128 59401317
986 1147 -3021358
175 1953 99735294
1173 1228 -56459864
294 1828 90531960
2409 1955 -32209304
335 2337 95275645
2110 1488 68412121
1490 1480 -75578288
2551 749 25035141
1152 1276 57543511
587 778 2250649
467 5 -99098267
37 1000 6542049
443 2115 -1755866
1620 721 -69701212
890 1249 92516605
1986 1494 46596913
1376 175 20285013
1520 887 91909923
294 574 -22064847
831 1470 -68202114
1310 1271 30498225
1088 891 -78076101
1832 2378 74373794
772 2792 5607654
2221 2042 41891734
1739 2909 19898796
2255 1367 36139749
752 524 41370076
2047 1330 61769730
970 2549 27010769
1700 2436 -22135885
1051 1834 47932176
593 774 -9169750
2493 507 -95299167
1975 1969 628435
2439 498 96978865
1886 478 93150355
539 1527 -98545828
2279 310 -33030222
753 1492 95667575
524 466 47639189
1164 1705 36515063
1893 2587 11097059
524 2480 17953574
1539 2010 54140975
2561 986 31549923
1208 2984 70425679
1894 2718 -94101997
1764 2150 70835253
258 2800 6786715
1169 2869 -4779572
2535 1055 81949427
1631 734 -98451523
2822 2524 80765166
1287 898 68099532
2800 473 41082602
1083 2850 -7568156
2318 679 88568780
2227 1167 1600624
193 2230 18872555
697 1986 -94262703
865 2463 43114507
1909 100 90023402
569 2692 -76001824
1040 710 91033043
336 1694 -41702562
2308 1170 48444762
137 2253 -43861017
1849 71 94171840
563 2826 -65582222
449 911 16764464
1856 1759 -89554887
459 1811 67352228
1049 1005 -79134540
1939 1972 -59266115
975 1060 90498395
1167 308 -64699305
235 1030 -83438098
2595 354 -88158228
2269 2595 -53562658
1189 920 52612057
1680 1189 -26272281
1144 271 91437891
1971 1932 -2562367
1548 1849 -10894264
2449 1545 26701187
1923 1101 65088329
2297 311 3674987
1557 365 51072138
2693 2668 -47605707
691 2699 -45746178
734 1172 -52355183
1679 1662 -54872018
1669 1861 -69688549
185 1401 -41307615
1419 467 -96496371
2715 1851 44281888
1488 2972 61473124
2525 150 -37789707
2479 124 -21371060
960 1116 -66635192
2015 1746 23572546
1894 2468 81411903
1307 1039 69463316
1447 2177 -37361348
274 2069 69579317
661 1458 59071976
1518 1908 -54326476
408 1586 -91524650
2128 1094 18517784
665 408 83600649
1281 1619 -71682451
1386 791 -98325028
1074 2213 53452430
83 2614 -2838833
1707 741 21615713
2709 400 93719577
1375 611 -15654622
522 332 5687690
2149 1952 50468790
2235 1573 -30233519
2192 238 43930506
1399 659 77691467
1695 110 94853504
1801 710 -52748978
524 648 86866782
530 2441 -6060098
936 517 95592083
2226 1708 -27879463
996 1727 77320966
2066 1319 2705993
2697 2879 -49253514
67 1765 66807120
784 2221 98202039
2895 278 -3476112
2065 2050 26791354
2535 1066 81640507
127 2160 58767052
1275 36 50765228
2409 1584 87663043
1652 1844 99368451
33 754 -96251320
1771 59 -26641882
816 1504 2963683
2442 1793 66464634
1919 1554 -57192335
2298 393 55354572
2015 802 -64167660
1339 1379 -44744660
2737 1808 63328385
454 1480 -73104864
278 446 97586420
1740 361 84526135
319 1332 -32660574
639 2678 -6297941
1844 1468 79275771
95 1546 14151583
463 854 -57494984
1766 2229 28758450
1954 1548 -43758157
540 1384 68774457
364 326 28355991
1083 924 88265378
1983 582 -90959261
1203 2610 -83383697
1796 1148 9414982
1845 2611 57801361
556 706 15339230
1675 712 70369833
1695 1112 1329550
221 1362 -64402239
536 448 -70548307
2436 1594 50715354
295 2442 -93872870
178 1081 52594453
396 2720 -79809321
2615 2064 31386624
129 1043 93984243
1949 2944 93103849
2375 2307 -12910748
2676 2570 57804831
2360 921 66313060
1805 383 49373675
675 1383 93174234
2130 2808 38181276
1649 1126 57500703
931 2934 -26909593
965 454 -56451898
818 1162 -56651940
2111 1488 -28405523
143 2406 9778554
1439 2398 61377473
979 121 -20963848
1672 1225 -65915908
2656 2381 -13355375
2297 2425 -96761067
1918 2611 -91703191
2948 2999 -76090767
1934 748 58070592
1242 861 -29998775
802 1610 35161031
1444 1500 53307656
675 2988 -79269473
531 180 4605797
2712 1284 -38468118
1272 335 77231901
484 51 77126804
1052 1077 -31676238
2032 2347 62354818
519 2223 71372472
372 1371 7230660
980 344 84534480
1145 1261 64366813
850 790 -59302931
1321 1426 97711796
1443 1709 49449767
2892 1068 84162297
2984 1579 303584
731 418 -53444248
2602 1268 30247019
248 2543 49068426
738 1566 -79018394
2619 2706 -13858259
449 1077 -10702743
2742 2645 -44976275
744 2951 36596986
2337 1746 74876851
1127 1664 60868308
981 1848 42113944
1073 1326 -9347493
1332 2834 97385588
2725 269 93551506
1862 1959 -91495491
1157 2164 -76405864
844 1034 -16029503
2346 2644 -97659337
2080 402 -13638792
2037 463 -28199156
1203 2474 -10514438
1231 1117 -11146159
580 1705 -74179679
121 1192 39721068
1367 322 -25173243
1228 2369 -87822257
1810 2044 23827521
1152 648 -66473799
1592 1026 22027137
1376 1174 -39934985
585 2483 22427915
2579 181 91551286
2031 2466 -44288852
2987 2606 69710065
2410 1919 -85264775
105 2289 92954172
1179 1218 7798440
118 2487 -89727382
188 342 30856085
195 2130 -56305950
230 1363 17636073
2545 2627 -66014524
2928 1193 80239265
1857 2946 95870419
2213 1155 -66918193
2851 1192 -22768407
1686 1225 45069941
554 799 -55611426
1882 1003 -30913752
2653 1008 -18953823
2549 12 -34976949
23 787 57947215
1173 1460 17262452
2215 1714 -42923084
813 1508 -53488388
2263 2973 -64685642
78 2621 8854744
2720 1814 -41692950
1983 2887 -93635806
283 2861 25466622
1259 2061 -70853624
1056 156 99544403
2083 2007 -43302011
2 2835 -79531605
2455 934 -37428683
2728 811 -60464672
2248 2011 -63283986
2453 271 -9453404
544 1623 -59238710
2728 718 -36305105
151 243 -12011997
187 1169 11472323
2015 279 -70120559
367 2210 -40977726
935 430 11750340
37 1241 -65687942
171 1648 43062263
1726 840 -6292385
2465 2398 41442553
1499 367 3092136
1252 2201 -84880430
2692 2560 -56290608
1277 2554 -34161566
2548 2211 -26281203
644 154 -6608676
274 2914 -69482277
274 1442 -80875109
2129 2422 22037035
112 2227 6248653
1968 383 -16922550
2056 590 83113866
1473 622 1693565
2019 549 -83138900
2061 517 74736313
705 2951 -66664458
77 828 -72112489
2763 518 91821949
1641 1469 -70873488
330 2435 76613614
996 9 -13859480
40 2735 -37787393
46 2272 2401021
30 1547 -93966236
439 2340 -67148071
1203 1448 -20039825
1577 2333 6420811
2763 2919 -76009737
1013 1180 -82202960
2668 666 37040161
77 99 -27115367
129 1400 32410450
2200 1403 -43598665
410 1491 -68194111
1095 76 36852108
313 780 95087351
2773 2320 16267347
1510 1485 -40629709
2234 871 -85645114
1827 2213 -32397442
766 2530 84091314
255 678 89071570
996 180 3400083
758 1338 -65679818
1539 1027 69824276
1798 1624 -13063788
2557 2490 -57632384
826 1226 -12754518
155 570 83299736
2259 938 51325327
486 2819 53923539
153 1935 80278916
407 1903 94160629
829 2659 -5185928
1703 2494 8248793
1856 344 -9576983
639 938 86626259
412 1957 41739328
999 228 -68276215
2970 1141 35104769
2018 483 94112654
2874 343 83052548
2599 587 -85025129
1469 1110 -44956291
1288 1859 37998341
452 1417 67790626
1950 628 46470451
2489 2738 -40757157
2195 16 62516213
861 1067 93054012
2317 1999 9656131
2351 916 -548698
968 531 -19356172
34 741 27064005
324 1469 4021648
351 713 -53968859
521 2524 -65199472
878 1391 -4242753
2226 652 -96112672
1256 2730 89433792
150 996 7166908
71 1649 -19883930
736 2373 -49581091
947 1271 23792023
1359 545 -91368642
1189 668 -97294795
2101 881 89408702
1695 432 -16555597
1843 1397 61271107
1257 862 -56276747
2129 1983 -84686766
637 1158 -5814313
442 2271 71569542
163 520 80358089
1910 1454 -15586215
276 1319 27394652
541 390 -83163745
1818 1627 -12108695
282 824 51953428
709 2141 6669988
1516 948 -81823922
2455 2253 19882474
277 1140 81269410
2152 1878 38478521
1230 1488 72811067
2633 2264 -25244670
1976 386 -70004480
2084 2708 16531060
1740 658 -30613200
1193 2723 38814831
1226 1665 -79101436
42 749 -15225122
2877 418 -70690060
455 1941 99540353
733 1067 60479605
1289 2355 -35951000
1194 2144 -48397745
1418 2208 -37892554
1718 863 -11233301
2106 2317 51545415
170 684 57601923
378 235 61848600
623 669 40088166
1748 2259 -49197140
118 2502 -12006422
2696 726 -47708671
288 2942 -39439393
2528 77 -17274122
782 86 -69446214
1988 217 -73346268
1521 240 -40094670
2958 99 -6719644
777 828 -23013567
709 2884 50290931
777 796 64663090
2429 341 -44120640
560 689 -80367033
1516 1431 -85424179
2896 170 99883625
1653 99 -13894959
138 2491 14743206
17 2570 -7309085
1015 2963 71624359
2671 149 5741641
1224 787 10924805
1435 2917 61159100
294 1709 19246539
755 1395 58843906
1609 2562 17549003
2850 2872 94942053
1476 10 15532703
480 1854 -91822831
1990 1902 83245313
1223 172 14040206
770 2040 4170064
2359 996 -60116538
1063 2937 34482627
538 2567 23964169
1647 1417 -17077463
2912 2054 95492627
955 506 79040177
1546 2587 -64690398
52 1668 18475612
1106 469 49415438
154 1096 -85482249
416 2758 2994165
1304 1377 -13024742
221 551 34538464
1790 2573 -59588074
2891 594 47432199
2228 1615 -59513948
586 382 -74278004
1532 2336 37181213
1876 981 -58404645
1048 1408 22450203
465 905 -46728670
1879 1449 -40863056
523 33 36359613
123 1659 -3342913
961 1751 47629232
2109 96 89694212
511 2349 -84324348
2101 2336 14390699
2019 2466 48015960
2550 1669 -36218969
2048 2953 53687765
32 1223 -89094457
1671 2977 75416465
291 1488 32035844
2455 980 33463058
553 2665 34426616
1075 1580 68190334
372 161 53108727
2468 1320 -81928859
1891 2300 75536780
2506 2811 89315175
2824 2873 -91617166
2750 1060 35805946
772 2177 20511071
2770 758 4253372
943 2694 -26195287
1222 1168 -24102352
1236 400 -92097125
1204 229 -10330484
851 1305 -94007128
644 1125 14988017
852 162 -66218744
1711 1248 -69745877
322 2963 72665313
510 177 -25020321
620 21 -79892504
2348 2855 -20831602
548 1042 25215787
2983 1765 -77609263
171 1987 -15420670
1426 1211 64530092
2850 80 96262038
597 1385 73133832
1538 114 -20028896
1074 2130 71135615
2611 939 -17698041
2209 750 -83485617
2912 268 -96261111
1083 1893 -65548760
2736 2429 24613988
2298 2362 -64740117
166 2944 30571995
1758 1317 -88017552
2697 2165 23361561
1665 2023 -53864751
3 2966 54847360
2963 2649 56360199
1173 2355 -83423487
2253 603 76006304
1360 2893 73618047
937 2432 -69375280
133 1839 -18344873
2647 2520 38497700
2797 839 -94448836
217 2020 -35015305
2304 1385 72961697
590 1157 -54261496
257 2059 50751618
2898 860 -5014237
183 2761 -71567302
2563 561 -98219806
1125 561 2506180
1557 1647 -64091492
2778 319 -43234218
174 1262 -78962707
456 1929 87310557
2745 1471 -88621909
2672 1979 -87209063
2254 603 -199184
1667 2252 1513271
879 2691 -65620458
1129 1341 -94108469
772 160 54772148
1261 1896 98665786
686 1315 87386778
2638 693 68470010
471 1061 48844151
2135 1054 81938990
2135 199 40247222
2839 587 82709738
872 1410 -32102493
2576 1318 66841898
402 2575 30364354
1211 2192 9449880
2942 831 -47937701
593 2225 34854400
542 2843 -61832185
1091 1394 89389347
514 700 -28821772
1666 789 82796379
1012 2028 96342065
111 2843 -45600737
356 994 5891480
682 2404 -58470000
2939 168 -47012610
38 233 -27898029
2651 103 91438936
1722 1188 28873782
1380 2840 -95178539
2048 2022 -49962514
232 1620 -81542954
2417 2847 44555157
1503 309 -66440631
1358 289 -50662727
818 1634 10387928
2288 364 -35229722
2747 741 39735940
184 1281 77311257
2538 2247 39061344
646 1875 5630053
2920 2 -77210072
2925 2264 -62701829
735 485 62977387
2964 1403 -15988198
1847 858 97975411
1518 2557 33900718
2954 1667 90036307
1386 1070 90522179
576 223 -88869925
1898 784 59132287
1858 2888 51088867
199 1475 91035348
1322 2952 -20961768
938 1545 40377869
2304 1334 37074168
340 2562 26273403
1150 2549 52320026
845 1680 14039542
820 604 72644780
2616 67 -47930427
699 229 7897248
2204 1373 82258974
2109 2090 5396839
804 2790 -31807721
1978 1794 99150781
375 336 9127085
1732 2480 31928774
263 1636 -13053763
1411 2579 -78267680
357 2114 31656418
952 534 61415854
514 2891 -16841602
1309 1768 -9996945
2511 2577 96524282
2842 948 82343072
1796 28 -38137567
904 1137 4497228
2380 534 41120150
425 1970 99996895
2990 1888 -30726288
2958 2759 -69731341
2077 1650 -78170386
2222 2320 18053636
1768 1149 41069958
2788 2256 -43548551
1625 59 83412628
1457 678 29337924
745 2477 -517585
373 509 -63341940
1849 2587 18341639
897 309 -56105551
2506 870 -89298386
2782 1094 -35834124
1733 2520 51432914
2831 211 -54000274
10 1250 42587673
1338 1172 72425116
940 2380 62351786
2610 186 96497427
1266 1752 -84137641
1527 1805 95185568
1446 2822 7007213
1523 2928 -14231244
2442 271 -65523951
2141 2035 -75887622
2301 2470 50526431
2977 175 -94784051
2352 2065 -5086483
414 2525 5133907
2134 1755 -57569858
605 2629 -43621569
1223 757 43950405
167 938 42690766
1628 2775 86329413
2166 44 -13086895
1965 667 -88913618
1299 2876 -99033314
717 1233 -58569371
413 2043 -56259123
331 1883 95522428
1303 138 48643000
1257 969 77320437
1882 626 6764755
264 1701 -86804644
2142 2132 -88696086
2081 1808 59792659
2540 241 -96639968
357 2881 71208666
390 1857 3166494
2597 492 73606849
940 2503 1222596
2809 912 90887649
2695 2451 -39349206
1420 2894 46257788
2777 1622 6878463
2557 632 -23539608
1850 2818 -30868023
118 214 70032420
2076 2326 -44669000
2441 970 60376724
119 1388 -71149794
1517 253 -91928254
1716 893 -13770477
1404 2135 -88869444
733 2730 -81259280
1558 1905 -47497374
266 1612 95369872
2790 373 84687058
781 2900 -1832442
1844 732 -62470054
1062 1547 39137213
88 294 76364096
1062 1498 89810278
2781 532 -88740624
2911 2090 -45963896
1074 824 -31530162
1081 1285 19366342
1337 2259 68056461
1685 2666 -97410538
227 397 31523515
525 1251 -14520903
1601 2112 55799249
370 2785 -31472986
1820 1124 8820168
1323 62 12645400
237 2834 85783827
83 1969 -84584962
805 2804 702516
2715 1364 -61873956
1580 2403 12932054
2923 1192 24321510
2957 1559 68830430
788 519 82300552
2367 2322 24370303
2080 32 -45750486
1340 2100 58796647
599 2485 -57895468
2653 2431 -81460413
746 1424 87338225
1275 2443 -83059341
467 2792 -59415245
775 2618 -53427437
1434 2663 88562688
1786 2532 -4554406
569 799 64236820
2653 2155 -68735039
1112 1551 68482536
48 2503 63448678
2328 2458 5475870
2558 666 16516446
1107 1239 -72631472
2422 2588 -34007240
2353 457 8396358
938 1327 -16448804
2756 543 79048483
2051 1524 33247873
1275 2196 -19007101
1298 2026 18611636
1298 2399 -71462711
2432 2821 -62916254
1384 2643 48773890
638 684 18547835
2070 2119 -58820773
1397 1544 -97520409
2845 6 -51495655
2005 1035 -94706282
743 2367 -97580666
1025 2758 -37892072
2884 2373 23512423
304 1 -76713241
1350 408 -55170797
180 2109 60376496
1141 1112 -98424924
1806 1964 -98489457
1395 1536 24843762
1455 2879 -13849445
1879 1815 -98052391
1384 1510 85594127
237 1648 -10652306
1050 2954 91617957
1491 787 -74876062
942 1605 47020356
540 425 47530873
1221 576 51510335
49 522 55985992
559 971 95148691
1825 2809 99839641
222 1520 -33333910
2304 550 2826781
2316 2591 69005354
1932 1186 7139539
744 369 -3852283
976 821 21816077
2436 2129 -21222069
2541 1834 32043259
2489 2317 6231206
2874 321 -16481923
3000 712 -4240538
2419 2171 12777201
1665 2731 -34846612
422 793 -75982488
759 1150 70073149
262 1131 -9899301
1137 755 34955629
1707 1852 62116864
82 402 45322690
983 2764 18255723
897 1261 -63546208
354 1292 47603894
1440 2340 86010124
1142 1029 12577803
112 1913 80881679
1306 984 27437095
1642 996 82840551
2938 2662 -6407024
623 7 -72025376
2004 456 -83680744
2728 1675 26827950
2395 2447 44501023
1341 1840 3693119
1640 2852 25992657
337 679 -86333350
2491 400 -84955349
2123 274 -57659796
1181 1980 15240599
454 1649 -95503482
2992 2497 -66498034
457 918 -17388190
420 64 77106787
2254 82 -54560263
1738 258 -36696566
1542 149 47866698
1604 992 -66839528
2090 2032 -30345604
2818 2771 7606561
1642 2525 -93896295
909 2636 75075650
305 1285 78408999
2327 2861 -96219026
95 2216 -34428823
385 1421 -68964457
1484 887 39535939
683 558 -33302171
2634 36 84735133
2470 585 16298450
1739 1656 31856014
2115 1911 18759898
2774 2227 14909215
476 273 -60034966
461 2094 -55094597
1769 2841 10739828
2984 124 -97000181
2108 1542 64553569
1850 115 -15079359
1941 762 -66645054
2595 510 -55449449
350 2622 -20895535
155 974 80150920
870 2020 17962994
1925 1803 54454862
2849 1403 51665971
728 23 -58080431
1509 77 99164599
942 554 -14945696
557 1572 -69988596
737 206 -78119572
2570 1463 9653138
296 819 -23697107
996 1408 -17478258
1588 571 -62121314
1420 537 49783216
880 1758 83388876
947 1281 76546496
2892 2478 -53049425
843 499 -4062521
1952 1411 -14554239
1637 1982 71012355
711 1271 51323124
2121 2509 -99774496
1880 610 -14003816
128 31 -55677440
2501 550 14501792
443 1231 74176508
336 1387 -52444671
1988 2580 18982536
1528 651 -67601172
2124 481 -2927715
406 55 -20939642
1394 853 8153479
853 1191 -7077047
2265 907 -75267119
1821 1772 30431000
1330 2642 -3517376
2143 992 -62616211
277 1125 -44266594
1947 212 51303892
539 2635 -6902715
1427 2031 98073198
2302 2351 18363265
2857 757 -62102138
654 2137 44891922
604 1205 58891828
716 1945 279036
2382 2224 74145008
1274 2194 65495543
1832 705 18082224
2608 516 -3102868
866 2870 39808073
432 2631 84132004
647 994 48124712
1266 182 -38846355
1863 334 -27564902
2807 2241 152393
442 1138 -86185948
2873 1848 16035552
2819 271 -80886852
2152 470 -21412728
1313 2792 -63095718
2950 1707 -8884548
214 995 72928731
2307 1080 -42200093
747 403 67116228
728 1565 -89598056
2393 2129 73487783
2351 2653 -4471117
1257 397 91114004
2920 2344 74572314
1540 2313 -77808284
1077 2455 -44110399
682 2701 -30852456
646 1715 86560581
582 2267 49896924
1628 1613 -40434733
2999 507 -80368261
2881 38 -94843291
63 2295 56391683
2277 950 44670214
2423 1375 10040257
177 992 -44641451
337 2045 61295657
383 2428 -9473497
2995 729 50581150
1295 763 -56150977
417 189 9902315
363 2742 11818044
2219 2594 18429789
1131 2206 -13745942
1306 1919 37852147
737 2532 -85118993
950 1688 -99399283
1204 473 -41741793
2682 1084 -77634896
2520 2062 -65244718
1061 2652 28850736
2771 2812 36393316
993 1546 -74375543
1248 116 -97790101
95 1566 20922910
392 319 -10398654
664 826 -68417140
322 2799 95117944
2421 391 83872908
2370 779 20619076
215 2973 -97199229
1630 845 -34504996
2798 2637 -75122288
1081 2310 66641086
1381 969 -92107467
12 503 -23827900
179 946 27913962
342 1097 11351618
1787 2016 -53044118
1842 2421 -58104960
2364 1101 4592032
25 69 -36458411
368 1105 -37967638
2427 1120 61704929
784 2237 -67757668
649 2800 54360892
1973 1067 -76474243
2173 94 -52155495
1416 1748 -72604540
2455 2604 -7444795
625 1368 -8857621
1472 1825 -11609338
1019 921 -72028629
162 1879 -1204493
173 383 64407934
2750 223 -14154393
105 636 -54001832
2059 2195 7538656
105 2992 -90819976
44 2530 -23770747
2716 1605 17270950
1170 287 -62456798
1676 2803 -64654040
1372 1905 62311946
2298 2516 78011810
334 1250 81453414
1862 1344 -69678
2750 2860 -1331431
2939 281 58940654
2623 2038 -17025548
2473 479 55548619
1354 2299 -94257890
2608 652 11392469
782 1106 -44376401
1890 2304 38307585
823 2069 -67628799
449 2309 66309032
2459 2206 96229359
2028 2155 36695343
2069 2140 -65785976
1397 1508 -36355265
1029 754 -28920400
2669 2209 -48138518
229 1031 -54520707
973 2730 90682652
2349 174 -36715642
101 1752 1588249
2503 2951 86336985
240 277 -52131196
2483 1914 -55464714
13 1705 -95481560
2690 1106 -82754867
2783 1446 -74425959
2174 1518 30122534
1941 1805 -57075056
1151 1921 44021782
1081 1686 81306850
1670 1379 93975215
1892 890 72202744
1349 2196 -27205070
1911 2227 15878341
1964 1999 -85322070
635 2170 38531421
2861 212 -64534528
2328 239 -86832893
2880 1987 -60536755
1593 2636 40699735
2070 1759 56282098
2846 457 -5873371
1673 1376 -18709646
2359 1639 -82363314
209 1359 -13506373
942 2456 51974956
2520 1660 -82847265
828 1317 42641953
2950 1362 3529977
2586 310 -62257259
2316 1753 71707767
945 869 89515847
620 490 -75208662
2418 474 86350432
1014 1630 -21787722
1934 935 6768679
2540 245 85854761
1861 1324 -28752606
845 2674 33191368
2218 1195 -67072323
397 1629 -86155378
1796 2068 78976426
547 231 11576131
2326 2369 43432000
2712 473 -17130353
1191 410 55962285
477 1476 38150621
849 1849 97734087
2212 1865 86464711
2093 2070 -41184811
149 2625 1754435
2748 2859 53256552
2074 2173 21597582
1462 40 63082788
1091 1942 -35803780
2622 1359 97051476
2953 69 -41185487
1387 1833 3335398
2718 643 -83016366
272 1142 3216407
2842 185 7221693
932 2855 -26554128
319 2544 -10004871
577 518 39202925
2773 2625 -66513934
496 2539 60852646
1909 2565 80954048
2626 1112 -9355820
2201 269 18406160
2440 2270 50360291
105 498 -76471077
2547 229 76197266
671 1109 50800890
2268 78 98885315
2427 671 -42585179
795 347 59688299
2358 1057 5367730
299 2837 1961355
322 1285 -41475104
2979 4 -80730024
2471 1986 5599568
973 1321 25290100
2087 2986 -69496491
554 751 61508263
538 2422 87441064
1411 316 -67465538
1297 1239 -75162678
2537 1171 -92225233
2934 1407 14550925
2917 133 92598100
2465 2165 -26582775
1775 2578 43337727
1291 1699 91207786
994 76 96502640
1062 411 11690574
1893 971 5058160
386 332 11259984
2723 1209 48390901
2129 2552 -7051007
115 726 -39741232
1931 97 49429610
1359 108 33902406
1073 870 -9483189
2392 123 -77997726
373 1841 42597165
1215 2557 -46134924
223 260 -72104066
2109 2058 67086249
497 1942 -94187499
2762 2204 33037911
547 537 -31259550
2601 2843 -26373315
1486 1087 -54755523
569 2457 -77045563
316 687 40978200
365 1606 -94734568
1941 2396 75802350
1156 1572 -3044688
2851 1845 11265789
1064 1635 85309764
1286 1245 -87109653
2938 277 78780357
1983 683 -83486460
435 2139 62212471
2040 226 8810705
2972 324 -66060557
937 185 -70245764
1173 844 -81774918
2811 2395 68186235
1433 2834 24033087
2704 2720 2835698
1048 1255 -39955056
2633 608 63051215
2650 2197 72916485
629 2182 75105453
1673 749 -47963430
2023 1649 -68889436
1494 2111 -24790495
2544 1700 58171430
218 2652 -83474849
584 447 -42922434
2334 1790 -88157682
824 442 -21738969
1387 2406 75009842
434 1104 31271235
1562 1100 -18136349
2246 2889 -92722067
2067 2226 18237637
981 389 -18789573
1873 2288 -55755930
113 1455 -26488781
1475 1199 84394559
1394 375 60921436
1067 2353 41395489
1770 1918 10536173
2259 1919 26836013
2505 860 69548203
2378 2177 90014170
2560 2852 -47234972
1618 81 -22523451
1393 1702 96612017
667 1679 -7838245
2092 1563 -87271075
144 2813 27771607
746 2292 38663778
537 275 76869882
381 2562 -1476872
494 1035 57733880
966 2973 -53438328
770 2261 -95573614
332 2400 -9884932
1468 155 64888966
570 2651 -3051092
662 157 -20433769
225 935 18586545
945 2765 -73177259
1577 445 -13575836
1214 843 -15487804
1787 678 46150630
2414 1937 89556217
217 1931 33242731
1922 1759 9496018
315 2613 -57477042
1290 2631 -65056321
1250 221 69115919
577 1586 74494715
2688 2028 3900385
2990 2103 -60852744
469 2955 86278793
1451 1762 8610789
2043 347 98433647
1530 1066 80723163
1114 741 58160354
2090 2552 27829216
1531 1530 19071630
533 694 -34380451
2448 1419 30795809
1244 709 -25786809
1273 889 92710077
863 853 11217591
896 2486 -99930703
1673 807 61103384
2165 985 -56838239
2569 2085 -86507379
649 2612 -10943395
26 1464 6647442
2334 1752 -5752194
1843 832 27002921
284 1238 -87254050
2430 2166 71121826
1140 1823 -40562539
1476 972 61064172
1512 1501 75613977
46 2187 14880186
2097 2583 50743797
1149 803 53409672
1398 815 -17597057
1834 1446 -47148342
2378 2998 3953155
2886 572 75297649
582 2558 -81090001
1809 1135 94247542
2114 478 -52678402
1238 2671 12705334
2999 184 36618992
324 1269 -77833433
175 2886 -19810103
333 868 -55327639
1066 1951 40495356
970 1162 51625853
1385 1045 66608028
1228 2531 13697250
502 1170 -2346978
812 765 33027155
17 1317 46299611
2395 348 22858418
2300 2840 19661172
1994 2326 -43955210
2055 2117 5123271
521 1415 91646818
1123 99 -15683429
1883 598 1708201
2106 285 74297369
2191 2092 81063060
740 2314 61923595
559 2091 -58834399
1843 2373 35157755
1420 2371 -26087864
1279 229 -8355699
1543 2350 -71717211
1145 2117 -58460008
2001 692 -60128142
2043 404 -50475834
411 567 63493108
1205 1085 -30529102
2134 64 95792173
2248 2623 -92688332
938 2471 62616760
542 1149 -89367451
2642 1445 -69962183
1559 2831 -1221730
2405 1228 -30511284
2725 2757 34667206
2557 2149 -47916700
2936 666 62275034
956 2744 -27057028
10 1741 -90605641
2985 1550 35083026
1130 1321 -61864309
781 2577 -63576885
1588 782 75317204
547 2682 18325609
390 1556 93908958
467 1873 42207011
1491 918 -45106996
222 663 35035662
932 2628 -90411060
1124 2679 -69994521
2257 495 -1385163
2623 1415 81471281
1203 1967 49691083
2449 1666 19301234
1187 991 21075099
841 2121 -47414955
51 2383 20019022
729 1188 -256545
788 480 26572900
658 965 -43816037
901 2434 -75229225
2157 1228 -49968766
98 2800 -37518523
594 2827 38162644
1641 282 -1778869
20 1282 -66081036
733 2497 -36533630
90 1547 -86597199
1358 1078 -7543357
79 438 -78741763
2958 1770 14443549
1466 781 -31044848
1965 1190 -3867640
181 1208 -17904283
1461 1499 -18715138
1881 1609 -42796365
2758 2506 63021773
2247 2456 -10598156
2193 67 -66222898
2088 983 -98423200
231 1713 54793245
2517 1294 -88242062
914 740 86439358
1790 311 70478518
1475 1229 54068104
598 106 46579600
658 2573 93991279
628 305 52044274
2632 1373 97752181
1547 261 -53605285
999 543 -64977435
2738 1278 38137276
1455 1610 -16723777
2859 605 -31709866
249 2832 -19239575
71 1964 -25674715
1447 2538 26617174
2487 2340 -58209184
2313 2345 -51482418
2844 1709 -86061375
457 1214 44555317
2006 2160 -40092350
38 1578 16426709
1504 823 91793830
148 438 18402123
25 1403 46143935
2978 1115 90778359
1603 1204 -35947020
209 2411 -52102036
640 2619 -7139927
1898 2493 9374501
1255 1234 -79966950
2663 1915 -64750932
1250 1370 65367851
1096 1462 -53635122
2906 1923 -43218605
1647 2664 66785927
679 535 3146482
2268 2896 -92303280
2172 1086 -34617753
2513 2568 53279223
2737 2266 -32319334
1926 2577 -85191580
2518 707 -78806242
356 2525 -90362645
765 1722 -18092050
1148 1811 91736604
575 2474 -63892415
2368 1789 22871161
2766 2993 -75062128
2865 725 99653281
2417 283 94362287
1575 2626 -49981320
1145 182 -12671414
1123 2022 -53440555
2369 934 -75490842
543 835 -17300785
449 33 -3098397
1491 2400 81804569
777 2211 99183027
2536 2248 63746407
2204 1786 57283830
2520 1010 -61562210
2921 146 83117354
963 1689 -35215229
2098 2474 -17670446
122 1612 -66212736
1161 1835 31966275
2983 534 92453708
501 2151 8036790
1443 2942 -7982485
544 1686 -71936618
2157 1767 -14992437
2122 2522 -46846819
512 72 -4932313
2742 1404 -66683002
13 1364 -54857894
1444 900 -38443958
404 330 -60238467
1900 1651 41528678
1734 741 27916605
2688 2467 20166954
2461 1581 -93093837
386 1653 -23353809
41 674 -76961479
1585 2225 -47033577
2307 519 -68797166
383 104 68097170
2509 907 68902831
901 2660 51035753
2951 729 -27446301
1812 2590 55576034
1339 1673 84727870
2852 462 69001662
2225 2676 39509885
1840 1141 86279573
1731 1642 78317661
463 1837 44971320
440 734 8001853
692 2735 22910464
1404 848 2999366
390 2819 -43851417
949 1192 -45984054
991 2843 -51836535
422 193 90570566
512 1311 2001271
1895 1859 161801
466 105 93632768
1082 1711 -65465842
2326 897 16861349
1463 2622 -66863763
1925 449 55323625
1928 385 26994278
2087 2281 -10907843
1269 1096 -42677685
2527 1971 73846578
1647 2062 -1644738
1572 1559 40887879
1520 1435 -36535661
2928 959 -10572852
2352 136 -90402651
741 1211 14913271
2304 1158 -20451060
690 949 -71338159
202 2470 38474132
1753 2709 6859130
1423 1185 -39029634
1010 469 7594299
862 88 50060205
2568 149 -5031357
1570 220 41008942
2667 911 68231093
628 2406 6547735
1019 2827 91485819
2324 1167 92764343
427 2147 5533152
2019 88 50776421
946 1896 -17064464
442 2122 -33173894
1250 1754 16226816
1571 1046 76826440
1988 1970 -10741683
2239 2877 96281673
1729 2074 74883232
38 2968 40873623
1098 178 -92878407
1617 488 -75630168
1880 236 -15319124
905 2286 -32062842
563 1969 72659475
296 747 -55445416
478 1361 -49813275
1367 2785 -84199562
2952 1110 7408351
13 1479 -83611271
524 296 -67866974
1141 1399 92342129
1505 80 -24788952
80 1874 51827299
1369 2600 -8292438
1270 1841 15944409
1597 1673 -32522079
1208 1966 1987724
998 2939 75355394
1728 1248 47420561
469 1128 -73684975
1502 265 38159268
546 2512 -22734917
2411 1978 -90575272
56 1420 9540829
2777 1213 -13901814
558 2631 56705068
857 1553 26734197
663 1327 53226032
1058 2720 -85351144
82 2615 -34439079
231 2060 -26326296
2905 1096 71409950
1377 1996 -86574008
1677 194 85274995
951 2610 -90388717
2455 239 39669910
21 464 -87514015
2656 2223 91953895
2081 2957 16830738
2104 1868 73798876
174 684 37385382
1706 2887 75529779
2149 2244 -66966759
989 1191 3629789
493 2360 76842206
1292 2408 77488915
234 479 52151290
2262 2617 -74651965
1562 2252 91509274
1813 523 -86216180
2984 1454 -77656941
650 816 85778154
2772 2560 -88694145
2886 2328 -90900485
2952 1537 -92417009
810 1549 93546579
996 932 55180915
862 1528 -68292404
50 2408 -77226815
2909 376 7445349
2834 1424 52071691
54 1121 73611956
2701 1603 45953590
2516 898 -42462466
725 404 -88894163
622 1372 72281066
1850 2979 86117146
2030 265 39687017
2773 2096 75517265
269 2394 -35751580
536 1438 -9725212
2732 2775 24896337
2355 1453 -82869472
156 2002 -70206575
2648 549 66062237
2518 827 61999462
639 833 91722380
1410 2283 -19163766
425 2969 30004027
1619 2452 -67452502
1880 2325 -86486536
1960 1559 54916034
2540 2808 -6200827
2595 1228 33113299
2887 2994 -95839250
389 1173 -82102274
1353 1628 -60266742
1079 1370 -79204310
2763 646 -48364300
1146 85 12254729
2423 603 5170756
1879 1454 -71374704
197 2811 -92713772
815 1702 83778626
1183 2031 -54789060
1114 832 -39927354
709 520 72688285
603 106 54863362
1200 415 99546336
1769 808 -25060717
1970 1277 -62099137
2575 368 53304438
2571 2746 96437054
916 1398 -37339969
356 2993 -56491174
2698 753 45948958
239 2714 98945040
146 2842 -72635374
1396 1702 -98693266
901 1235 58655953
2013 1494 53973316
355 804 -56508844
1730 19 -44519869
255 47 99937355
2996 430 -44481348
985 1252 -35856051
893 2176 61268033
225 1117 -61153595
686 626 -42980790
1641 1707 -35704379
686 1357 33217946
1802 2238 11948323
616 1018 -5523316
829 15 34782457
2645 2626 -51659496
1211 1144 -61554315
1756 1055 -73280180
2877 1193 29302415
673 672 -7658303
1612 2324 -39596586
730 2095 79227208
1401 2442 25014206
850 157 -87657964
1732 875 42825225
2585 2203 20508475
1912 2712 47591463
1489 1610 83897056
1276 1363 30896499
1642 2179 16823605
2 85 98114003
1438 2456 -81953068
1283 2302 -51865734
365 2480 -4340786
504 2768 7908079
1768 957 -66849327
714 2875 19885081
2785 1552 46138274
1882 2328 32729027
1408 771 -56781672
2072 1434 33592182
2190 2237 79763351
2103 535 43778565
1133 2240 93414906
622 2410 -78655797
2197 2429 -26775336
1408 2644 -71820996
904 2486 41624920
108 197 -8343887
2726 586 64838663
1348 1439 82408600
1536 1131 32630383
2689 482 54951830
592 2299 33211959
1732 2936 -38991071
2862 1713 86157484
846 1769 22348558
948 2256 -59338872
2431 1943 2378141
770 2415 -91436392
2186 2202 -80877386
2081 552 -65382857
750 2244 -92660607
843 1189 76841510
2406 302 -38556135
2328 997 36182648
321 1495 -87185420
602 2539 -87408733
801 2059 27062430
2065 2654 5044577
2127 729 -15207778
2702 329 74345727
2356 2666 53168012
379 555 75409637
561 1456 32163605
352 2031 57537292
2407 2275 -72141230
2599 821 -6943384
982 37 -34744392
2167 117 49109728
2841 359 10537460
1364 922 60083050
2591 2281 -86693193
2604 2307 -23916186
1778 1700 -78405757
162 1355 -51717426
371 866 94658183
1903 1634 5580091
979 2092 24335923
2259 832 -19214095
2667 2738 -64497277
1127 2720 -35143522
1420 1765 -56171872
1485 2762 -88469911
911 2000 89364502
789 462 -65216917
2972 601 76598026
2544 239 -5057794
2526 1795 -86847509
1360 1229 97870343
2300 295 -79506967
1205 816 40232066
1344 2685 -60069779
2529 2859 -39665327
1188 2775 -91810382
636 1902 -62020705
2855 1693 54487628
327 298 -30782982
2867 1216 43405381
828 584 -43546821
2192 2531 97363490
1475 624 85512622
1449 212 88855794
1373 429 74112986
534 15 -96544113
76 423 -86882145
2695 1346 -39109889
2665 2895 -58206221
2455 1889 54788610
955 838 -60717782
2701 2578 58978584
253 429 88647397
2251 1689 -27216820
1792 2853 -10744345
2890 1052 -74254771
964 1607 72201122
1643 2695 573537
914 1372 30771349
359 2985 -62843487
2852 1437 40533684
2943 1427 86948854
842 1803 60775165
843 1999 24379059
653 2663 -27245761
2998 1277 83556812
1023 1154 63467600
623 2271 -20994167
1576 1917 -23196690
208 2109 -87404582
1922 2993 50804932
315 2473 -11811667
101 2087 10459310
1903 964 65745803
1786 936 -14472240
478 1198 -57977859
1995 397 -61274827
305 2344 42587903
2040 2343 -24696549
48 2660 74731733
627 399 -24149412
2454 459 49769548
1564 2846 -25821169
2210 1013 -85647298
460 1981 5998557
2495 11 -80070439
1309 1350 9926306
2980 1135 -33430593
2967 1632 -52315752
1179 1866 16965000
2028 2373 90074486
1133 2316 -12179573
2675 2070 81214964
1371 2615 25202185
1216 1084 99536375
78 2587 -41681558
505 2833 -60893623
487 1313 69127266
586 948 85387451
2919 2796 95171470
241 1231 -80455295
2182 410 -78079159
41 1908 -72166123
383 958 -11880319
138 122 2099997
1273 1097 -77030205
246 1923 27326677
534 123 24731875
2805 2665 -86477159
1423 2982 63379024
2632 1563 -19948069
1421 794 47811560
921 1731 4026976
169 1641 32113186
2176 707 10022975
1604 1443 -8920005
2839 2914 -11403835
1367 866 -32333013
1846 2634 -95885754
2026 174 79185843
318 2229 -5443946
880 2777 -53963887
761 1122 -16225587
1936 2916 19976333
831 2652 60062428
1916 1854 79627459
74 906 93006748
509 2683 -54124592
1466 583 -9663080
628 1770 26600483
1984 2778 -67338650
1650 764 -52087933
2174 2510 -45862823
2040 1731 27344945
2460 2898 98635633
279 2887 759837
1379 761 14595116
367 522 -58043057
2229 419 71241329
1667 2261 -55839143
2930 1488 19473151
2970 1176 36120226
1732 2707 52493320
1574 1900 9314762
251 139 75267309
401 1291 -77634967
1753 2587 14500225
1738 2638 -64554500
1750 1787 -88548290
2091 437 -5810624
1267 1259 70071395
1924 1073 -49562642
465 2750 -21276200
1472 108 75281258
1586 1892 -87880757
1567 695 75988285
2631 2933 59279975
353 1298 92530170
2456 1980 24717733
1928 487 -40437765
518 1617 27166004
1062 2454 71563875
970 1813 41796537
946 2376 32955176
838 1312 -73528460
2742 2848 81164977
2427 2157 -86459072
2363 332 53448395
2816 1196 -57664718
2226 1256 642739
649 78 -84079261
475 258 12034650
1836 188 70503080
2065 53 -77945960
2748 31 -37778648
964 554 30057617
2041 2335 -94354899
2108 753 84967636
2901 2663 -50929066
1035 412 35789647
1784 1055 56496691
874 467 -93177831
444 264 12695091
1722 1664 -39701077
2457 2075 -31062947
2220 1188 91738129
1472 1505 30188050
1745 2390 19230549
1755 2795 -64282083
2058 2538 -81173962
802 1874 20884801
1408 2935 82198397
2414 1743 23673355
2867 1534 81288225
2657 19 39479671
901 2737 23931704
2923 1935 -90244141
2896 2760 7303696
2718 1068 -94671685
971 149 14484840
1626 1203 -43004326
624 1825 35231666
1176 2013 16043008
680 1500 89452379
34 1387 -49513123
1356 959 -32671675
1632 2134 -86312779
1509 92 -91677206
244 1520 91877709
1139 2268 2871313
1118 744 2123412
