2512 3000
613 470 59084023
224 462 38329311
2429 746 84871293
441 1687 48401016
196 359 74341257
2388 1680 71354687
337 1515 51103582
839 1909 2225043
887 577 49575129
2485 1763 9482537
1931 1622 11481093
1973 1864 91331352
644 2073 39087067
1291 1968 75914719
2469 501 18359938
1037 232 36049273
131 473 36564793
1758 1741 77746792
2117 1088 44700232
485 1373 42147711
1838 856 8787611
710 37 -584615
1764 2510 34937249
1766 608 -801044
2236 1550 18944698
1418 1501 50723560
1114 535 -229862
728 1224 60187513
292 740 55785414
2035 1647 -371669
1519 579 67637092
1874 1806 89411725
1407 225 22435205
345 898 96737789
1034 859 68002284
14 2296 43220268
1397 349 14272729
612 1694 66675515
500 1029 -832277
1490 1296 85143484
2478 1521 35487076
1836 1628 59213206
2358 1436 88695983
1287 462 93509629
817 20 93456282
936 979 40939330
2406 901 -125722
1605 776 67638386
408 702 29051196
562 331 42095385
1772 2282 57549579
244 1512 19494420
361 2503 85651728
864 2125 43552840
1042 434 76512949
1611 1910 55460132
717 184 18872123
1595 528 76280745
158 2358 -237853
244 184 -10500
2444 1512 42742006
203 956 44689845
282 1853 50190498
1653 408 95341845
365 864 59791358
311 1514 33353073
380 1855 33071843
1703 1837 6391325
2378 583 58307235
265 1265 36520359
1484 1908 70000461
498 1488 7448909
793 453 96000122
535 825 90464494
2164 2357 22964050
1037 1288 58812776
1539 578 75756690
154 1226 78201587
2250 617 93689473
594 781 53013269
1168 1559 34161732
1658 1053 16754784
1752 2121 88159354
2231 1687 58071463
1223 1835 -511506
2270 2153 84723978
1220 2331 31990212
1525 655 56813678
370 1862 85823228
1648 615 3803965
1063 1657 52500363
1300 1852 35085558
1367 1969 72116374
1654 2045 29237701
2376 2091 -409378
1483 455 38530871
1615 1475 91167932
761 821 92865369
2433 1783 56804148
148 1638 13726782
274 916 49531862
289 311 65423088
808 423 68855004
581 1380 88206872
1496 1581 97029901
310 890 88991893
1542 419 636488
1975 822 93561024
1785 1797 26418530
2463 54 39081752
899 1201 62619791
866 2262 81024770
2044 564 3429066
757 1699 42600760
1703 1739 1673907
910 475 12869065
1930 691 81085273
2480 681 -334475
42 1992 7136329
2370 1165 85367039
1659 2169 16048354
2488 1265 45849938
2435 1473 -163726
104 1236 69268027
1719 2094 74272235
1525 3 37957071
1259 1693 64122623
934 281 66479913
933 2346 49428010
47 1541 -545028
1114 804 42149682
2293 516 44424019
527 2166 74069747
589 2113 94693948
440 1454 55052835
909 2475 46158143
2379 1353 67401947
2280 2302 8310069
2509 2196 19084170
1829 1352 42174352
162 204 47599437
936 1893 33976950
1936 2333 45961565
1895 1682 76764672
460 2069 5892651
805 1149 87470640
27 882 76746818
985 2466 63194075
497 1662 59470462
2327 2350 79563985
228 1273 73825209
2244 1902 42227272
536 2223 78648708
453 2048 97957329
1731 2284 98174986
704 656 29567963
1434 1278 88997954
2424 316 46713244
290 179 91883730
68 1904 41999183
64 1749 31962403
505 729 71437903
2104 1572 11152681
1642 1605 49017976
2352 220 30385459
1629 415 60673972
652 169 -219098
456 167 45034811
1106 1753 41391666
15 1911 98963976
647 1849 30910179
679 46 58556328
240 326 97902623
1142 1416 49250154
1329 2413 15429127
1935 851 -633695
672 795 -714224
1577 2090 4050586
1330 860 50856979
1000 2157 -440147
475 510 78370370
561 550 43811887
2145 1646 43271960
841 628 82081090
1625 217 69356257
1974 755 79585034
1352 1436 16527810
428 1953 11053145
1762 291 90919331
960 1417 60316419
1501 1533 53237292
1319 874 68371732
190 997 39869434
2310 257 14810880
1977 1321 58980095
1091 906 58521273
180 517 43706940
1138 1378 81644310
2068 472 79899353
2312 838 81216792
1885 1918 20968047
1418 1524 73299612
758 387 78929978
1597 1064 60123063
1585 1541 54869659
791 591 79028354
2438 1665 47113983
1404 2167 23032672
1352 724 -20033
1361 1228 93044689
1981 1194 37912532
1883 988 11197165
170 1682 12817038
1519 562 47119741
1891 2007 56643707
1235 2477 34002163
2270 1671 41406529
2443 1930 72117535
2064 47 74589560
2316 661 4226598
334 2428 27255898
1787 1035 37436377
892 202 65277667
877 201 63264334
944 1224 6976984
168 301 55119144
815 1633 17090676
1808 387 7331318
2381 467 87081855
2234 1368 18738681
1840 2443 34920940
1643 1722 19637367
2173 1286 12873639
2409 709 51684133
1544 608 3054898
1079 742 75625001
1383 504 84534927
172 75 66389907
1615 1801 2955512
2412 32 37900230
2132 305 71812473
572 1922 24907625
1581 1869 35810672
1842 623 90652353
61 537 -955582
1778 1571 -880099
1529 1924 94448773
896 1963 97592806
1672 185 52933143
2243 2245 27755958
1853 71 24922033
2368 2477 98208593
1277 2313 37026527
2506 416 45556823
1007 188 83249832
1720 908 69718363
2118 15 -446389
1694 1276 87759780
952 1774 -567310
993 2352 43295804
1433 1941 67881046
598 898 26947161
304 274 -233947
499 2385 33390220
2272 1394 97502696
2395 1082 53365721
1742 930 34334029
1205 1080 6216191
2001 814 87645719
1093 1018 61500873
412 421 -13374
577 1724 81222332
757 322 99582589
508 2012 96130266
736 1459 14770464
461 1142 87325497
2051 2053 82978442
392 167 35679538
2227 181 93236605
1730 173 58509469
1461 1504 98516914
704 1683 23796096
1901 1554 -403052
1096 2169 89221828
1393 2105 32769194
654 1561 52241137
1398 1570 25464060
1846 898 71248029
368 58 16015835
904 400 -311258
437 862 51410316
2374 1585 84674606
1834 2346 92547925
214 1729 18285263
276 1933 21008646
478 1501 54056908
631 930 70764835
1442 1426 -506050
1129 1687 42099679
1095 622 1464992
862 985 587606
2131 813 85211355
317 2037 964506
1337 2093 40068436
1545 2295 5077925
832 890 15066794
583 654 29000030
2092 1777 -705488
1822 1653 73178460
2402 735 21790194
1793 330 76719635
1431 738 7241105
2358 2298 46514891
1361 2486 93252147
1393 2001 93125264
1300 1161 56082632
281 2190 56577503
101 2263 17843009
945 1820 84535847
2073 1789 76742135
174 2473 48831902
2085 2056 29858917
2151 786 32317976
367 2006 32056029
2111 2292 95890959
475 2435 88559362
2076 508 33538276
2270 748 77664982
530 998 54399598
2301 1247 54887633
103 417 44709187
109 728 47437827
1680 456 10482689
804 1509 60426412
1218 425 36063440
2246 1873 89250841
2369 960 61367342
232 571 6042088
819 860 99071243
1151 1648 50499701
1117 1801 49890455
992 1692 89865580
979 2291 81862382
1329 2092 21505236
1963 2136 79998649
2054 541 -642431
1722 1445 -360645
2292 1517 20188052
1572 1687 53584333
112 56 25702918
1568 2026 95089618
687 1739 61651432
704 925 70439803
215 164 6907584
1900 587 -294787
412 1327 19609648
775 1042 61463714
1795 2041 21723125
1095 1199 -244905
1345 48 -981856
1729 1374 22741868
1564 1984 3809903
634 1870 83704871
263 1750 24586459
1910 1098 3011368
2105 1600 27880615
411 2289 48707508
1558 666 76653687
1661 1310 69341039
2244 1713 -557721
482 1950 19479534
2438 339 73158464
463 832 87534922
803 2300 64296396
425 1696 11735984
591 1577 27317233
724 298 87614163
479 472 -426181
102 412 95508813
248 389 45943103
2324 2355 26168985
1663 1565 13020924
610 1660 71087769
314 1822 58599435
1015 260 84116519
2061 1892 -383287
2117 151 90437854
541 1644 5697126
1140 724 72568645
927 84 49366481
215 1542 65540668
1849 407 30905330
1092 2139 12787365
1102 1829 5065924
896 2175 32954152
1173 648 98607879
335 2225 14590572
1842 1583 98316264
407 1293 17710583
2139 1766 95791234
1197 1407 -256387
771 587 59799708
1126 1749 51084088
33 1290 61256132
582 2460 88096560
2425 688 -472574
1059 337 88621792
1232 1387 30361233
737 1936 89670921
987 1687 85004252
2183 40 40429880
1280 257 49473636
1176 1140 32604566
707 870 66998360
361 2418 22530596
2169 1316 82795216
2049 1983 28395649
663 311 95605120
1139 1672 45388827
770 2013 72195904
1093 1721 93976846
480 322 55072049
1947 1793 5478442
532 1075 22644454
171 123 40216260
389 238 89414835
218 517 37331217
151 1166 33940848
1453 1612 22308255
976 1587 6263287
1400 924 75259933
1475 471 7540528
1 68 54186307
183 2217 6715899
813 2159 80845866
704 1797 6969636
577 988 64424356
2387 2313 3571237
721 1398 -252086
2246 640 1568206
1058 218 -980302
2044 1673 44511581
155 1367 27140794
1484 1073 -687869
1423 2249 91841665
810 468 -103611
660 2268 42614674
2155 1615 48733337
2143 270 95845777
116 1407 68411677
1476 1916 74882426
2091 258 -786917
601 1539 -719507
2228 1476 84480633
2339 368 97288021
1764 1331 52529530
711 927 -498535
2320 506 89678798
1289 1134 16824388
2221 1080 12067522
1695 746 22867043
1537 1018 45268478
61 1200 53563561
528 668 18159668
2089 1341 55942752
1487 43 9962204
1048 1118 20902231
1363 1028 -662041
2255 1055 14818779
1937 2037 20500945
787 206 81106785
1439 394 97246951
408 2505 796878
1169 1632 -715485
611 955 4179429
220 1845 24159171
155 1105 17406337
837 693 17116305
2259 346 67719945
786 2317 42503050
2433 17 28464968
1030 299 45690271
426 612 76559397
1800 1675 76417760
2402 2145 42978979
588 1066 56033031
1567 1506 8767976
1255 2134 86639858
358 823 84174482
863 379 64326432
1003 2268 50761574
2039 1718 -542818
564 909 42649720
790 709 95835344
390 728 197517
2432 2068 39274893
6 170 22998622
107 1280 40338478
1560 2496 61421482
1098 135 49618736
786 535 60360828
1972 261 16835593
1784 1083 45036345
269 1015 32318666
2465 1275 37824658
890 779 65096429
1376 418 -809511
1440 365 12458735
763 2110 88534871
1652 1306 86997060
1270 1644 -837450
860 2496 33455481
983 1384 93015167
1788 283 76286755
1827 193 77468793
745 8 43972696
623 1634 51557239
56 1749 20031746
959 985 31586248
687 2094 76557090
201 19 78340936
2050 2032 32025720
146 77 88552070
453 1209 93702812
1070 2196 48710103
176 2228 8226059
2355 2196 85665698
1429 1937 1128070
934 1564 47301361
1322 826 94680765
555 711 90982894
1109 2206 7851507
648 1955 58835825
2362 2009 61457512
2290 1756 36615246
1918 841 86951388
398 1073 13294599
614 714 40337601
2176 1389 19964743
328 1609 -381306
1022 815 94137260
1528 436 65308670
2461 1538 28236403
2187 1942 58429076
2369 580 77997005
662 47 39991382
544 705 73425948
1102 1049 -510963
1727 1976 -4165
9 627 77846600
403 948 60721904
1610 1305 49050681
2176 244 59206921
1144 441 31132975
2172 851 60677432
2359 1423 22535075
28 670 -558201
1661 1352 35683130
2004 324 74783677
2189 49 12065665
1386 1553 -243924
190 2136 70697555
627 1665 67056558
804 889 15172615
1939 1458 -681467
2084 2434 76042568
1104 481 93808758
2116 1487 16625483
1391 1883 61870277
935 333 67616999
2181 1501 84835041
2276 953 84406723
2502 771 36655511
1199 1185 70637278
344 812 85204672
1037 2225 -356957
351 899 54313205
2020 246 34291319
2290 1318 26734480
535 78 14538497
68 738 81839466
589 597 99540032
939 1491 56459785
1098 2201 5650635
427 1800 72705779
723 438 -907376
602 2380 61991548
589 1049 23075667
349 1181 69252657
1790 1407 74442309
665 2440 74500496
2154 1926 84200596
82 1546 37556200
1110 378 61937048
1582 1871 2485449
1367 552 76856908
2482 454 43534105
1683 1966 96378498
1538 810 60950741
1693 424 71588324
2500 1673 -827106
172 1043 98505167
525 1248 34393018
676 1277 11747907
770 1292 1439920
538 930 64686801
1575 1402 96266414
2468 1408 49594095
1554 2214 -272510
469 1570 87867192
1671 478 46731613
1076 663 58030337
1549 1007 -86978
181 844 64378139
791 342 40959449
797 1356 75929283
2378 96 53520796
1762 1366 13244082
1693 825 89227864
1223 1063 19035093
1923 1248 62135894
163 2314 65583341
786 768 55880391
858 318 96759503
1790 647 40953202
2018 608 67852638
2381 1202 57270683
942 811 96406745
2276 110 30543620
1333 366 58868359
1640 1351 55365173
2411 246 31179516
461 1115 75218451
5 1486 -779872
1161 2008 83055333
2232 2149 32706695
1649 2489 -886060
1929 1432 95993343
2106 203 83678742
1854 1650 8526520
728 2109 95825142
155 1570 62194779
1505 2299 25942782
1573 1220 76815079
1209 1809 64553886
785 1670 93305156
838 253 59822568
373 340 -106562
1773 572 20977831
997 923 57706095
163 2027 61628492
1574 1625 1494721
1676 1094 -226471
669 698 78080977
1823 1596 74233786
463 2059 75524519
2190 1816 30515841
2257 441 51013881
2193 2296 -277224
2489 1826 47861202
1163 969 45969439
779 419 -330957
1074 1512 6702745
28 599 91238348
2123 466 80634086
2306 1757 72525112
922 691 52524542
1840 1585 709558
741 1625 89762656
1821 1889 36079795
2033 2081 38722186
2413 345 55840250
130 952 29486386
1077 2262 77634116
382 2427 92010789
538 53 -114647
1018 1735 97052163
2450 2228 54225261
1994 488 -104302
1296 1935 -152474
1269 1372 30049097
171 1044 77548758
29 736 16338721
1096 1423 52062948
1706 1009 31776292
330 941 46810322
847 1132 32962686
1047 1291 33771553
2210 2205 56774323
69 647 17651823
1048 851 -192660
568 2189 34608723
422 1097 5797986
1397 2315 23299468
512 637 79598917
1954 957 64103782
444 2140 92370890
130 2480 62907945
526 642 2661894
1836 225 90458264
524 1326 86057751
1540 1918 64108537
1707 1035 83944400
2447 563 63461454
2176 2103 12469371
83 414 86415013
271 927 35884718
243 490 98627628
1998 336 87872599
2150 743 56044460
2354 1239 46177972
2464 2479 86930759
1152 560 20349378
2134 2273 -82742
2508 2314 -711208
2190 505 30709897
1612 1552 -594850
1723 2356 70696090
804 1376 8724419
164 400 99961083
43 1303 25770990
1453 761 27048176
1300 609 92286802
1435 2012 25541720
2372 2157 32772597
1620 1287 40936772
1378 1654 78955715
267 1558 96488829
609 2394 58521150
1335 2375 47294287
2119 1990 6323595
76 1269 92220811
1720 2359 56090657
511 2415 86585170
1610 1417 58987295
1574 290 2601789
1778 283 11215027
2164 825 -82099
2293 440 20461934
912 1588 47389800
1783 174 95530438
2254 1373 18474097
1022 666 25465735
2195 1571 52923831
1967 617 20243404
677 866 -392725
2046 39 70323463
1784 1751 49927374
881 1026 1339923
1936 912 72450625
2445 472 16202399
1892 1449 22094592
1767 2244 30182179
57 1759 49422596
2467 420 15892656
2018 1360 76789248
1847 1556 86340933
2294 1928 -746881
2280 291 96838149
1865 1268 61422609
810 508 69582472
272 817 68510118
2195 1981 10679145
800 493 17540496
2280 1923 35338695
1199 1781 28645649
1149 1211 45750777
1552 2324 89978495
2088 1858 20786470
970 1593 80031284
558 1140 39898858
2033 1281 26759006
500 1456 10337040
1595 1191 80245610
766 2145 -777648
1659 890 94541688
290 1221 5658500
1528 2070 -714785
69 713 93868251
214 2393 44283320
795 249 79299497
186 255 13672144
1290 1828 49293480
1289 1205 51690959
1607 517 75407328
2313 2201 29778084
2022 378 12944410
1949 1303 36073441
798 624 65431110
604 428 50302462
2177 1204 90492476
634 2101 23519248
407 898 99894190
1069 368 24423506
1859 2185 23038469
1064 393 83461356
2027 1908 57036645
2434 1742 -622026
1044 2273 78209180
223 203 14828877
850 189 59836255
1796 1645 9967669
300 1621 -733296
2358 1218 34629110
1828 133 -715801
763 1093 27975752
802 1868 70994716
1639 1286 59154477
761 853 30281069
2478 2479 88674158
2207 1694 53295940
2200 639 84167431
1001 836 20996421
1895 1874 41990210
123 1092 17262556
1858 1846 97566351
747 746 69503482
1180 86 71201054
222 2484 84436101
396 338 80465800
2216 2384 21699186
774 436 80175803
2367 1929 5253305
1712 1659 64568867
424 2349 12421051
2285 147 38673506
1320 1880 4893801
2052 2122 27377344
995 2361 27013018
873 2331 91779602
623 1867 44511069
2289 1877 44619367
1409 556 1728230
642 1461 1714965
141 1977 21213283
175 2343 82344260
2025 111 1119960
511 40 42137634
2026 2171 45920191
678 197 75278268
1812 1737 11383723
313 1596 34455367
781 775 -349203
1262 1081 82176525
170 1619 9085868
1320 537 27896638
1520 423 78142422
1982 1786 -420175
1667 1219 -965101
420 664 46528517
441 739 21308937
879 289 47509046
1479 899 17665506
2373 960 42774815
2449 258 94674592
1321 1348 51063097
957 2235 22847679
1138 1066 932125
1168 892 61854188
1012 1390 98141280
1679 1073 64877401
2420 1213 3898975
1838 1081 43015775
1512 1412 -552928
2435 1967 16650264
595 1697 90008033
34 2498 13184721
1436 112 99482571
2354 1837 73931902
2359 158 18117080
134 1310 70116829
778 2105 56931481
1395 929 23867165
1448 717 49568468
2032 2437 5015804
1576 167 4354478
2208 1957 34846805
1518 2405 80769121
105 511 84526609
2415 2339 65343988
863 720 35808978
832 814 70657284
2489 693 69877015
902 868 67015293
2202 971 92161777
2423 993 37091440
199 1343 78416906
2503 754 25731272
1767 893 46474977
2443 405 18833485
1165 2323 26696499
2024 2086 86012261
1166 2510 4696772
1028 2226 60483036
1153 2155 62162407
2018 1911 54170603
1977 743 46201445
9 1712 57724187
940 1278 79396443
509 1837 18330635
1086 1022 97236386
660 2040 88194368
38 116 39344679
241 272 34756751
119 1021 68462019
1515 82 19436448
998 422 34905719
22 665 5172386
1850 1420 93398318
2167 100 -519009
2214 699 36851172
771 447 3010851
479 1074 82466113
1056 904 44258374
428 556 39636182
801 2203 55356984
1440 2279 26005846
1757 1365 61807566
817 2271 94425660
1960 1332 10722433
1620 291 93187383
1608 2387 15717197
125 894 98296152
208 402 34571910
2 703 52455525
759 2091 -801406
2296 961 74760788
305 77 72153768
2483 98 96757650
1347 1908 98554156
1097 2094 97898689
2018 1214 37230797
639 356 3646783
1892 1895 45782585
1578 959 10562198
1677 684 78429910
302 1742 19301550
498 1514 63592552
2481 188 28728546
1032 1423 82482905
1447 1479 41337817
1044 1079 57606788
599 891 88000185
1324 64 62396871
644 1479 -273848
1075 1718 89006250
1747 1702 81033241
2432 1910 53223183
923 310 32612517
839 1645 25609579
671 804 57743749
782 345 50643418
2325 1725 40687451
440 2118 85063200
2321 2062 75930967
2476 1778 13033578
1850 243 17604576
526 985 96198851
1971 1211 64507818
851 2056 87296433
1857 2129 72444147
353 1260 60040177
1547 2499 93775309
2171 819 41210261
1892 1502 -550907
1736 361 63978310
1841 62 64846267
508 1227 15438345
1561 626 44550780
940 903 53305582
79 85 96296622
878 1865 38589525
521 309 18046472
2261 191 41902188
1036 447 81738341
56 308 29394131
1052 896 99316296
891 327 48504181
2447 741 53916845
2019 1669 34759692
1241 490 21838949
374 2442 46262993
1041 189 70577052
1511 563 2493373
1994 1243 30139414
733 2045 51155163
698 2449 -515221
892 2166 1820418
1925 652 19268545
1817 954 45665320
177 649 -372978
2026 166 86378202
291 692 26815691
723 2024 84763354
544 1355 22443830
2008 988 49553814
1212 1531 28902591
1584 1887 40856326
189 737 59570410
160 1727 81429853
984 1466 -321929
811 1144 77930989
1585 1523 12470925
2392 199 70181082
2447 312 65571127
1083 2282 98974895
436 471 93221989
1529 1613 10361100
568 1661 15939312
2439 237 67227894
1502 343 75110219
1146 2424 19485298
588 2274 -623371
1496 378 52214132
1383 650 75148956
293 960 34738380
1299 1630 6680221
1958 56 30149759
470 2345 25315960
976 1470 -129948
1813 2425 -281046
1241 1551 -378019
1140 91 76728795
660 217 76271463
1450 2155 -665613
2472 1992 -692247
265 1816 54308162
1897 281 5062022
1225 1837 29187654
2477 1066 6353125
2349 1992 45104723
1031 1127 44450990
1355 1830 81107799
910 637 73527031
1208 1972 11202957
54 1097 38384331
1160 1439 88611394
180 1385 32631961
193 611 18684578
2413 2362 25915443
808 446 1319379
71 2487 79534694
274 2189 34683834
2373 1375 13479116
243 1037 -881937
350 1662 -420388
1105 2347 16193135
2070 658 75133231
2112 820 47786646
787 2375 42241968
1799 1588 5214974
264 762 56540737
985 1961 -667800
684 1496 44112095
683 2385 15642799
1491 2127 67490529
1220 998 44112983
802 251 29605151
1959 152 85073145
1934 2234 58952986
1242 19 86199744
1517 408 93401673
2241 611 48115949
2339 2018 73148909
1554 854 43651496
1029 1030 99271362
2450 1769 86709179
1512 79 92753250
1254 2329 74401573
1761 1997 95880871
1618 931 44563866
1734 938 63361298
1164 2275 33927440
986 1605 57734314
2185 152 25902827
324 890 89000544
13 2445 -478596
1449 519 14690177
1759 560 5226193
44 2391 10970498
2209 238 92795455
1684 2137 94467030
1451 1444 86141402
1092 1754 25424339
592 1358 71687012
1523 582 80967800
1286 698 28680026
117 650 74867947
354 2102 46766424
1584 1683 91301916
1000 1549 67542722
1687 671 6767881
2062 316 58830635
1073 1882 19900228
1609 1506 82309278
802 1474 75453023
1773 427 46922106
879 930 45020829
529 1875 23418427
1230 1113 94176148
1912 1352 13090709
370 628 59558617
1527 359 94398327
2002 1327 4131014
2052 1597 84826552
1826 1143 90107183
20 646 5214090
599 1625 14934802
748 1153 91290514
1607 147 -515663
752 1017 -418508
1493 257 77840604
679 2012 18665046
968 880 29696655
1123 807 87031752
2244 254 -150560
540 2231 92841980
1887 1799 -928915
597 936 -834027
1500 2504 22587241
820 1033 33649408
594 287 20448480
1166 869 21685429
2100 872 62530916
1703 2042 91548117
1097 368 55490684
2485 1941 75691894
2406 693 65602397
2349 2227 -869897
1358 2195 65864396
2003 1808 -745026
104 1864 24015783
621 1099 62264295
2056 495 86242594
1216 1951 55841630
2003 1767 49197949
2273 1354 43511932
702 668 60773429
1636 41 12128194
846 1212 79450988
2287 2088 75496164
313 2083 -254343
1798 1062 96120462
691 206 1993597
1696 990 -380811
1553 11 50877397
304 462 12126697
552 246 52247763
2203 1379 29467278
2414 1612 -62758
296 970 40965584
262 123 48539357
1514 1776 17700295
2279 2271 52196492
423 305 45625269
1669 53 1538361
2388 380 71606963
1318 523 36905864
645 428 16294952
1709 1901 21605780
1824 255 26695855
289 264 16448369
249 1522 30406146
454 1098 -864463
1559 1601 25211601
2161 334 66654264
1709 955 94835513
1095 2212 98020099
913 459 16558336
574 2150 64791127
1751 2223 16364860
1033 2051 20198549
1077 1892 20446215
271 119 71147814
304 423 67144342
644 496 32813646
189 1060 37858138
462 2330 96792280
1696 282 36549142
80 1522 7638678
1023 1556 11741100
193 598 31766392
1647 112 80972305
1781 1537 95609781
1428 1131 23779704
145 723 91572720
1572 194 41730814
1130 1142 68822364
1172 1585 -304791
102 2361 80562081
873 1911 95460733
1673 2120 60505119
2503 1903 78628704
264 1425 -218457
388 1911 89325512
2504 1728 42582778
980 556 82047529
2046 1682 72264624
1374 443 46469655
1120 1156 96361891
1797 560 -579408
1906 1988 -980219
575 1690 18778330
2504 2062 20199918
160 2260 68782018
1642 720 84367414
2078 364 65669789
410 1190 26119102
2318 2319 71512667
47 1517 9088199
1429 2089 46815263
1484 1618 45463792
2039 281 25486382
696 2403 51679382
2266 218 92642640
1704 1420 15358670
578 266 38093981
2447 1722 33360988
1798 726 48413377
227 987 44598024
377 2491 81520713
490 2507 85064820
49 1686 12626326
1176 392 31990181
882 2451 37495186
402 1726 27095903
834 1521 92438756
1886 954 -171783
118 1163 1379793
1487 1993 87590496
1219 2015 14981686
2060 585 83439646
1629 937 -922209
953 2230 78531799
234 2248 97577470
2043 2349 16990626
2367 1143 74934582
584 2348 95122680
2304 2213 81141036
1428 2447 80317104
291 1213 83389963
275 1171 96370388
1565 253 47468940
92 1606 88479622
722 33 35077905
948 1108 72873683
2281 1672 41348054
1326 59 78762660
69 509 68837225
1201 214 62600296
475 895 8328843
1537 676 64394391
321 1353 91107199
995 882 6721319
1820 2265 76249011
2476 475 87027647
1777 1595 85080381
1409 1182 69281367
309 2414 59981551
2184 2440 54524101
1340 1453 7585378
2053 1652 3987344
844 1031 20653586
2013 2289 70865223
2377 1879 55700719
2453 732 -433156
2409 490 41725616
2499 1840 25277357
1505 1231 52697291
42 1260 78425208
694 1890 21287151
929 29 17197967
1852 1311 37788029
572 1598 6262546
1545 676 18292722
2496 894 26938076
690 1518 48868014
2259 1386 37199215
1212 1258 9554275
1865 573 93163843
1371 2069 75483767
1926 1494 75819367
293 283 57386800
418 1585 34401757
2302 1882 29230887
687 2492 6935099
1260 2064 -323652
115 211 78110165
1220 600 55088396
1860 1203 26756463
811 479 34200117
870 42 56432459
357 2372 18566829
1870 1204 51696508
248 1554 10126244
1505 1182 73767872
1273 2040 4700117
645 741 48152171
253 1665 840802
1966 2135 77448979
2488 811 99962396
1008 1313 30958274
2064 1603 65901948
2355 1422 80760745
137 85 82597537
1465 317 86070252
10 1152 -630468
2296 1178 42418939
486 399 6615428
662 1523 19309120
610 2016 79872298
1335 932 59231682
757 1808 50486562
2432 1706 -29926
2226 2028 42375841
1431 2050 85002506
719 944 14457695
1391 1674 3886059
144 107 93407218
799 174 59007290
1771 184 33818683
507 28 16931297
1269 1733 -345138
2376 1680 97721824
1683 175 -937341
523 535 68047029
537 82 67141269
314 1614 54508640
1005 2333 49618618
105 851 2576214
1140 1419 77408256
2493 1458 14187364
1075 2170 74909893
347 1321 43386040
750 1591 13064071
1832 1652 10696870
2219 1071 -721623
1162 1472 53239412
1902 815 92290491
452 826 67048395
845 420 24779973
397 1808 42932437
909 2330 51082001
1178 2334 23141224
2403 367 98897134
878 1458 84205965
1043 1136 23469252
1712 2343 22273013
403 1914 71985922
1523 493 41657682
1992 2297 19927719
606 1502 95080044
2503 1836 -887319
2310 2441 19017024
2116 1838 33118125
1982 2090 34468402
133 429 -215361
1773 958 45953750
2078 694 92409993
1366 1267 51951486
1126 54 -522334
2320 85 91841876
816 2138 88098741
640 897 10556501
1345 1214 14536837
1769 2069 84329937
2416 1424 -789287
914 1389 84930133
1168 381 41651022
1822 1207 34963299
582 2338 99851998
1396 1630 97266020
345 2140 34527921
1593 2145 13597644
140 2488 27141281
2272 157 98554833
69 1778 24192709
1712 1069 17428763
1897 1256 60977519
1101 2481 45359890
940 599 80542653
1788 1667 16326142
2404 668 -161170
914 1330 63957223
2406 1684 40469769
52 1466 57325926
902 1708 98247828
936 488 433814
250 1232 28297591
2098 1482 5550204
871 2414 54190009
823 2108 9403133
418 1907 97629100
1724 1867 94456337
2111 1372 80717545
695 821 23147961
1076 294 41540828
491 566 368666
245 1885 -585784
47 203 30856600
425 64 71988549
1815 961 40491761
355 1210 -201037
1448 1382 87866660
2329 2089 22670288
360 1479 -276653
2143 2474 65256899
587 943 66373130
907 105 82960126
886 621 -231171
1954 2005 97473960
238 2494 97056511
1177 1897 72632821
1736 1613 33847584
388 611 76095918
537 1177 7713615
473 464 13355364
2295 510 1947725
717 1949 46130135
982 1690 46672133
2436 295 -803340
1163 1801 95790307
772 346 85530421
315 744 47598585
802 724 92324126
44 1989 90724609
322 499 1480938
594 1020 5855452
1130 209 1150930
626 1994 48761741
1007 1310 55061779
2385 284 39268433
1638 566 30206423
436 256 44858538
403 997 5031585
1856 1234 92262407
1500 42 69668177
11 1216 83856301
1766 1856 81593532
2121 390 90082300
325 2389 -605673
511 1697 -334160
159 2389 54363671
1859 767 39564652
1785 1551 7524729
1944 571 15090867
984 1774 17730097
2197 1605 58959115
2512 1792 42531039
2318 871 41984160
1975 674 42901857
920 1424 43786507
418 1329 79002005
616 2028 93522975
1989 1338 39881122
1044 793 65626503
1526 394 28388055
1136 642 49907909
1002 2141 12392410
977 1687 83109399
1173 1393 33436874
172 1090 43918645
445 1155 86559084
1126 2386 29373713
519 1056 79474777
2437 1731 22102931
360 1477 17032783
2237 1459 18113252
1300 2174 32683794
1746 861 98200721
2433 906 33648478
1212 2128 37486756
2164 1668 12253789
1069 1017 23685844
1233 1802 72643624
44 68 37296448
1838 424 67818984
2028 558 38875665
928 45 91640608
1604 259 3945586
2452 794 14505904
1528 650 78889959
1154 295 -319255
1915 505 39815482
1036 778 28826799
2388 1644 50188139
2198 1313 71944167
2231 417 4747860
852 919 83780943
874 1748 44183359
1372 2347 86985642
2497 1891 84215732
2180 1513 99650715
1714 219 72292526
1919 2173 25070158
2481 952 1685542
2099 118 92900356
2228 1496 35249316
1414 352 32924230
1615 2359 68936254
1931 792 -543634
520 2067 46917513
1608 987 57002163
35 2073 -804954
2402 1494 75233388
1637 1829 91587148
1598 167 12959495
228 1540 45953814
1313 2297 4066695
2420 2372 1523172
448 1418 34945788
683 1522 13285153
2416 1336 40108195
110 1435 46242904
1926 622 20259498
32 1771 65780025
23 2139 29938236
377 1679 34934811
296 2427 55402529
1723 405 67872196
317 1530 68635748
477 2026 9122452
557 23 37518223
1892 1050 23679727
1564 1742 58976487
100 1571 66750009
1326 1772 36020320
898 2497 77385090
1690 1694 14685782
1972 2 71750653
1299 305 44572609
1902 1603 69469572
2320 355 75217647
2070 1136 46446161
996 1103 67571850
433 2263 32140613
1958 1171 41524458
258 836 58661746
1497 1325 95536530
1920 1109 -155193
115 984 49869364
80 1975 23470283
537 387 50320361
758 2422 59643976
1297 1546 -248375
1448 1567 38241184
1502 570 67480645
330 2192 -838680
2278 463 10626353
2049 294 52114648
750 824 97624408
1443 846 -337024
2203 753 26618709
2356 1747 88164352
1138 1127 27376354
1386 565 78112681
264 2216 50214222
1209 2303 9125654
1346 2255 81070181
343 847 94240386
404 2218 38593191
2472 2193 7039240
85 1047 29896396
434 2099 25434341
809 1201 47509713
1081 289 45102283
597 2439 78840573
674 985 40909918
2205 164 48966012
1731 1384 12016928
1400 615 24247185
513 1306 26022350
1017 860 24956222
736 861 64473206
1271 1920 61234022
1445 861 38800528
981 1056 90145046
470 504 76398835
2234 2313 10230283
167 2410 88507974
1113 2296 930421
1934 1089 79546830
1816 1338 13745303
1215 1178 30667824
1788 2028 85475385
2399 1153 27122670
2203 1100 83631867
1508 1044 75900260
1112 2501 83187854
1507 207 72738577
1321 1862 10792661
1744 1056 -839104
1571 298 12729433
1872 1076 54803422
1691 2336 16647086
553 167 -500840
2182 868 42161385
1951 2070 60561893
1529 978 19468462
1720 2272 66246356
1865 953 69090309
24 655 8589092
2170 597 51215851
1749 627 67957314
1795 179 6133010
2291 2071 47765311
632 1441 66756417
1528 424 34592879
1310 1098 60606509
1480 1364 -635703
521 204 80248033
248 1864 -761326
1440 1364 58895209
1518 1360 78606373
438 1520 63965009
1183 1066 29607844
610 2075 8736254
1214 1411 1329817
471 1988 97369369
2339 23 93358351
1900 1239 -395785
625 35 54460498
884 848 91694548
1037 2485 48632492
389 94 87499411
828 2314 -363395
1093 429 37511096
2404 207 46042020
1527 826 69482661
1242 415 6773925
2401 642 47957169
1346 1450 87699477
2216 1954 29897300
1298 1851 67005196
513 872 63184053
525 2368 47818571
2209 2495 10641477
251 1189 52055276
1661 629 3748261
63 1896 56924044
1018 1992 17367371
318 2213 43928715
1853 2403 24149396
2238 90 -90844
1115 1813 12007390
2499 1156 48004033
1481 250 65891108
754 527 92924761
443 46 29792886
562 248 43576863
1336 784 5156942
773 174 -710526
2068 1164 21424468
1010 1003 42917580
1363 495 54038264
382 783 12999501
1468 2342 85409597
2172 565 -517052
130 1406 40851570
1940 2058 73665350
828 917 88044558
137 77 -28104
829 2054 84448039
2336 216 80952496
1468 1167 97574390
2415 2475 51310077
172 2190 47861539
1338 1201 15462534
227 830 50864655
998 2407 68488987
230 1198 30837719
441 1435 83625646
2010 1818 -663964
632 2330 33834925
1269 527 52172919
1959 448 47300071
2122 1929 63153674
1499 1243 28142741
703 1175 8284585
2490 855 6417466
729 693 33596326
1577 1138 47295528
1757 112 18566315
1723 2024 94515309
2240 2086 57552306
1192 1400 72021267
1398 2450 50903595
1442 1036 31920678
1542 2498 99466351
2385 99 77232131
292 100 47919345
903 1994 -598322
645 2131 63740821
1563 2286 62378588
1373 1134 -695655
1186 1947 23780420
979 336 74645684
16 1230 9220874
667 1480 28500569
1610 165 -2725
681 434 15527118
1254 13 48969445
372 1131 75565875
840 2322 95687141
2511 1312 50801807
102 2482 85686662
928 2238 73409416
1156 1738 90167921
717 2338 54217133
40 1238 69995746
393 1993 30430719
422 1651 41828501
1610 672 75207768
324 480 42319831
2069 693 51863653
646 1575 33238894
1312 515 97145753
1857 600 9301103
734 793 35031505
1595 590 21532291
1269 530 83786734
985 662 16942711
1594 781 674732
206 1262 -33421
306 2182 57871684
2242 851 91732753
1058 1145 89227521
1384 2033 90768237
238 389 85799126
1733 1638 1825376
285 454 23363504
94 958 29289199
659 1065 3592969
1482 2263 42738620
2453 2139 35988423
1579 958 1088307
1207 1482 64039096
1368 1087 -978506
1520 2033 6792839
22 1064 15869497
2180 2430 85531880
857 613 39890302
471 1119 7538965
1254 1940 57769420
624 1183 19135157
1763 1745 35148061
1714 1421 63196910
2468 1354 -28271
1475 21 61245729
1631 1228 50871990
265 1075 61173019
2152 2003 77690929
2167 1494 95034926
2181 765 11426021
1731 698 13965736
1738 2422 3650791
419 396 44769165
2348 2124 65424239
1466 601 67813739
993 523 15803684
1150 446 44237582
1422 1793 5005527
964 1561 -780140
1095 1339 24598611
1745 821 49429568
737 965 64579281
922 688 99204965
1938 733 5934013
1556 1032 22281289
990 2416 -35228
1140 2392 76992909
2155 809 35077541
1823 383 43822927
1197 2248 98949429
2041 1545 54601263
2362 440 3151856
1897 882 89005724
374 1527 99802655
867 1865 97384865
2118 2193 95503724
2475 1786 27228248
496 1428 1303192
120 1810 -573436
729 412 15559157
1006 1742 8873082
1125 743 -515222
2145 1115 13284341
473 914 87261782
1624 359 26219002
411 537 69334659
1078 1181 90095573
2351 1914 -782090
1633 331 64271392
1419 1249 3906548
1023 735 38548947
931 1692 16009641
19 2484 28516592
109 359 84073194
579 409 80040675
1757 2384 95248601
1540 330 11071197
808 1700 73204458
1963 2275 49395271
1620 399 4403589
2462 1715 53886279
1110 159 18617401
2512 1830 11293800
1042 320 24747330
935 329 17893446
45 1968 29759357
776 1881 54118952
893 1212 24392850
1527 2100 18062606
1206 1408 8847575
1467 2469 2621082
1454 1130 23136370
120 74 56365006
297 1286 80758709
1747 1761 18066586
1740 1234 76551250
1537 2309 -224761
1726 810 52645942
1478 1989 62252898
1777 1932 28069228
1625 2092 81449358
1916 805 29340609
1901 1385 34156637
2467 1777 28632634
745 1432 -821362
1452 1278 -639880
432 614 10055429
1868 2344 27017766
1529 1872 25008648
1334 2349 11951975
935 2019 63323174
242 1241 31430727
256 220 20950717
1970 1754 23021539
1466 2184 20244334
1517 1005 64411121
2216 1316 -586865
536 2302 1116302
2384 1406 18836057
1479 779 32046284
1927 17 77574899
1456 656 20146873
802 908 15086039
935 2059 9578689
391 330 86896166
657 1929 36958271
233 1098 26345261
68 2198 53467813
2429 296 44379948
1876 719 95365856
2474 480 51179908
1127 1747 3101117
2436 1345 14802456
689 2124 26664969
2288 407 63685803
1032 2314 25816252
1651 831 77542219
528 1384 55878935
130 646 73698415
2158 1731 41577741
1505 154 87205163
1496 1577 17322377
1127 86 -198982
2131 1047 20933686
1111 360 88565075
1011 873 -638764
808 446 70746607
605 685 67140205
2189 1043 22049112
2231 1824 46504910
1693 198 48794711
1541 2382 78043499
2011 2323 80086261
1901 532 93479188
2270 1094 57923289
1747 16 8131903
2057 206 63140951
589 2431 26654542
2498 1735 46120825
1983 2429 12374507
718 1486 50049158
1087 1640 25704243
1619 128 80626806
65 765 27558779
388 618 21549115
2346 56 28767492
487 57 51186662
2208 2215 76602125
2097 1595 34945433
2199 2390 81692727
199 1867 57055276
997 1971 11038763
1390 1864 33936650
2463 1130 17225345
299 2141 99784418
264 1241 43756984
1170 1001 70396408
1943 2172 80872091
2042 135 91876843
385 1602 -870971
1447 726 23810826
58 21 -44846
862 1666 70049905
728 1205 11330597
1411 520 45262052
1663 1420 6567854
1837 165 47700170
1076 1610 78907590
2383 1510 93109905
2493 1002 43842400
208 2296 11135958
238 297 29603238
1699 1769 93219677
1645 838 97664039
1359 2420 35058107
1279 1195 13492606
1895 503 -159399
487 1080 78048389
1889 640 92655609
812 1095 8401192
387 1722 47922824
1779 472 94027358
816 516 10091836
816 1382 22585148
1054 330 10785102
441 399 99821482
178 1992 3710782
2146 335 80529337
641 109 76568166
2096 2372 3128444
1056 2069 89573734
1945 538 48344199
292 1885 6455385
1857 159 24498345
1810 850 39290926
750 1647 92629303
2351 1122 28971734
292 936 91810674
2256 968 38650552
217 871 65168706
2218 770 18909787
1105 2024 4210507
1202 2190 22988287
2162 457 75371025
1244 231 -777612
960 583 64703098
1103 1708 44803471
1904 2094 68837598
1711 2360 18634880
712 635 57542064
1200 1274 84808197
1645 188 27551939
633 1982 38524819
2179 670 32957629
333 1985 -137860
495 1117 56493553
2291 2320 75571524
1287 199 43042475
2398 1304 21088856
559 361 34234838
1076 374 2420256
1901 2319 -446024
811 119 20549322
341 1766 40822217
1254 600 57444459
2284 1916 67952446
1643 135 -544954
1336 1550 82769779
1151 2159 60368844
510 2265 58012582
359 175 49013014
1618 1400 19169632
104 674 91152597
217 395 19728523
279 1799 67830310
713 685 21994749
9 554 93240560
1542 2204 -743017
1715 1207 70034076
374 884 30635025
2234 2173 70790506
845 771 85635316
1075 712 -674093
1313 837 52292999
259 1413 17985008
1846 712 31113626
974 2193 -22260
1842 457 9040086
1675 2042 99530372
937 1316 32216410
2494 2251 26035646
1952 1239 23599904
875 1074 81612645
1485 1662 92521330
2089 1117 25261613
1061 263 8348130
1147 791 69579098
123 814 54282219
1720 1935 79293290
567 769 43616000
1859 1473 -530846
1692 13 31573003
1810 441 18669050
2191 382 3330614
1531 678 -166874
2421 1618 87228977
33 2020 19800457
788 1813 24009225
1450 1344 31318515
433 2245 14422884
27 1223 95480819
2256 830 89021728
1146 2118 88174566
2311 1678 42405502
2330 1354 49812159
1449 1250 6128725
1313 977 -641304
142 1238 59651751
2484 454 37011732
1673 328 715056
824 200 20164084
943 2100 -870561
2401 1842 6618670
2166 40 47593603
1910 1443 76059855
786 1089 79724411
2299 1654 77067600
392 2059 57008046
997 74 72797897
1455 2084 97860123
1624 1003 3649448
2409 456 47205874
2107 454 36326033
893 565 84425705
402 2408 4359394
1648 1863 79923203
2417 1838 10388860
2373 316 63670789
783 101 26850227
116 1969 60707174
1711 586 5507562
1888 2322 56746384
1064 1531 8950695
2462 1853 -523776
2125 707 96441513
1476 974 11484200
580 65 33122427
262 467 97449137
947 1680 -523918
1433 664 3340050
669 2271 71299836
1107 2315 -879397
1160 1738 83106743
937 1353 75849045
2457 701 72664827
2495 78 93236527
2101 151 69972847
938 1464 -248048
833 1620 17971992
2416 1187 5846199
1010 81 39458807
1222 1901 7348181
2221 715 77222949
63 2003 72320183
1303 2079 737648
771 1665 1066193
869 2059 52669528
1236 2405 67355844
2188 2106 61881830
1082 1003 16039490
1184 1338 36584231
951 1265 66584771
1592 2361 10171170
1250 931 71321968
472 195 65848519
320 2031 48965342
1540 932 74531495
1077 1554 59926226
2099 1467 -333093
2374 2392 87731750
2505 36 54134050
937 1710 70374649
1626 620 88937547
306 2163 58554229
1340 304 52438629
1735 1522 37675428
197 2221 64651451
252 1544 56408094
1320 192 1906252
855 2115 24296675
1979 518 34794738
556 1808 -14408
244 28 113688
1073 603 26209032
1350 96 3802815
1674 1810 82073592
2087 397 73347066
1900 273 68486223
2300 369 43744098
1645 1078 31033762
1738 842 25778656
594 2061 93428734
278 964 74527517
1566 549 11210652
2181 2187 82901081
1289 2296 37320071
236 1358 97391656
2022 2325 93860349
112 201 33613988
1370 2217 52382491
1478 937 95588430
1626 785 96574332
2066 747 64062477
1197 105 50516085
571 1196 50613463
101 2158 20689385
1813 1850 42484389
1577 1134 17401084
1077 1312 64946246
1902 1014 41170233
319 1740 -265716
904 754 47956271
1562 1948 75194629
844 1824 81158019
1769 1243 84695658
1824 109 38414979
1555 1624 71998150
2232 885 50431011
11 1806 86965007
218 901 7295647
2023 332 4783465
1978 2491 40569920
2493 1902 66957724
1054 2116 44644228
448 1137 81881863
1978 12 20033218
422 306 84635379
1731 241 81436894
564 1630 7677097
991 864 65058918
911 66 94429753
531 901 11087099
396 1355 93809886
147 93 34418434
1712 1303 -937207
1220 2103 4098445
1216 625 21834649
700 1005 57609293
785 840 33836651
79 1711 52163857
296 535 28680076
1251 1800 6663792
1930 1229 89000370
1340 181 72708395
828 2437 80641912
2304 164 -442114
627 846 45426202
819 418 79438859
1107 2116 79995987
1562 2315 83513023
1475 1860 27306222
2283 2125 57549557
119 1403 6612646
2107 597 44372227
1859 566 41853664
206 2127 57134457
1166 1890 -372105
1657 1768 73704323
2219 1148 45629525
2066 2126 56838038
208 1458 62441525
1277 2478 25827798
307 607 5592443
1120 1156 97733914
1015 1634 90839846
1311 2094 79891350
1138 2358 13467721
2320 553 51963870
1226 1370 27880967
663 2417 39761851
1442 1658 72430651
297 915 8479713
1360 1122 68897789
2460 1278 26846568
937 545 59767018
709 2172 74361292
626 1491 27356570
1560 61 58079358
1424 901 70738979
1114 1596 4206817
1528 388 -102476
1345 1638 72450404
1551 269 -17968
417 153 60873912
1258 894 46981389
784 2498 -487063
2078 1042 4842725
1154 1437 29727139
2015 855 -876237
1292 1064 -339911
1460 1435 76447230
69 2208 369473
497 2346 87459624
511 785 4445547
1786 1872 51376107
2033 1512 31599986
1286 1052 75656895
1295 1651 59675126
2344 138 44317450
1359 1871 43664383
151 311 15799733
2086 120 87898267
1542 2224 81460472
1319 1980 94564871
92 322 87181945
1402 1064 9947974
1148 666 442267
881 1352 32659090
684 1589 26308331
579 1801 29701713
146 944 97445123
2229 2121 61258257
1521 2216 -98193
1147 693 61336900
2191 443 -291288
1275 1001 67349043
1489 452 45282357
1225 1795 96092974
1628 82 28871889
58 2256 83869157
645 545 25765795
756 1548 72125459
2113 1485 36838593
75 1125 22242981
2165 2101 44982039
277 1783 15258900
1078 1909 91073159
534 1680 8502109
1417 810 80996876
580 2140 27450198
978 1361 99945285
659 2169 68880016
1272 247 -721832
2056 1316 -748568
655 138 7350084
1961 841 -39251
1355 917 80109064
1787 917 -347617
307 2470 72979186
626 1111 17536188
666 1979 87311117
1523 2458 99242358
823 735 77511579
1332 2315 70764106
2381 2353 94953376
409 2168 26421928
579 2204 27592780
1368 1758 22917090
1516 2015 37767453
1893 1337 41236823
62 2310 -405716
278 1015 15555706
111 414 -311065
1743 1716 94230740
898 2500 82885574
22 1950 69454301
1389 1701 58222792
559 913 79739127
1749 526 83481800
1791 2299 75882139
2495 1676 88634698
2364 2409 26815416
16 1245 -216278
346 2007 34333502
2429 316 -771620
1455 35 73242792
715 1335 25960523
2224 601 -218469
287 524 995212
16 1671 32707901
1806 119 51561782
1702 730 76773762
365 1572 64994086
1111 2030 77107346
912 1682 16315515
775 449 57250354
2510 333 15866038
1948 447 -250940
27 1682 37014580
1162 1126 72585381
1819 686 83505932
1094 1842 1186751
501 734 91695810
1798 1905 54142958
1932 767 -68385
1886 2448 43834911
1895 2078 93091103
1028 1787 63290357
2409 1401 58255695
1133 1184 26232970
2393 747 77516840
156 763 85412468
1466 1651 62784190
1384 1082 7560723
1634 1084 75769489
1910 969 -285076
2342 677 20202900
586 2198 96878160
2108 2313 16251719
1450 1486 65033816
2439 1303 86910487
2058 461 25808627
1997 491 31745133
1391 1585 49268629
1427 2258 65685124
815 870 -580212
894 329 8549867
1886 2266 32898132
1651 1981 36235951
2178 10 -326801
1207 1531 33085003
1951 530 99335778
1519 129 30237367
443 1647 83572909
1919 986 85618165
1562 624 86835469
2126 1556 27245491
1042 400 90875948
224 1805 10919053
1655 236 50582103
809 2384 75799599
2158 530 1202578
112 1868 79486154
1117 1471 17732504
1369 1469 20805621
2297 719 29525462
1128 1104 20664616
1542 239 60203214
1028 1986 57955354
969 2286 14057175
1040 2351 64638935
760 711 40505368
930 1367 6749855
631 2023 98777886
416 708 6466082
2140 268 76928121
2061 580 56550964
1371 1603 35609035
687 676 2068728
665 1800 82445469
1548 721 -894621
1212 1801 75235728
1607 505 9581917
857 1538 89322702
1686 871 27711386
2116 1313 42096850
2302 522 81708611
2386 98 56180504
1380 1598 -580085
217 899 25016987
1805 319 96545212
1789 769 -961626
430 476 7320422
84 872 57309262
60 2177 59974176
610 1750 79693931
1691 2075 57465434
2429 24 11594595
1714 1255 17753632
825 745 37281488
581 770 55850329
2220 2489 10586879
1801 473 92683557
1530 1795 34561328
434 1194 91180582
56 2053 95903094
2055 1360 1699714
1052 1819 18864319
411 2202 76588059
2507 67 9386908
1781 1347 29009210
1336 2073 31140056
2504 170 85470930
2347 2443 86664388
891 458 23252710
134 1766 41511376
1841 2482 5207815
433 1862 39700618
1696 2286 19358733
942 57 41268293
1902 1483 19313911
2452 875 7148231
1342 1974 80139050
2136 2282 7400003
294 236 -830035
2446 2179 44949682
2075 1786 73723830
475 1234 -743643
546 2061 52723739
501 1044 -367780
1712 963 74190341
65 1448 40776243
1946 71 -41934
547 1096 98339255
293 215 13378690
384 1492 46671290
310 1777 81638441
590 1863 12692275
1682 145 28886641
1793 878 90979723
46 1411 95435224
1358 2167 78447784
414 70 82382
2012 895 23682897
1545 1126 93872940
2333 386 62895671
691 2112 44390826
360 1822 41339655
1408 1521 23963953
722 1200 50168429
1015 2166 94038072
2094 2164 44733605
779 124 22956192
1700 311 38265092
1235 1760 94160026
759 1415 7291514
2066 864 57927730
1708 401 36743280
1870 2103 -59018
1929 2465 67238947
2285 1684 57988700
594 901 19183326
1218 962 32282739
1404 74 84983228
2131 384 27455637
829 556 31025785
757 1081 16976288
346 1272 -912278
1758 2044 8345981
2471 925 32455917
1761 2133 707551
2153 2117 25456206
100 1697 84757476
2198 2336 9503164
732 1245 74804041
563 1673 98388250
190 630 12735243
1507 781 52234833
1519 2281 84526557
2094 10 61643398
2355 1396 46978096
2038 2365 67266793
257 354 66683304
1715 1250 58857768
573 129 55952542
1927 775 70210001
1132 2095 -428439
2281 1384 28894947
802 775 66975450
222 899 80386803
1158 2472 24143093
730 709 82433347
363 1086 52651185
1298 2250 63684900
984 726 85765702
1212 1760 66438918
624 588 44252221
2364 2099 12661261
1034 15 -215744
872 2369 32222767
2393 907 32425255
2132 102 35696152
212 2110 74121306
534 528 -115433
1230 67 -961447
2402 172 82222680
2365 1432 48474906
2366 1478 65201898
1446 2490 8355242
1054 1100 29184674
1950 487 7417911
1911 74 34965674
2315 1450 84980566
2415 2190 83011841
1680 1474 85430921
155 2485 -573967
2115 987 70181784
1982 1931 88972476
313 2385 21528089
1824 830 23697474
2199 1555 64213499
2324 1258 79448689
2337 813 55007248
991 1613 5565376
286 828 70850188
1350 1107 1898390
1618 1373 17557263
400 1610 41511531
1842 2045 81951031
2207 350 27105322
2402 2361 62877724
154 1358 12043886
937 1567 62597739
1670 596 37863043
1339 234 22425085
1367 2208 77493441
1516 1065 30722747
466 1852 46195987
819 2071 -556243
1053 2136 49415556
1059 83 11719426
524 2351 53258193
1554 8 22167118
2053 1470 12369414
1014 1589 38546436
1020 388 261874
2386 1910 1640838
823 1675 54336482
1724 1832 85377687
2218 403 94558138
1578 1736 75246212
1658 295 85002974
1711 1683 -690576
237 1268 11649309
1585 1910 81433014
184 568 99263179
1301 430 -243043
15 1584 7831702
2336 2297 66786019
1047 1880 79006494
1767 466 90673770
2006 1886 56342696
79 519 94118264
416 1326 95912795
61 2502 42591782
1563 1366 52523671
934 795 74185113
699 1779 -663789
894 50 81380571
422 945 58261812
700 2394 46058309
80 1038 58017958
2004 1087 30668677
1118 950 63020468
2202 286 5202365
1494 1623 21324686
2101 1956 31068140
221 1101 31115687
1673 2014 16116500
695 2342 21860509
1514 73 119832
2217 1151 27077817
2415 130 59588220
1753 564 38293785
811 2487 -336622
123 1603 88848056
1988 803 10824786
565 968 39774607
1408 1476 89328785
1131 2353 -68932
1218 40 -553289
2499 682 4129912
1776 379 16896799
1441 833 -895362
1375 1705 6941974
970 291 804994
1828 2257 90749644
212 780 -118786
1365 1631 32193206
2388 794 85430632
2005 1504 90543090
1134 1817 -878746
1162 481 83589057
343 1063 44465626
520 175 63822074
613 1889 71981279
598 2343 80146811
652 1139 70065130
680 407 1622905
2466 2378 60508894
1427 1290 11828411
1051 1013 98222387
2140 2286 85626434
2268 222 97620353
119 1953 93456559
1500 2469 70999942
1227 1790 -924407
525 1029 92699813
2316 1492 83741664
518 1707 80812634
1534 1807 95721453
1259 1926 -328462
1432 2188 25245727
194 960 90928768
829 1671 64342219
2400 2297 16286588
1652 655 95000859
264 411 7377970
1872 16 19233105
18 1910 -364503
1319 1928 85632079
2176 725 75397136
1343 1522 -103516
665 1654 -644757
1147 348 21216320
1122 2309 39804724
1265 755 28516749
607 1791 3824338
1574 1173 99944216
646 579 2044172
527 1709 -987887
1707 268 83542972
497 1034 38139590
1843 2455 30164790
593 296 7985130
916 402 -519442
2404 563 -452749
98 1866 39809915
2319 458 20117429
1299 1323 65087596
55 761 -700167
2299 483 22682545
385 1325 95087752
144 1230 23047387
1842 2291 23399078
2358 2506 69601657
1759 1272 23270353
1426 260 2107504
380 505 49336756
2426 824 34807450
1760 500 55079834
259 1684 -49753
702 1156 19891776
913 708 42949486
893 87 64816695
2153 2086 41481648
1744 1947 13412195
401 1766 94534726
782 1180 58957143
1069 1490 57178067
1562 1686 11878784
595 1111 72600669
2171 1224 83381924
1031 993 -689068
132 2030 88574770
895 286 -313814
603 1445 90147641
1423 1450 85084202
1797 1386 90354310
2253 1075 58078061
2184 1274 -189070
109 182 96882618
1591 514 61957921
2436 2335 32163877
2360 2399 64434507
2232 2427 25023386
1888 511 78829063
2333 1881 29253548
420 1117 88759987
857 1907 55988628
473 2487 38001294
1473 1369 23838423
2244 219 -623399
1624 70 81156630
233 805 52724278
2165 1175 24209210
655 833 93298508
397 1402 81746614
2442 1838 41969889
292 1180 -388420
127 1656 40112975
1568 2457 -198600
2066 188 67391594
853 479 87391505
202 1799 -995720
248 458 21972974
1306 902 23051195
1199 456 17549176
2169 2022 44653301
2414 1606 -511725
1434 2196 82664354
1835 336 66553512
1636 2270 3456981
2075 1540 27944287
2378 1583 16811522
129 398 95614002
2226 1669 87694890
1652 1100 4536571
1874 1102 9282254
2169 1611 99366473
573 2246 62808175
516 1271 35036014
297 105 83646901
1323 253 17579519
2155 2214 25705497
1746 555 42636161
72 1657 25103372
1518 1422 29713552
501 383 -550083
693 1811 92270396
1111 1653 72040253
363 182 29075444
1763 1496 42699419
2470 708 60304309
94 2165 21404277
234 603 12706147
765 842 64677006
1165 1816 28657757
2181 1554 93718671
115 1143 23443553
1851 1275 25130974
690 1894 -658908
1555 211 -272509
78 2193 20787623
756 1269 59457616
2060 1014 21280166
498 880 55486024
498 2018 34991739
2305 672 72428340
1605 1537 28707050
904 2097 15730268
1577 1793 64897768
1706 370 11043089
1587 494 58575267
1854 431 44072132
281 86 21895979
103 2437 65377141
2447 1669 94638969
1979 1089 -140369
1643 73 89710195
1552 2033 67192500
129 911 41018955
825 2464 32926167
1926 643 23673372
1420 1404 81313436
112 1955 -956669
1310 1075 54977079
2420 1835 75217588
1300 1344 51230403
1718 2137 89579394
1379 1890 77006791
683 2474 27935973
480 484 11628053
297 570 94766792
64 1653 65073115
1188 2294 13542959
2344 801 34832449
1394 1005 83853264
2061 1029 76911055
1351 1513 12641051
900 718 60135123
857 1050 74953391
850 393 8458866
2492 1611 91443814
2491 1235 68931193
1894 1977 56649634
2070 825 37385402
747 1651 77063914
1223 1321 -407925
1040 1027 56935064
674 1854 1884049
987 1929 87806175
510 630 23653629
673 2479 91967388
1918 895 74368132
2357 469 33325733
1465 2117 260907
2015 902 31390150
2306 340 4579957
2289 2223 8451497
1007 1771 45191585
915 1455 64094351
1030 1606 -692551
327 1360 29703404
922 2242 -804984
1812 2034 4308844
433 28 88283678
1199 1824 89464283
2512 2401 56278120
1196 2135 82605657
2253 750 74489287
1248 277 89676433
235 208 9058279
1761 1095 95514335
1456 1156 48931625
1156 1385 10141789
2225 2344 -312267
605 313 67742005
1122 903 63986722
817 2131 70092429
266 144 -51431
358 1861 36420606
221 2238 53744372
1456 1804 59366198
416 864 78485098
2164 68 64161641
536 2274 26282293
2041 1530 75174797
2425 1073 -745486
1089 29 52654489
2250 538 33746854
1635 1688 81153336
111 1946 24210662
2020 1640 -118714
2028 2126 8968156
1687 2427 92831017
2392 3 28993948
2292 590 79563297
6 1542 68983075
910 1741 62454797
957 1989 31585631
1386 2213 85645837
1856 443 47763614
2094 1877 15419300
2021 614 60128832
382 856 95716126
946 1268 72020729
1119 1979 18595049
1226 1041 52453841
2007 1644 46085662
579 1881 31482371
1355 584 49166925
882 1355 28770722
879 11 74939687
1468 1875 97030672
1064 1427 56034348
1606 1550 71693885
1196 1324 4704028
1269 665 -143029
2304 1924 54017968
814 2017 9594420
1623 2392 33213004
1094 387 29623255
905 1476 16743025
578 2252 60815247
1512 517 18006988
1239 1178 87010687
2507 1386 87074151
1513 424 75255896
1991 1053 40971676
127 85 -393552
1200 478 76994479
1133 1628 88998328
1404 1384 37084975
2023 492 69693610
63 824 53059846
2436 1969 55246025
862 1260 96216216
968 2439 -672488
1087 2289 68956880
1639 1645 42084016
614 1795 93035195
1095 1215 8962925
1913 1328 82440372
1486 1178 46814156
892 245 12453418
1391 1419 54251513
1477 1918 87170498
1904 768 32065679
824 968 67696869
807 820 84056194
1611 1794 52242300
2487 1237 45508396
1426 1686 69947502
166 1777 52389666
1794 1332 78216712
1385 1923 65199482
2161 407 81048905
757 1338 36412429
132 2460 99525504
1503 2081 73421755
1934 769 28949736
1836 791 58669955
855 1283 9314517
1873 2200 54802913
946 142 46046056
771 1265 8388204
2004 1744 17164268
775 1279 86949856
1266 645 30248518
849 1615 59824083
1203 1291 32024959
808 782 79175073
1817 2399 49933942
560 1529 57626991
1035 2093 73152928
2061 1774 -878981
2078 1187 1889107
2150 2408 91019201
998 1069 45690356
719 1765 44192267
1320 681 35298848
1772 1651 76196055
298 2211 66655401
1876 1389 4989913
896 1769 96002827
794 370 82656141
2000 1944 4052303
1924 350 -407305
1550 1820 13056374
440 686 5080330
2016 2483 49962429
2121 2287 47846394
538 9 80980341
509 46 96089780
113 2412 87955552
489 888 10967657
2475 728 91696624
130 1898 21396620
125 460 57900218
1117 465 27692181
59 2274 25321799
1967 2202 -21360
858 1481 -137144
2269 1843 72125191
1888 510 37293782
1692 1751 -54385
1169 1710 39479573
1921 1909 10676628
19 85 84225585
769 984 95491537
858 1808 87934481
369 1839 6358816
156 1437 17725016
2070 1846 -793152
381 937 71654527
36 2170 20382880
370 2368 78281178
1058 888 78175120
1713 1760 62238438
1699 1405 -284236
1567 1829 -918313
1678 2470 49177508
736 2365 27677849
407 1968 86383193
1881 2277 64586070
210 1192 -447772
2016 1449 -27563
2357 619 22156888
2489 2359 39272393
1910 535 -302189
1402 603 65820479
1736 343 5598358
7 1379 99112298
1841 1530 50306022
422 2188 16741949
1319 1324 50174624
107 978 37597076
2333 1289 89934700
2443 2130 -74527
1481 1600 60532017
380 1850 8624195
1440 2509 4888185
1107 903 75781001
2055 2381 51849294
756 1462 49139420
1555 205 68691823
1268 1938 8235706
2217 2170 33609138
2233 1995 67769582
2462 1553 -199577
2439 2028 -513926
1095 911 55385559
36 339 30870578
777 2018 1325086
1428 1452 -748295
2104 1973 70829584
28 981 34291126
1787 2183 26880121
1938 2042 25499240
2214 691 35980044
1707 905 24053642
2141 1160 75622268
411 1631 30248376
71 818 8574616
839 312 7036448
311 1149 97137335
1557 450 39488386
1556 1960 65256451
2186 1305 6287542
2177 479 94591917
25 859 -276026
277 1439 78572343
1258 2292 80001515
179 1397 10772480
751 1842 -16586
2145 1487 33599165
47 386 902591
2116 328 35185909
79 464 42806398
322 462 65701546
883 522 41652610
558 1519 34033649
689 2412 27623634
2126 2406 140152
1661 2388 98683375
