3000 3000
1739 2112 -93495325
630 2692 -48189000
1493 1464 36103508
770 29 5157040
99 2782 79209407
1909 483 -73510404
863 682 -60694942
1010 761 -8834434
496 526 95167169
1266 2871 -12980394
112 1450 32373930
382 998 -22191642
1985 1128 84098300
2877 984 92247142
2362 1665 -15807565
2507 2284 -57669137
1182 2053 49465692
2574 1445 54933521
2980 2350 -31044797
1690 146 -93410398
207 677 -24852176
2790 2942 -79834826
2630 514 45554584
2299 2145 86009403
2548 2759 -8711142
1211 252 25128040
2360 1981 20381813
2838 2265 -67862491
213 1596 -51473824
2710 719 85329404
1130 1358 -12221201
1668 457 -23369980
754 91 96391637
2384 1598 85936381
596 1414 6160902
891 857 83834670
555 1581 -16324834
663 170 22929682
2878 1212 -51071653
892 58 31081197
760 2698 76851585
1292 1243 77608397
2673 601 -11293632
1896 1108 59273606
1353 1281 6209354
176 2960 -13944717
939 2244 70725792
1902 1526 -32834125
1287 2907 -53111502
1002 1257 91772842
1805 870 60629475
2061 1001 -74911790
480 2967 70007655
2841 95 41110798
2416 342 -76057587
2559 724 93714221
2438 510 -90141205
2831 2722 -22786431
1826 1221 -47814623
1235 1528 70785429
2455 199 75973662
1867 2977 -81955125
2085 611 -70199596
2457 733 -54355462
253 1027 58398277
997 2477 -5087333
1240 423 -50318546
2488 242 14000600
2262 1881 -43259739
2029 1093 -13030920
2034 1890 -63147720
690 1528 56343026
1372 74 53259348
723 2858 73217338
1277 2059 -94693638
2118 998 -88942985
1838 334 -75935254
543 2219 -17318788
2904 1227 93686629
2669 380 -63319846
892 260 -86603602
337 2465 -59185998
2267 1601 42559452
1253 868 11697815
494 309 -32762818
1401 948 -46494570
2774 1382 -28797732
2607 2500 16577413
436 1536 2167484
2663 1515 -5210577
2257 1802 -35608372
755 2028 -42832102
1462 1550 -54258209
276 1967 57675938
2508 196 -44426340
1610 949 -2698157
1532 2366 -52091646
822 7 97370310
2839 1197 65158434
738 927 -36738091
518 2425 7590768
1294 2292 -12936820
2570 1692 -43280903
684 1073 -41645399
1732 246 -15058671
2989 1317 57128
925 2378 43982112
2577 395 -71417898
2703 390 54863668
1193 2643 37744590
161 1982 42119301
2088 2551 -81710747
2869 1497 -95779570
2596 2150 61888501
900 1625 -6682918
2592 1330 -51362211
2231 686 -24496870
981 2725 -64896036
2896 1090 20638083
2491 1351 82280205
990 2038 -15422150
2348 1793 -68449471
1955 322 62476398
440 2708 42287754
2896 1176 76860944
1616 2305 39615464
567 1729 -6264248
383 785 69190350
1775 125 -32238892
707 342 -22114546
522 1766 -32425637
599 1887 18376835
474 469 -45257378
1884 2103 82155214
1542 1506 -41099362
690 566 -96250497
1720 119 -67896548
859 2509 35786754
2418 2796 -74751207
2551 429 -17991527
1867 1579 6606343
584 583 55035516
2622 1685 -93467181
2367 1797 -73845676
1322 1818 -78002349
2667 1046 19982099
1217 500 -37817131
2232 2557 -20353863
2237 2540 2344787
2149 2674 85821474
1069 2786 -26918874
667 2470 -52895536
2292 1888 -22595145
2916 1354 32519128
1313 951 -28986929
1368 759 -96969056
1439 1847 -34945553
2833 1479 59313817
1086 698 -68109352
2031 2201 82736046
486 753 55459156
2940 432 57164017
2178 1388 -98546616
1873 2252 -8089460
2393 2620 56116420
910 2910 -39159328
734 76 -15632089
1660 31 -95180871
200 907 74514136
53 1440 34530400
890 675 15838139
2258 1643 -7714369
1332 1588 -17174271
171 1303 14009291
1478 2400 -33720747
1465 1327 -13976665
507 2304 -20725125
503 131 -79972854
459 2268 53273942
315 1676 -1141895
55 1478 -21082752
856 2859 -55571820
1167 2862 -72212063
2695 2177 -12144580
2342 223 50825194
2288 2183 -87000174
1876 423 -26614745
1269 231 99425359
2058 890 31341790
766 1417 94960378
2224 1519 99674234
2460 277 -48802890
1873 1944 -60248027
114 278 4441227
2533 2757 32944136
2142 1564 -93896578
733 1912 -58766424
1204 2505 27964277
2066 2042 77180214
2346 1700 62724165
397 2547 54885696
732 2232 -97708091
2190 877 -31506744
2232 1052 62264325
344 1249 -46199087
1490 2171 52610980
2843 2079 -75733573
1840 2789 -39675554
848 1425 -88004729
710 603 -74587408
1120 1447 14460336
2643 1326 -83602788
2708 2220 61579508
784 2496 -24819707
341 1198 91042021
2535 168 -73052404
76 249 -4208546
2712 1321 -61012271
170 2396 -41939870
2389 323 45833492
2352 2569 25331946
2815 1078 41214566
2223 2968 19380245
2965 1245 -30328672
2904 11 -72853597
1051 1521 -54911832
1668 1411 -44602419
448 105 -17309996
1212 1272 -50675805
597 1008 91161685
1194 156 24425331
1100 2613 50420676
2317 1567 -74211434
2510 1611 -17141323
687 1572 69413675
2787 722 75211894
2721 666 -92659579
1668 1843 36122021
2252 778 99108489
1299 343 92073660
1681 838 6977929
1393 2799 61315858
1018 1359 43335014
2870 1509 -49827036
814 429 -56604554
988 1784 -28791333
711 2218 -15151804
763 2523 -96991168
2046 2415 28323185
684 1766 -67310221
2884 1628 38136215
2858 2898 87355010
2835 235 8276248
515 1512 -75600887
554 349 17419951
346 1370 -47970323
1403 1434 -1874171
2192 831 48831658
1496 1004 -7149723
1597 778 -60018547
1664 188 26673475
531 74 74254408
2605 1610 -80501733
1666 650 -29035840
137 656 -94030799
1740 1530 -9563638
171 1238 -86565113
2657 291 -12307828
1230 2166 5181844
2019 1887 -5099035
913 1145 -37494733
2762 2461 47933939
1726 391 55327417
632 1928 51505231
1143 2690 15612015
1230 103 -48955632
59 1555 -73381946
91 1293 54260628
1293 1034 48065840
1931 1978 -46824232
1628 377 -16593259
645 1663 43612744
2771 1609 -6351483
482 1182 72895596
929 658 7536105
1132 670 93582470
1265 1238 -36729088
827 2066 24201898
2554 1206 -38664884
2921 617 50695568
2367 1834 -13857310
1271 510 58318139
2280 275 -56943804
973 2065 -99893448
1309 2508 -62008780
2524 675 -60727158
425 1972 35120810
1550 38 624296
1740 1669 -90582275
2308 1017 9358275
126 375 -28169575
326 1271 -79873878
266 524 -34705082
2693 2679 -9781796
2048 2933 45318791
555 2060 -8905480
1696 322 -57705706
2921 1078 98162265
165 2949 35376402
2247 1870 -91859277
287 1230 10960150
1015 1541 8730071
1126 2328 -30361466
489 2765 -67918620
269 289 -57460627
2983 1125 69160808
2852 2573 -5657684
41 1688 -52116590
2052 1227 -82960892
2160 1086 93297256
1558 293 52442845
703 128 35510606
498 2547 2626875
1708 487 29809873
1667 1351 23564569
1082 2180 36257599
1145 2986 -79611599
498 1017 -86274632
1989 2108 -62088172
1860 1997 -79646241
1528 1663 88642766
2866 1763 87015983
1587 708 -46830855
373 2547 98591239
1943 659 92380509
2668 2845 -73883357
637 1878 -18105951
667 893 -20924562
1678 1597 39124822
2392 2185 86748726
675 1299 37727428
711 2835 58375498
2365 350 -73276571
95 1685 -28855755
1677 2314 -34246053
2561 1934 -33120589
2764 502 -89607111
2351 1361 12834287
163 1484 12996779
89 1638 19765465
379 1076 44601358
2737 942 49303132
1893 2960 87614768
360 2850 84454938
522 481 -35632249
2814 1300 -56664045
2203 2975 91928170
324 1043 59968377
2905 1484 59053686
1084 1570 -99161270
357 376 41823904
2599 688 -70771105
1760 822 32439947
2077 1080 55100871
2899 693 46277530
511 2970 -93823904
2696 1694 30231613
591 280 -78595634
870 259 43874307
2262 1889 9156817
543 277 -3737953
1084 1839 -35470805
2972 2708 93221879
1859 1180 -87616485
270 2018 86185051
635 840 -61098247
2839 2064 -83366635
2845 620 -62326043
2726 606 30302052
2571 361 -58142144
221 1598 -54673356
1542 2432 36400559
237 769 98962205
558 1978 -86923766
976 2551 -13506186
1917 2401 35982448
2445 1154 99574768
955 1884 -30014884
2966 2947 -37971483
2106 2886 -23685292
381 1578 60327246
1634 1295 30537867
993 497 -97676153
1197 1192 -92454076
1413 2672 94761452
1651 458 40511699
680 753 28117778
286 510 -47242671
1276 2749 4180054
2910 1230 -22235938
747 2476 -93865595
789 2289 -12336764
596 1576 63146054
1771 658 77013413
1194 218 -81936654
2938 2169 -54363675
2348 1834 -90400017
435 239 92078965
981 282 -46076494
2358 2029 -72028037
2884 627 52006895
236 484 -14821035
2188 1237 -53537586
495 1150 52029692
1108 2274 -30066072
295 2466 7897801
1903 1523 40392994
2134 1539 28860849
2692 1888 8050358
2773 1385 -69943286
1198 2962 -22897608
2692 1389 -29085232
2229 652 67131127
324 1424 -62384997
657 493 79795045
447 2123 56396301
2861 2327 -28709957
2918 1560 -41070587
1409 2122 -95197328
737 110 27795020
2725 2176 35871106
801 496 36520801
2916 2130 35090735
376 2534 -33593050
2574 216 32165231
543 17 -73086330
899 788 21343099
678 842 65095473
2318 1046 -81111926
1271 1730 66071383
2319 2305 -8995277
2002 2226 -23826570
543 2771 97660857
2208 2396 48051878
942 2128 31762605
1580 2400 85514987
1991 1271 -59774980
68 446 90099043
2554 682 -69076729
379 2153 81115309
744 649 12745195
874 2001 -66641636
1562 86 97282780
2201 424 -22859344
1408 2018 -36224499
1306 357 -59456167
1093 2829 -57172599
2085 179 30751459
2505 17 29220271
2844 473 15411688
949 1239 27750185
871 2434 -70175137
922 975 -37864708
1536 1406 91838463
1905 1507 23931492
720 1766 -66068181
2867 475 -6328421
1982 1595 -2379830
2081 2018 -43856033
2230 1031 54063273
772 1294 4802247
23 2585 12895011
1885 2667 20458384
1186 356 54097835
1669 584 -68840113
2849 56 47316288
1381 871 -48461139
972 2565 -90159423
894 2096 -46654348
821 1591 9295581
129 2181 65444797
1053 884 -81491084
1623 2335 -69224063
2820 142 -52224367
2473 1766 8518886
531 2431 19679730
2224 2612 82639175
2884 2958 42124970
477 2465 64586137
1120 894 -47300023
266 2200 -1003406
471 783 -30724418
710 1720 -55154636
1378 1538 -18443652
1027 1490 -86513562
459 1752 72839794
1258 1488 16611674
83 2266 13101508
1412 1739 88855033
1506 2626 69378779
699 1619 -70103572
417 807 -71361637
1590 2498 -95847060
2787 2900 18074330
2015 553 -66252318
2486 1393 -484457
2399 656 88589525
2013 2967 -89378069
1520 2313 -52228365
2465 2159 33158141
241 2829 37869423
2242 99 9392088
1828 788 7131685
2074 1890 -90182257
1194 1680 -34813126
2353 879 457790
461 1602 24980835
25 2529 -82238821
2500 282 -85717293
2418 2259 74483485
2218 882 91024966
2758 1005 -19601987
70 298 -36577884
2349 984 68481494
1770 524 534805
553 1182 -26711043
2608 329 6135992
10 2646 -65148414
991 1945 -89144322
2930 459 -4724638
2066 374 33436679
2049 949 -19624323
2200 2457 -42890659
1345 2540 -38192651
340 2114 -42082893
2651 1067 -61260118
997 195 -63881969
1718 507 -49872451
1750 1573 -13385038
342 883 51922456
878 2656 36907849
202 1237 -23680061
1304 198 50214979
1507 43 -97660617
2043 248 -70692722
971 2276 -84753394
770 2734 45450982
59 1067 -75086935
2036 1625 63246187
1483 2184 -84934489
1516 2108 40280860
2804 1676 -13822741
1042 1270 -65831237
896 1153 22349397
974 1089 54108246
2072 1070 -36832504
2763 469 -96343161
2564 414 -27110942
2465 1804 -12561690
2973 1472 -71810042
1752 1823 -48949545
653 7 27198266
1883 1318 -28390246
349 2267 33546841
2530 675 53272868
1741 1677 -73377357
2149 2798 1216634
1215 2223 -87947066
1551 1330 56575539
251 2800 57770269
1392 357 -16662854
1058 1218 12108213
1273 1755 -88622037
350 2527 -88676774
1459 1787 72905816
2776 1919 35602458
1374 319 59770540
1224 1891 -36489742
189 1319 -80817833
304 1940 654718
584 1677 51932444
1664 2891 -95409129
2048 2890 -62013655
610 2954 -30425798
2206 638 -68609729
638 2792 38625677
2955 2531 54053609
1694 1544 -39165374
2696 1818 81263399
2442 186 64788702
69 331 -54794244
2060 1014 39721209
2957 1480 -23687533
2844 1288 28319212
888 1497 -87732979
1668 1782 -42086975
1207 2505 -69162773
2125 618 -2244139
2859 366 -53175315
1670 494 39804136
2581 1420 35545506
499 265 -64464074
366 1874 -42755419
707 2438 -5424635
463 1410 -90317796
2215 2293 84119057
2889 108 -80521155
1489 2471 -78988538
2701 1402 -31880185
1210 2893 -34086087
1069 549 -73164100
1538 529 -13979312
880 141 95542449
1514 762 -70906389
1536 628 77961902
236 2459 -37223444
694 1106 77942099
888 907 7916305
195 2106 -13769840
2281 125 -47377183
1224 1203 29766311
1837 649 63901658
1918 1614 -57710602
2287 2841 -68725960
2663 45 -84716749
2360 1972 89714975
1610 1121 62278739
2688 436 -74800392
2633 354 11780144
1664 1947 64865710
1565 2018 -27487520
1826 57 12480479
1463 810 1820629
2719 1927 -1145720
1201 2890 22742008
279 1262 44897084
1594 2484 49394392
444 2743 27622769
452 2729 -39019991
246 2675 39842592
945 833 85936800
2431 2412 -69646363
1528 1798 -40037884
1023 1297 -13337926
2811 1417 41740839
2184 2533 -40207325
244 970 77521946
58 2784 46410420
1802 1731 59637007
2855 1763 48038401
719 1580 15189014
1359 2999 -21054492
1773 871 -95696461
1772 1261 -85579031
2523 1949 16574223
1638 2839 -46934425
876 2646 -44326728
631 2596 -292480
271 2484 70500939
2487 399 -37059692
343 296 -52370936
1080 1248 -5115067
251 2 -11904841
378 2776 81017079
270 1220 -85667924
223 1984 7048750
2559 79 22909689
392 281 88283538
2953 2579 -54273108
1397 1253 46850360
467 858 71967063
1343 275 77600360
280 2413 41302839
8 2094 -82880268
271 2956 13824619
152 1758 79394775
819 2233 7443163
137 1652 -54260801
2643 2972 83438053
2492 801 78572974
770 647 -48294879
1505 870 63090715
2440 2059 36266841
793 2917 52726304
333 1768 -26262050
1246 2765 69626700
1668 1144 38822069
1489 761 -42432262
1141 516 -45088736
1858 281 32511606
1208 1372 23258395
691 894 -20844396
1680 890 -5215507
1636 1321 3337027
1773 2446 8910780
1350 1459 50043607
2104 419 -69509554
2252 2309 -55613863
905 319 72279004
236 825 -77491805
899 262 33562997
689 127 -13314146
2710 1159 54009519
2244 431 -48984023
2307 660 48883045
1405 1916 -95748248
1811 1861 12474344
238 2142 -32279623
462 2060 80417559
863 1927 -84782401
1159 1826 40436417
1506 2646 43353266
334 431 -30715852
727 1222 -27003732
1620 1437 24204589
1176 790 -81783787
1754 141 97829613
933 2017 35056224
2281 2887 81649651
72 1359 -83103246
786 1133 90943489
209 249 80196128
206 1743 170024
2994 832 -6342921
2462 1472 92394035
708 1702 70416177
2299 1278 -31272686
134 2794 68887633
1582 333 -46739757
1220 2919 -61631528
2248 820 -36776901
93 2077 -54618464
2642 2653 69008362
1458 1916 7775898
2109 240 -57449659
2709 1368 11056305
1114 2335 87178470
686 319 35396533
618 2387 -67672010
1871 411 67856101
1854 1084 -76574352
537 238 95069812
135 2108 -7028201
132 2551 -72030051
2694 2460 16930963
1568 1446 -85492373
500 840 20370266
2002 181 52341545
1947 2507 -12299144
2101 197 52612070
1008 2431 -82621512
713 2238 47040295
2618 2630 -22958684
680 1041 67238529
1140 207 61141077
875 208 -66209648
2110 2276 22114678
2595 819 99188946
1234 1638 48867536
2512 436 71128606
1335 677 61890830
1524 1315 58484065
808 2236 -79085013
704 2 93769632
1501 2139 32700820
2381 2833 -21645756
720 2434 -48359165
483 1273 -34893963
456 2115 -99397452
2621 827 -69402693
464 2864 -68378645
1818 2538 -20764793
2497 1792 51634900
2611 1516 19840921
858 501 -63517845
2235 1316 -29736269
1286 2608 17134491
241 1778 -87460555
2893 161 -12842995
2791 656 -56790655
1392 355 32973571
1974 846 62904822
1849 2246 -11118506
431 1749 54899001
2088 210 -94675443
2650 823 31446529
2734 1121 -7672111
1521 2660 -99108570
1196 765 -48893134
1237 813 -33952319
1668 1237 -19078653
15 2308 50007576
734 859 34732199
671 2658 81283107
595 520 24455382
863 1710 -96528459
1860 1196 99933579
1176 1724 -87738827
931 1098 -82542669
2659 2066 14318235
2112 2930 39486996
480 1539 54301917
2772 1348 73758387
1746 2495 799818
1977 146 -8958730
2984 2176 41713863
1823 1462 77789012
339 118 960629
967 1679 89230357
2350 1658 -13687388
1842 47 -29470358
672 2342 -30241902
2306 311 90629969
1675 2522 1322841
78 2592 896521
1368 2200 6259279
2593 2170 -82576743
2368 2816 80076439
2572 1280 58397072
763 876 37338848
2998 585 -92883069
331 339 -27334163
2954 2328 43531913
2681 1193 -78727621
2105 2852 -46340694
1150 972 -93957768
866 407 32581342
1826 1447 -38167272
1552 290 -72200299
2943 1618 -15909430
419 2662 -61359993
326 1367 -39469952
1444 2076 85892296
1272 2262 66765672
2532 2021 64194385
750 441 -98179846
845 169 80690862
2312 144 59975863
2719 1539 48070145
1696 1108 -16560113
1259 138 -5308094
1295 1695 64786815
1211 2976 16189934
2005 2793 31679446
255 431 -91591280
1325 771 45725429
1896 606 -42980865
22 1839 82211505
151 415 -1748918
2369 2302 79192800
2094 2050 36224232
2905 15 7618600
2237 1986 -8753928
1557 1109 -61542723
597 343 -8802626
72 425 -28147443
2135 521 -44887773
2057 2899 -27596195
2037 1947 65345614
2481 2868 -53955297
2023 2172 -91809197
2763 1013 -19131389
870 2942 58502043
2654 2136 -64037637
531 1210 -3187441
2836 1510 -12174536
1216 9 -54829739
2126 1231 -58606550
2869 2596 79566665
1108 1932 63143482
2419 2332 92771710
1232 1726 -87535564
836 153 -97414323
2843 631 4795278
288 2654 -74522223
2758 1944 -39481440
424 2042 -46408993
234 856 -82275459
1717 280 40034746
2895 1419 -63985162
2817 2247 -19539426
15 2455 -53437892
1268 529 -71773840
843 407 -56129345
1503 2487 -7064431
36 2307 72736480
2107 2746 98850796
138 2541 -67974269
834 1795 59850975
1327 2645 51381599
380 218 86670630
2668 1892 66896523
834 802 -33475531
1426 212 -11800352
245 2690 -61573733
1049 278 50331462
1599 221 -77697162
652 2497 93906145
1664 474 77297723
1930 664 -47077634
2633 1539 -27282165
2964 2092 -16215351
668 2841 73301515
669 45 3277788
1041 1757 -41248131
2636 636 -2420793
1113 1896 -84192421
2427 2466 43674643
2941 218 -33365677
2539 2449 51239543
799 1654 -77317321
2677 2378 -69184921
2534 2371 51935315
145 356 77947334
1982 76 -46572221
649 395 21179599
357 696 -85075122
1222 221 -61616567
2822 2641 38189896
481 2653 -52223587
1376 1776 76040026
1274 2899 -60497902
2655 326 91099619
11 2305 -75156968
1785 756 22419390
2221 1623 78030346
457 2434 -16045349
1889 2863 74091062
1887 563 -46692096
1839 1433 80260587
2484 2430 -10455046
2442 574 -108426
234 2438 40377503
1577 2904 -9898829
1344 658 -10729231
1077 2087 11646466
1249 548 -98499632
209 1388 94913997
1278 165 -22506935
612 633 11683087
1446 2302 -16451605
2448 2326 72336693
1932 1256 88367603
2590 669 -41194371
1024 612 44602569
711 494 55837209
2531 2378 50413775
2891 2178 -81193297
1295 2997 80915930
1892 1715 87000754
2156 52 -18748957
2491 2937 5843245
587 1337 59087839
1985 2118 49609646
438 69 9078418
1566 2362 71689912
1300 2929 67457127
37 1166 44178825
1136 1734 48042594
1196 1308 74057046
2362 2021 -50950482
2103 948 -43614088
1540 2223 -27491069
1086 1944 -13118063
2070 1869 66218524
1401 1392 -42073279
681 1423 -57415458
2242 2293 -47784840
294 2207 -10747320
2626 1593 -62761880
1487 799 -9476006
937 2156 16508586
443 1302 38216087
250 2479 -22238858
1733 446 2121069
2940 2548 53211276
1678 2952 -93299597
433 1803 -70017549
533 1189 -54648748
225 286 -42103267
509 85 2378633
2767 1141 -15473051
846 2051 -58950942
1130 874 91959075
2530 959 15646682
1436 132 86193979
2280 1097 76509926
877 775 -44970334
675 1107 -52218701
2304 873 -92311473
1852 142 70855002
2732 1373 -53720240
514 1660 -35274879
1131 2020 -90500394
2872 1563 -57839313
2430 2789 -96162735
2574 2927 3701337
1677 324 -96309133
2085 280 76633732
1187 1119 -85265875
151 87 83399494
1343 1873 76380793
2315 812 10199748
1034 2642 -19068309
157 906 -56476281
439 2708 -88958703
1843 2328 -58273639
2221 2079 -86006637
2847 2528 -33345577
2262 685 10469832
1035 979 -67602797
987 1214 -8522962
311 322 54257491
1485 643 -10734487
2517 2230 14608848
2956 694 76182511
324 1344 -73486690
330 1855 50756134
935 969 33152413
1352 1839 -57790500
1903 825 37206752
1623 1896 89234733
2003 1715 -47230348
2512 2594 39088267
62 654 -71670665
1523 2279 20713485
288 2492 65216473
2970 1375 70389765
1258 1510 -74701794
2430 1979 -95326391
2510 365 -34752476
1055 2477 86716331
2963 2026 32818113
495 589 -11502439
260 574 -59155734
1239 2821 -34077961
2058 625 -53302645
1632 2213 69347797
1036 1014 99651818
459 2222 -17854828
485 628 -30228640
792 298 48092153
2677 982 -71271690
521 2249 -76312860
2222 83 31544741
639 1637 77895857
727 1325 -50453428
2675 1238 699299
1427 2621 61321521
1885 1445 17513795
130 2644 29253965
2247 2500 84623343
30 2803 -4767558
1418 2371 -65758515
2126 2427 62161861
1015 1836 -7837613
1429 1564 -70812526
2359 310 -30868355
1764 201 5823704
2642 197 34066726
1458 1457 -1652227
2482 2383 -30677053
2162 1870 33129681
1616 1383 -3346047
1580 2129 47569861
1068 718 10953056
2585 2243 36917114
1720 2444 38990259
2019 1869 93838205
2942 330 3651528
2010 312 -92250823
2660 2650 -15056582
687 1885 26165152
2286 4 70579738
2531 2276 52334874
51 2097 -60524482
376 1192 -38822630
237 1331 12470993
2422 1472 -73304136
2885 1298 -65617475
462 551 64504350
2036 1360 37186676
1113 2124 66063509
1698 877 83425799
2041 2889 7134886
2138 690 70950056
654 1959 16259205
2667 233 -79135670
2673 1790 -95671344
918 2130 76942279
2924 1105 -18045555
142 406 56471049
638 1744 77841329
2810 2007 -22483487
882 1291 91982795
2452 286 22815104
345 693 -22956147
837 546 8430183
2770 2517 33656070
2653 1574 33721414
2712 2701 -76757249
2775 2283 36097370
307 2718 -19538112
2226 729 -79572093
2036 2089 -75503907
2328 2065 84537273
781 879 -56192217
2289 1021 53211312
1894 1513 65812678
2632 1013 -95456691
528 191 63270268
2756 2658 12399347
2772 116 -70658
855 1110 20047524
404 1823 -7492313
698 2649 -47530395
2248 227 -68971182
597 1285 -27163173
889 1887 -32026800
2642 1882 -22385435
2689 2285 -97700558
178 2913 1594425
1199 710 5823874
478 2884 -99820360
2438 2803 69725251
1998 1643 61757523
1407 508 -49502820
909 2784 60363597
2825 2148 90052464
1218 203 65457755
2063 2699 34657421
2327 2085 36752028
281 1937 19850200
1388 1000 37497172
1976 2896 -29834646
2779 28 -13210000
2702 2369 72677923
1950 2835 -17892536
331 350 83485242
1931 1588 4908563
760 1446 -10576536
398 1467 -96578847
2222 82 4818193
1542 2070 30481167
1079 829 -14325060
2518 1801 -73692102
2723 1567 93411290
405 682 -71817169
1603 1088 63747655
556 2972 -62904872
241 1403 -11806068
766 2911 -23742940
1276 1135 -710471
2234 1693 39783214
1751 318 52761013
2610 558 -13112404
1443 2057 23154620
1311 2123 -46738423
2399 1553 -66113695
2225 1078 -26046386
1638 351 92740212
1434 1119 -35163221
1120 1228 -65315400
2532 680 -3972974
1558 1977 76662515
101 49 -70184268
2026 2238 5103479
441 1843 9867812
12 926 51228311
1855 2584 -83692116
1197 1784 91359640
2657 2360 -95633117
910 1718 -92670651
2048 1341 -66825447
1153 1817 -89098543
1069 2183 -19025537
638 2730 -84157283
2544 1895 -16297850
2062 218 57674791
332 967 10807004
2498 962 99857254
1568 1423 -999303
1660 2915 -21836564
1021 2616 -50588152
1860 2405 -52152733
2718 924 63633588
1715 2811 83638015
426 196 20327427
619 2348 61145664
771 223 -69511661
572 1474 -76843446
2570 216 -38496038
2463 2111 24847740
2759 968 -32418358
2061 2138 -8105530
1885 2671 -14096813
1159 2053 39680274
1075 2486 8833034
2967 2416 -39333334
1515 934 -56602057
549 1686 -47982554
2133 2649 -69540173
1123 455 -57518337
2467 1688 -42443251
336 2411 499132
1727 2299 65643917
1383 285 16032290
1528 1411 29581822
1760 2868 -43536478
2943 2425 -80222857
1533 2138 47853107
1967 815 11886893
1846 1328 29618086
1303 2854 97758275
1804 623 -3162512
2337 654 -35983217
2800 2880 12997180
2109 824 13698440
299 1779 81477299
1574 2109 -64028801
1775 1363 13758634
123 623 -64035135
516 1784 17200392
1758 366 59527208
211 2306 26813286
1632 1236 -75134836
1854 2523 44438987
1130 881 75489269
2485 292 -5926762
2940 2775 66772542
2761 142 66043737
1928 2006 -84722416
1611 2650 2948433
895 599 33639185
1365 241 -27445447
714 2828 34814890
711 1852 69281087
2321 261 -93553034
282 380 38307326
510 1955 -72502816
391 441 -2350132
2362 2008 85653675
536 37 62511683
1174 1764 29640542
413 114 -31760334
1218 665 -13589337
2199 1127 21470725
1096 1503 82968493
2559 734 68646500
1777 1055 29155105
287 2800 -97483868
822 339 -59233953
103 1006 1397883
2768 187 35252535
1960 2865 79309766
1615 2025 32751561
2732 2009 80290362
69 1029 14847158
2299 49 -63278259
1907 664 -54027839
734 2376 61155578
1289 1396 80663772
1270 2113 -10485638
1490 2641 41453356
141 2747 -73290229
837 272 62752880
1179 88 58281468
2060 187 -88722996
1737 777 86639931
1223 955 22743392
2328 1279 76288436
561 583 -70656762
2538 1850 50262812
857 2218 42235810
447 2101 94005846
2337 117 -18324285
2000 2120 97284089
1289 1096 35203838
1750 1755 -69309467
12 1340 46180331
451 56 61392336
857 2627 92445132
1423 2649 -90292715
298 2893 70701856
1419 1461 24746368
888 2059 68569765
2897 726 30776739
1083 407 88080278
473 1837 62176726
1470 481 -75271427
436 2738 -62948921
2160 2475 70529257
2979 2128 75153468
1459 2237 -89914280
2624 231 -75668904
39 2224 -86178129
258 479 -18976589
2126 2814 84130067
1868 482 31056304
250 2511 13359494
615 378 42153150
1393 1580 -89324958
803 1758 -77178219
2015 1951 94501549
2248 744 -62854261
2228 2521 -51554784
346 369 -66907311
2264 177 63642348
2231 2593 18029149
1421 1155 77922226
1850 1027 -93248043
299 765 39459729
2587 503 17750956
2101 2810 -91076423
2219 2893 -63945559
1922 1890 -39225077
1251 791 18296491
556 1471 -57113693
2453 1503 61073560
764 1897 -5173901
1769 1932 1576284
2770 737 -3550036
2945 2104 43596173
1473 497 55090663
1876 2460 91339253
2752 1210 -7546277
453 2817 -91674790
1385 67 -67827340
1172 975 -8033665
676 2783 7235875
1634 153 59718518
2020 1799 -85895652
2073 2478 84745009
2496 418 68071584
1265 625 -85339871
586 1892 -82396865
2219 1577 -85922016
658 843 -50919263
1 1896 90689631
1779 2178 93951330
1874 2375 -73440173
2388 218 62215986
465 279 -32072215
71 1930 -79029996
1422 1681 13527976
461 797 -26213342
1635 6 16163277
1726 908 -13751082
336 2566 -32144345
1436 2759 33803266
2742 2644 67237415
1944 2455 94914370
1750 1855 -43025192
1715 494 36925456
2569 2409 -93189082
1030 708 84045755
2785 2236 -64574354
1641 818 43392280
1934 1503 -36659583
150 1378 -51244835
1338 340 -42333328
942 613 -95072395
2404 2067 -94108788
186 1874 83636387
2727 55 12371985
546 2436 -79740706
1819 728 -6518064
2840 324 62815470
602 1838 39203567
997 1082 -47464763
371 1540 58962786
586 143 17126563
2033 433 24376407
1807 2508 -8832845
45 1863 -83855327
2430 2571 13636747
2918 447 -12084651
1664 2149 -60981200
2423 1338 76535100
1406 2362 12361946
808 1929 -60280466
1553 1387 -21073213
610 981 35070700
777 2809 -78762344
2751 2991 6372033
1280 1038 -31372811
1166 399 -34544629
2023 1435 6313599
2522 2791 -76704770
2326 887 87650896
652 1609 -72331573
1672 1742 14938378
299 2308 68313687
2916 38 79924170
1506 2754 49188879
1660 626 -23398661
1425 2020 39299237
2776 1106 57848310
362 51 -2879069
2251 832 -65145593
92 1352 51622256
68 2812 82763710
1610 1307 -81563700
1861 344 10140744
445 2431 16905568
2175 1611 -55879472
1908 1603 -96056451
1106 41 13394015
1666 2394 -34879748
2352 664 -32934431
1999 1435 -34822081
1146 1419 89318501
1628 1728 16611600
1833 2883 -70206391
1058 2322 83104489
1117 1592 -60035680
603 570 93782888
961 1795 17634957
1655 585 -4253419
1284 1101 -51114872
2008 1015 69441312
2392 1432 79847577
549 2879 72596849
2061 373 -9550180
585 2080 46088871
2334 996 -13640744
1004 1261 17457050
2162 2958 22272676
1304 597 -45642180
1875 2460 87864473
2076 802 41870339
1153 592 24061649
1139 253 -58511176
1743 2179 34212766
1173 1287 -60416537
740 244 67678737
1884 65 -65514567
410 2174 -31293295
1567 1667 -99207939
1794 866 -89820622
1489 2496 -64471098
852 2784 -34593225
35 551 -82593180
954 1361 90122854
68 763 10976132
2085 287 58708630
247 347 14527686
54 2082 -95961012
1748 1409 71069083
2974 403 31720068
980 2742 -24771005
517 156 -26621591
265 555 -33949047
965 2517 69380800
1291 41 -64858677
463 1592 -48708879
971 593 -83685863
1707 2533 17246289
1978 2107 -17889852
1764 733 94908457
1242 1778 -60740259
2233 1738 96401064
67 229 -15891019
1764 2244 -94084000
1230 1014 -31260706
805 1197 -25512437
388 2814 -46944217
511 2941 -39178921
2159 2934 -61586909
241 1109 88152563
511 2199 57487217
1029 1127 -8458279
221 242 85632850
1588 2915 96951264
2074 1832 73800259
2382 1035 -30036883
1912 770 79354698
2382 279 -42862783
495 2240 -58273840
2995 1880 -29336420
913 2900 52197741
2534 1944 -88905808
1157 1128 87910401
1074 1743 -22456338
1670 2851 -57250939
2646 2774 31972343
340 375 30433825
2196 615 -68434454
128 2341 -85188199
853 1978 55273654
2004 334 -60245474
2146 1129 -31822055
1192 986 -68544094
1195 36 14562747
2229 604 53884326
258 2117 -38934014
1700 1308 27697056
768 171 82755665
2783 2034 -79533429
2638 914 61799396
2526 1344 -98349903
92 2784 25510866
2194 2583 45229878
613 1360 -27376860
2725 113 32021489
2280 1003 -28908338
1926 1309 -4008167
1910 1528 -14561427
1736 932 -93756174
1194 91 -39807309
676 1745 29532306
1083 1698 8582825
1409 1316 39496730
1011 2488 62286441
90 2653 39603369
1715 45 -98997225
2703 2655 64738308
876 1371 -45919775
1633 1609 -29210277
1102 450 -65528953
690 773 -47535554
755 1644 -23840454
2514 644 -14255971
2580 2513 -20146070
458 863 -58943221
1545 762 29957830
1987 919 -8778665
2517 1513 9884071
2551 2277 9573693
1439 1358 37355930
2878 1810 60781940
849 2322 68823708
657 1022 -49376670
1316 2023 4460792
2274 884 -81440938
1480 2949 11527149
2488 2283 -61676035
2647 2526 28776179
2886 1517 90932805
162 354 -87805167
149 2051 95090856
1082 59 -47127863
1804 598 -56672362
88 2120 90299438
2070 2391 -55288392
2964 1173 -79094431
395 15 49888886
200 1464 43335264
1220 2343 -68887319
1757 580 -60067488
1915 2727 -62763431
2395 642 -97408823
1264 986 8786733
749 385 61875541
1804 1967 3320070
2930 1844 -30105760
2208 216 53885052
2772 2804 -51325006
854 2438 -2523170
179 2129 89428870
2910 1946 89025534
890 1988 -70156268
1401 2637 79497620
824 1063 -80853817
1664 312 -32730568
2247 2818 -85577731
1861 2084 -22947738
1536 2519 -69309529
2320 49 60579386
2283 230 13150163
2786 570 -33453218
802 2984 -26175911
1861 2902 92883411
1382 374 45682503
72 719 -40762576
2496 1419 33253060
2231 454 8500161
1809 2909 25867322
880 2756 -41064351
1129 2791 -78290348
773 1306 33896538
1866 81 28706117
2256 1977 5458726
829 901 76178770
137 2538 70893718
387 1611 -28184571
1930 2701 -50929146
1236 468 56024559
2778 2773 -39375544
226 2610 -11475394
1940 2809 -82856566
2758 1509 -56814143
664 1292 -17910309
865 271 -906571
2344 1013 45893397
1827 40 -20159350
2915 1774 11895874
142 2225 76225064
2076 976 -73058662
819 2380 30013588
2748 492 -80149290
515 2009 78962056
2546 1890 63902070
1142 2313 -86073532
1297 45 -25012658
495 2870 28042149
1593 2404 -73637139
541 1713 41051225
811 890 79723559
425 1865 -80983902
497 2014 -64058045
2374 362 53244846
2403 1722 -80497187
2811 2658 69398055
2266 2175 -78786622
2930 1268 -2991817
2775 494 69317400
1396 648 82922341
1756 2576 -52034575
2434 2424 25390129
648 1422 69964775
2468 2948 -18350226
1967 1152 52956540
660 317 -94065421
2351 9 -84978508
755 1701 16586767
2315 1256 -15566719
466 164 90067223
91 1960 -97593264
1674 2940 -86410869
2088 648 28885170
1235 2261 -25500999
427 2402 53343784
1231 384 -2612052
2342 903 -14461388
1318 1591 -2862380
777 536 -33691979
2323 2986 -35386909
1469 2125 35142818
253 643 -63783478
1524 369 -67040625
382 626 4255318
2174 2988 81973098
1671 1112 -65711070
1332 430 44801530
2673 119 -7903051
487 1081 63474788
436 575 -35445404
2593 742 -34241481
34 410 82529644
2249 1151 6144575
2044 2728 69491762
971 1651 -49199850
2099 450 28568711
2069 2187 46462706
1247 1866 81562447
1050 1722 -1382734
1674 2520 76186814
394 24 99697378
1629 1077 -56260868
326 1149 -16077934
1193 1827 27914813
367 604 -81683090
1134 1482 63960970
847 2252 -56806849
822 2540 -19364227
718 599 99544389
1906 2201 2956565
1461 2422 -25543616
2859 1538 -17174391
1150 1866 -6896685
314 2081 -48625678
2185 2948 -17634
1903 1582 -29941389
1143 1437 -35806862
924 195 -54247042
649 1302 -96154272
1202 2376 -40690492
584 2791 -9036358
698 1262 -39802314
1198 355 -96767601
1004 1327 72835165
1003 2745 -89193422
2882 11 -22642785
665 219 37225122
461 2652 62743939
575 2283 -19637405
1774 2354 87329520
1400 1368 -68276525
141 254 -65624210
1469 1267 24073594
2956 2138 23357
1165 1639 75368681
300 2134 -12961111
259 2252 -50197746
1614 83 71464630
599 442 -30087895
802 1115 -2126861
898 692 77179882
1139 87 -11831328
1597 2521 47648431
1760 2134 -62289965
1410 60 -99130628
1818 2331 -67024194
721 2436 70227664
2492 271 -53476142
803 2195 -42497600
493 1002 19400076
1058 1138 -19210152
279 557 -82776457
134 1305 -18969492
2635 1681 90990243
2968 1187 -18792436
1362 1105 -24809653
1633 528 -37540215
156 1483 -82960439
2187 2512 57414493
19 938 -56912682
2526 2550 -3668578
2552 1062 -93021854
2267 1025 -21956327
1804 1304 13952546
1907 2467 -11293644
1063 2594 92563121
2120 1645 32982340
2875 837 98209176
1074 2008 2646200
2641 273 73312915
2106 749 96490981
626 1879 -60368116
154 1269 -41843710
1663 96 -87743397
138 2664 57741682
72 2550 -24209471
1419 921 -2758583
2399 530 -57925586
246 2535 -26675543
1613 2235 -88789804
780 380 -26142671
714 2396 95313335
2127 641 5688486
1257 1470 79696981
583 143 -38818238
1497 2561 55945198
446 2447 -12962388
891 350 -43889097
2971 1514 2067004
2642 2447 47892765
2089 2457 -11540519
381 732 -12714346
1760 1005 20831112
1903 2830 -20366556
786 1982 32765970
2735 1447 2864615
2390 143 51677641
2702 167 -12611596
1319 567 27769366
207 1480 -55603881
1829 696 90978127
2793 2314 -67160434
834 771 -28415638
1998 2542 -72662582
2950 233 76640441
2375 2958 -77945221
2282 355 95188690
428 970 -50334125
2183 2978 -86176838
999 732 91991516
2174 718 34292748
2409 2940 4191066
2561 1346 -62933561
955 403 32508401
2232 605 32439098
2654 1475 26840052
2277 1290 22103279
2538 1868 24312575
1071 680 -14572687
57 2087 96057405
2953 2633 -18928734
2540 1702 63342435
2155 1814 -12227486
772 1674 -32982534
823 2712 -10546560
497 522 -74668662
140 1071 -66798577
1205 1625 -39031572
157 806 88012629
2737 1120 27470841
1730 2149 36202895
190 2079 -48502236
2797 1436 -10791481
956 831 -52245603
2846 293 3817841
2086 2106 75870524
478 2666 43036861
2827 2728 41059652
1502 2586 -86628652
332 1042 68861395
2055 807 -8900273
2804 2818 -14694149
219 1530 -64420413
2578 392 -42845243
2050 59 8207965
2712 2438 63261986
2718 69 56020385
1327 1316 40390105
798 1592 -70863270
2984 1659 50333397
1029 2484 -72529575
331 125 -90790918
2355 1291 -43016347
810 1722 90418697
2945 1383 1472187
2366 764 -97243134
673 1863 -49889240
2184 242 63626798
1843 949 15507630
2144 456 -51930616
2576 2994 75870218
352 2997 -1689907
258 1830 -35478537
1745 1610 -87016299
1936 2884 -39574793
20 1576 22913911
325 604 52803398
761 2865 -67606479
738 2246 -38786285
1691 381 -73139289
2598 1029 -53746414
497 2630 -7291549
1356 496 34634572
1116 2620 47391439
2284 2305 -36199673
2423 1193 41010091
2615 713 63363572
569 644 -75524886
1711 1953 -86644832
2908 465 44016943
60 2458 20074223
1897 2782 -16692248
2887 2924 -63350683
2641 1150 46429911
2737 330 -34165429
692 2 59487621
1068 2907 7264173
2956 2625 69502882
2151 2698 -49028621
1290 983 83024416
870 1670 -56628074
1567 1018 -67321655
471 761 17079535
2523 1421 -6997072
541 2572 67185517
2401 2089 22839258
304 2464 20137342
359 285 49953000
809 1990 -76387367
193 2100 -49130278
1185 47 -98831092
1567 2567 47235783
1978 2571 -11740555
1585 1534 82971159
2644 2989 -21064474
1265 1770 36454410
584 2828 29166235
1576 893 -69206970
2656 691 -98893216
2038 271 -56263649
740 2345 32565522
1782 1282 -64454254
709 1440 -75584765
415 2805 29524359
2588 2889 -66141802
2467 2396 3644487
2195 2237 87979046
2562 93 -36964810
602 260 73322786
879 2107 -14213122
234 1153 -66860574
1937 2919 77550562
1244 1347 -80436337
1618 1281 -71904979
2 2597 -97485778
2058 1354 21035625
1260 1150 25560749
2852 2212 75562835
1499 1832 -9236285
2863 2447 76057648
2633 2148 89882738
2645 2316 45858928
1717 339 42587811
1919 261 93545000
66 862 -96579076
365 2386 -53805821
257 814 19665750
618 2444 -9232900
1033 1892 -48885254
957 1037 -31127939
13 2568 -34328698
1639 1894 43011076
413 1581 32506912
187 2343 565286
1226 866 -36830579
192 289 81932290
1262 337 35317283
1144 837 -20997268
2065 2139 62796767
1844 1061 158925
1188 249 35130904
2597 2513 40764213
368 2540 -87495691
1499 1195 -86450549
23 701 -83850835
376 2083 75080494
2569 2404 -98033050
1669 2035 -47365278
1215 1644 57994837
2443 2826 -60596032
2739 1052 91127308
2515 860 -90851518
1364 2271 33160125
1965 2679 11851038
1029 1380 29741542
1147 2078 -56381514
894 2957 -85228889
1582 1474 -93617975
1177 2203 -71522548
1646 2859 -92451260
526 31 -5410391
269 722 36353418
2070 1738 94324132
1212 1400 -63575180
2714 2956 19126682
2524 863 21117037
892 2296 33979846
278 2512 37614713
84 277 -31579550
1322 1075 -30300624
1555 2494 81194814
2362 561 -50833699
1426 1050 -52352726
207 947 79916927
2931 563 27090863
2834 251 -30874586
1446 90 -51574290
419 130 35889231
2316 1296 74824752
1812 1183 -19430864
374 750 18808036
1726 2741 82607229
1486 276 -6970337
2610 2125 34825933
388 2149 -35635316
121 703 -61112401
2281 2240 -89711922
875 1972 30167880
1391 2584 -61968266
1458 302 -17401805
1925 1156 -16654763
271 237 16018424
1270 2878 79574018
1666 2250 66728676
1355 1511 -71471043
1205 2983 96759376
2131 240 -3318233
1642 1716 51907823
1753 162 -75562995
1919 2139 68582878
1925 870 13606409
1128 116 -85571177
25 1340 -34974898
2228 1336 11406584
372 1743 27130153
333 1017 88311752
2305 2278 18685481
1996 1391 67608893
760 2179 -63330988
1762 1396 -59168717
227 2512 30947963
1391 2272 -16881757
2401 1372 -10820895
2926 1820 21766467
1613 2784 46683871
726 2394 97479877
320 1767 98722804
2352 538 -90991896
169 2465 16206609
1271 854 97780664
723 567 -72648855
2202 902 29331109
2798 945 -933438
2723 1435 87502032
2675 2146 22744637
2283 2751 52089611
2148 833 -33274930
82 282 -28956838
216 1064 -24971165
2867 733 52921700
1579 2856 34515319
973 458 -1357666
1627 2298 -13983297
1810 1449 -45311325
2027 127 -38109464
450 12 48938155
634 2752 45081031
1448 187 -10422106
2156 781 -79861754
1371 1504 17063162
2079 185 52514411
133 42 -87084761
1726 2603 -57729051
702 1741 25689458
1633 1845 51145459
1921 2999 -5339729
2161 1753 69804849
1469 2331 -35013640
2495 2438 -44016115
900 1890 -8386874
2797 2102 98635473
1351 155 14478492
1939 1825 49631030
902 2170 -2873357
2842 2642 -81371821
2372 1453 53974467
732 201 53727118
2504 2471 -24049985
1641 1638 80153323
1532 2025 98345517
2234 2828 68801278
2360 26 -66905167
2640 2114 56514360
1494 1741 85255589
2181 2650 24279315
1072 267 41591347
1056 2373 17067418
2508 1116 44730465
813 2348 9137174
446 1105 -28931542
370 2088 64431254
2669 556 18145471
994 826 -22325366
876 781 25554240
101 1355 67060759
2194 1389 -14128779
508 11 18297434
1064 2766 76275422
1136 61 -19172808
1825 1800 30368029
1467 2536 39933001
1196 917 -68628409
2613 1982 -6854956
2251 2173 -3885459
1023 344 25103022
2839 2706 53742961
2243 1991 19344328
1000 1003 64341749
2744 892 -27110449
1920 2084 -12074967
1401 2936 -40755618
2937 755 -24193585
2511 380 -14991545
1753 2427 -21808016
361 144 -19568549
1844 981 -24462083
2282 903 -30694740
2865 144 33757813
1802 2608 48546732
2202 1376 -67440164
2043 149 87599065
2448 1323 57256787
1332 2631 57452163
2852 2700 96166240
2376 1559 5687471
1566 1315 -44927748
1735 2358 -13387624
273 298 58844034
1227 1813 -29175626
220 1969 82139211
2340 805 55512205
1096 1114 -26436869
1235 1366 5586032
600 2309 32678758
1641 1851 606184
1483 819 -56237579
2463 1427 -45814759
267 662 -63044541
1255 2912 48136293
2929 2534 -24070327
1217 1467 713231
2365 84 11570662
2622 1182 -15251621
810 1050 -69030272
1472 1943 -81485073
2231 1384 52884908
2607 106 -24333890
373 1664 88845527
796 2535 44612252
2879 1290 50560251
2888 2855 42881507
2980 1375 47310827
629 2890 76066727
1023 1769 68046274
2547 2610 -67544228
2454 440 7371333
2307 1073 -80422831
1189 1118 -63020579
118 534 37723616
228 2603 -9924906
1518 1707 -76962832
1075 2416 52858826
1651 289 92181620
1860 1791 40332757
1982 1521 38784185
2711 1816 78538193
1649 2939 -22312991
1551 2557 32084373
2547 2746 -43664228
2331 725 -671007
2103 629 -47439137
597 2324 -1400727
326 1719 -9897799
958 1793 12757003
943 2823 -33008771
1559 1493 597127
29 2599 93976081
2648 1649 24706696
2944 808 -61238460
2443 1879 -18502933
1034 2747 -71770583
1065 1271 -47083207
1730 2417 65545266
2522 331 -29539276
827 2547 25130528
1265 1459 2876557
1493 329 36938375
2901 2104 72996865
794 1766 32076313
48 28 25686705
913 2809 28431904
683 15 13737426
1741 1981 -17139378
1510 83 -97869509
1142 2401 66200911
1635 664 45578499
2350 2503 -27298114
2571 2839 36362196
117 2576 -15381986
2127 210 -6500112
2884 1357 60901258
1448 2817 -87303133
524 1022 -60543488
2390 2678 2612301
2894 2030 10522810
2075 465 89144358
2836 949 75463551
344 2995 -9273650
958 1491 25246264
5 2478 -93470587
1998 2626 -13131026
2909 2522 -90657704
1307 2900 -50474083
1687 1177 -95304584
304 2616 -58553334
565 739 17866670
2061 152 -75197500
2199 1281 -54578270
1692 949 -97049698
496 2653 96218176
188 567 -19348056
1087 759 -52593782
1784 2545 88414814
1254 1304 -48282424
1400 1426 -27702576
1629 1394 -91785544
622 173 -44059824
607 1989 -16289460
2890 705 -30594107
1187 1123 57066886
1949 368 -2287234
1427 1108 91563081
2176 124 -80212210
2816 1177 -25573367
2244 2564 -71699131
890 132 -26792298
1587 161 -21628108
364 1533 71335681
1141 358 20389936
1389 2862 -33894037
2755 1435 -95905602
1455 2343 28180776
879 880 45816326
1642 1601 297854
801 1392 57267277
1088 374 56115859
1154 1258 30691295
1235 654 72561880
1123 1168 -93187295
1977 339 -37225638
1430 1820 -63904267
2190 1973 -15556344
2795 2037 -41049079
146 2805 -28069290
787 2020 59177230
5 2413 -32006218
120 1732 41665215
1433 1733 16799642
2025 1413 -86148304
782 278 -10416976
681 424 88981910
1687 2138 65029085
536 2341 27737066
2083 1050 -38268804
1272 1382 67092824
2444 2213 65336211
1641 1829 -59397202
1715 638 15835074
2012 2633 -54902745
1248 2414 -44692262
2098 692 45586835
1158 333 65993476
2381 2295 32283309
516 828 -18201145
2492 1762 -34657362
1604 725 -69795553
147 2208 -79995918
1342 2456 -36819741
176 1929 -84432621
69 382 -25448571
158 885 62941396
1896 585 -8794954
1916 271 68065495
2753 177 76776385
1078 2750 -33732209
1000 2720 78701521
1970 1020 -9459890
1472 1342 -89646519
1779 1034 52513414
416 1460 35713803
2545 1753 -2582475
2154 900 -71401545
2917 1554 93550397
1471 1750 5231783
1136 2990 20134321
1871 1867 85070456
1108 269 -61690352
180 2637 61033354
1729 226 29388907
2127 1205 58504277
48 2172 -3261121
825 298 -98905060
1531 1757 32123714
1547 863 -13804912
682 2615 53187038
1165 1021 -83039394
406 2617 -2846780
361 2284 9543142
888 1741 65789972
176 1181 19212355
2074 1643 94638525
1587 2762 83635627
2964 2334 -70476473
882 1971 69864693
2591 238 39570470
1599 1201 -60317336
612 2723 84065154
939 1246 47210982
373 448 -9198318
743 2554 -73526912
1074 244 53056689
2107 791 55554566
852 2425 -52844451
449 2781 55314767
2021 2904 -314704
642 1717 22884098
60 2922 94973159
2927 129 16434721
1428 1584 90566981
2385 2817 39842039
2902 1099 69245420
2592 2831 75594009
689 2347 -22252166
1862 827 -7730941
1776 1851 -17797055
1732 2902 -15405287
1603 1082 -91289902
1338 1738 -4409191
1451 2043 84633818
1171 1407 -55539339
106 2061 -80125225
430 2830 -20498722
552 2850 -25086548
1989 1857 37335832
822 1499 -34424048
392 1857 -48407974
1549 393 20389358
1626 1037 82360525
967 1093 -54735099
1170 72 54263523
2628 63 -82411015
874 1307 31049722
2253 2714 82849563
2123 1574 -76377068
2603 2365 28562539
2533 2698 43995329
136 2274 -79022778
1602 1297 -83451805
12 739 -73426327
2099 251 -74097765
1392 847 43118782
9 929 21251989
1574 2736 81237867
516 2685 46360403
2326 2023 18105988
887 55 73409118
1337 2620 -5566661
417 2857 73494434
1856 2474 -17716874
732 2875 96614594
1605 2193 86775182
1408 494 49337383
2280 2977 -18779649
2536 1372 29487053
2746 1068 -47362641
2355 2821 79683745
652 2892 -24841987
1011 1347 37049753
1032 2840 -57966662
2120 350 34070874
1534 2818 72711447
2021 2079 -41394192
1159 891 -53230331
713 80 -2452519
2396 1508 -60878475
814 2153 -63285563
2231 1829 42890926
1957 475 31053778
1840 2953 67170306
2654 344 40257850
40 719 -51968642
2099 2392 26283267
2273 2450 -82893535
2357 213 -31938269
2746 2329 91992131
2237 2239 67352587
1926 2734 -67824291
1900 648 34032330
238 186 21533854
2130 1911 39558479
57 902 -50054338
2185 1464 -84143365
1434 1483 18217856
2946 1481 -1635492
449 145 -22038453
2941 2373 -3845783
728 1443 -13854507
2581 2781 -13972844
1934 2849 -35680499
1569 2753 37422656
2150 1811 85843546
2331 10 52280115
560 771 -81712628
1555 1329 -10411023
286 2018 41301210
2020 168 -76649732
1223 2073 -56893489
1701 208 39065759
662 1161 4512650
1688 2600 9237742
1619 1747 75385930
878 708 64728419
1976 1560 -92396106
255 842 4893805
1149 1464 -41479997
1822 1749 -88788255
155 1534 54904654
586 1301 91770652
395 2993 -27715068
1772 2508 76316126
2351 852 -11270502
2991 2386 -84625781
1798 54 78578402
1210 337 77716343
971 385 71078414
151 2185 16462297
135 894 -96941892
647 195 -88106459
1153 2678 27796836
435 776 25115070
2836 2873 49128874
2811 378 -17143010
1648 1586 -50776588
185 754 -93707047
2647 1280 -97273531
2126 144 -63130219
2609 2238 -99718776
2867 1493 -70549821
2270 707 -70503091
1440 2403 -90875373
2474 833 -57837979
2064 1010 -54129801
1787 2761 -38328863
370 2547 26461423
596 1540 67015997
2055 1432 89543414
517 1475 -69490038
1106 2705 -1627837
1815 911 3922338
1466 800 59911199
1892 2793 -35437104
657 1164 -96919291
2299 65 -19244032
2960 1617 82573500
2264 2 -96597446
1968 1230 13734490
249 2211 19338998
2385 228 42021388
712 2182 -93309872
805 1988 72017753
1711 1100 -95954801
365 2520 23146724
2166 478 72529403
2137 1488 -69204142
959 1757 30281249
1508 1286 51970611
130 1674 -40997725
2845 810 -76240162
2239 2837 -33163008
2958 766 92870911
1826 305 62243251
280 2738 8809492
649 301 30595524
1179 303 22158426
1391 708 -11008248
297 294 -20955823
868 429 -65623149
2003 849 30639539
577 1034 74577507
570 2441 52446754
1264 1964 -3165058
1775 1806 8983768
2208 1180 -54166849
1066 1657 -15109601
1644 2875 -32867703
2589 740 89768563
2117 129 91414466
1873 2103 -73040292
1146 761 -16754371
2846 2043 85327456
966 2626 -3671799
2999 1834 -71721080
593 2703 -51240415
131 1332 36553484
2189 2847 53740189
1068 1666 -19105238
1433 2868 40226079
2258 390 68924084
392 1223 53642064
2704 993 -79409974
658 473 31538431
877 2442 -21882564
217 2379 -30813515
1099 980 77683226
2445 1845 -14863294
1963 1208 -67869990
382 866 -63377838
1245 1022 -39099865
1720 2202 -12853448
955 223 -82613174
153 1285 13245745
1358 2317 -29175565
1020 2837 79315677
2751 208 -78076908
2321 1499 -77296174
583 1953 47496937
377 1672 21196001
2654 1234 -20990527
702 741 -37782587
1822 307 -73677969
1880 1283 -50532785
784 2966 90737785
120 491 -14037275
357 1275 17511822
1839 2405 62517498
2365 300 -68938013
2231 2764 -12362311
2146 240 78367238
2712 471 4618785
813 546 -26108824
1987 1496 19235206
2047 739 -59808421
1849 385 -48585125
1768 2971 -49839889
2300 2433 -2550881
1154 371 81711320
2876 1650 83063530
2102 2333 50254153
1058 660 -73907775
1685 1145 31338574
936 322 -65414655
1615 1601 -97440731
2965 860 68272057
2311 1437 23460428
1124 1698 -11181900
1956 1126 95336338
1510 2663 -13777910
655 1334 97971191
442 2730 -9804536
1035 877 -29590842
459 965 52362742
951 2828 14821135
2961 2345 65772909
2797 1141 62177423
2677 2887 -62747163
1382 1761 -72484229
1177 1792 -33610317
1299 2335 67739679
1805 2685 64974290
1756 2858 -64655162
2946 2062 91170327
2795 1499 23120323
2194 526 60695576
1129 1562 33168599
1004 1028 -2284481
2247 1952 -92811450
1267 1018 -98202963
2533 1590 58303374
1071 2514 -81276498
142 1542 -76022836
1226 2787 81588700
889 1025 52673826
2876 1735 2979309
2319 183 75840309
1742 2087 80808811
139 633 -18073293
313 1131 -21250171
468 1224 22814229
1238 2462 -37425307
2828 822 -67910329
2031 2295 -92479234
2452 2164 43296757
828 2401 5517846
1141 337 -64350079
479 2435 89345970
751 2904 97692095
1039 1391 -31809270
2484 362 47169133
271 2278 -29381199
2437 311 3933974
543 1777 27364609
1139 2936 91086336
2497 1081 32919349
2934 287 -96077488
1156 1247 95128419
1616 1852 -3492504
1475 2108 -4465082
1970 1744 27107189
534 1280 -45810721
2013 1197 68134822
2719 2702 -76661990
1657 1124 35218483
2013 1653 62002324
2600 1476 65311284
963 2903 41393171
523 632 -67341879
2346 1285 -73378935
1739 201 32121628
1553 2488 66237365
1017 2478 64474455
1491 1969 56620051
2765 243 -77690127
856 2665 -83854568
1713 798 61946818
1793 2729 -99806043
2054 2138 -1065088
2616 2145 -61019043
925 1600 -48663759
1453 2124 -75693486
2038 1919 -71231490
2977 2017 66859392
1499 1619 -93219752
2181 370 -80112012
325 2290 38178462
323 1472 51794238
813 303 55486236
347 2316 -9864558
891 2562 -99445276
1926 431 -18133134
2073 93 -22059553
93 386 -32933324
400 2896 -7306915
1690 550 -62042710
1025 1949 8074233
2669 155 59710126
284 1572 -51322651
799 2268 15276674
2948 1214 76081986
2618 1440 86279812
2792 2525 62979940
166 825 -1353324
321 2385 15169026
428 1713 -32563320
2354 1867 -64381376
1013 2935 81542874
2242 2229 87023209
2763 1268 99882164
2395 2327 -75132893
389 51 -94783232
2710 787 60834170
1950 836 27057704
564 2665 -93889227
1391 528 -98018790
1869 2810 56431906
2583 711 17141121
1907 784 3650214
2585 539 -93346258
87 739 -63783479
1805 934 -89101881
386 117 -37447163
1413 1911 14142417
1076 990 -34817758
817 392 74096752
783 55 -10883118
1730 842 -96017314
1604 1234 -35870714
1689 926 82256607
2804 2303 -23421202
1239 180 -60210805
1744 1368 90168964
646 1735 5451796
1168 1773 -62815519
1734 1934 49153240
2574 2991 -50607987
720 2812 85114187
27 1168 -10326990
2390 1544 5014080
983 392 -63927487
816 2420 64025863
2540 1720 17657713
1663 1769 -78096954
2276 2914 76234141
1124 2872 -20756401
2229 366 8629501
1929 250 -73614203
2227 1062 -67146704
190 296 -65623559
1301 1514 59543664
2260 2010 -83407235
2022 1355 90512681
1620 2723 -29609951
2325 1923 73848094
80 298 -65532619
715 2003 -15553527
152 2098 -16183220
2387 506 -33269013
2973 1210 -126922
1468 43 16482313
64 2036 -67746556
600 223 14374191
1315 865 -16426488
2792 653 -90543860
1494 858 1886160
1708 904 50313026
2298 1544 -5691342
46 57 56451988
1145 763 -76229829
2479 1232 83705605
2147 2918 -90350787
8 646 62407610
625 2336 -45006391
2914 437 70666742
2428 91 30184351
717 37 -23463348
374 481 36670307
827 2456 -35535728
799 1377 -90606572
1941 2214 -80605294
1088 653 30755884
2148 1832 54535511
1114 1230 58961893
2208 1200 -28578095
2807 700 43631688
2755 1462 76355082
1071 2674 37184595
2350 2083 -72916332
1179 1304 -38605042
1418 1745 85023164
236 2678 -20205006
1399 1296 -58388895
1924 1726 91082932
2512 1554 -7426323
2315 449 63737301
1028 2679 -97751616
154 673 -5039908
1740 1944 12090743
1331 1533 29944601
2371 783 9485109
1158 2734 -48714166
1600 1908 23087242
2180 1727 58033889
1973 1689 -77500073
1134 840 -3865827
2091 2806 -57624348
1774 2257 -91578434
1115 916 -49363298
1323 397 -94120740
2213 565 -88654412
849 1363 12069863
387 1609 -94435945
1454 2758 48770856
2046 1090 72749736
37 397 76734439
2759 2888 63718219
1053 2562 34340465
2262 684 99264981
1298 702 -80000119
2445 3000 -36801854
1098 1729 -17458188
2493 820 58971802
496 1862 -186285
1447 1074 -6900220
420 693 -53804619
2075 2537 -56186653
2399 70 -85703571
1924 805 5345773
1938 123 -31426037
569 444 -97718445
799 350 -23622304
2883 2193 -54965626
2622 1358 -39631491
21 2725 -77831710
2633 45 4704579
1382 192 -75443497
2087 716 63875540
2128 2179 -58760425
1555 1764 77118156
2748 224 -24284269
2613 581 78256988
99 1543 36896628
142 370 53094157
197 1089 -98947263
88 714 -36804656
2804 2600 -54089066
2307 520 67382659
241 1924 58519338
2776 1187 -7664379
2133 2703 12414536
2297 2997 13121586
1368 1449 93868629
1149 2191 37627244
1372 1035 57704744
1431 2426 -77657961
1714 807 38069331
1119 2543 16635920
427 1765 -44574596
1799 1735 85723274
2976 2718 -33421548
1439 2258 -63016866
705 2980 -34511935
280 2267 -24798163
768 2832 69119581
2611 2561 -51105579
782 369 25205823
1770 2006 -19704154
2107 978 -46137348
1908 1404 -61241552
1210 1716 -78077458
2652 2850 -24940474
2722 23 47629520
2043 778 -8882952
1021 1116 -76224025
744 44 64572996
1811 2773 -19180657
2990 1971 22575132
2671 2498 -82839594
1205 2455 61956372
616 996 -97293908
2559 1104 74495706
2680 1109 82273507
2283 1777 56960799
935 2941 80866695
924 1041 14337999
2768 2862 90044523
2291 986 -74237953
1754 2768 -53426122
2319 581 60390601
599 1196 37397693
2515 363 -45830046
1936 2948 84352066
1303 1997 68070549
509 2984 29681915
1540 1204 -67476194
2609 2090 -77203701
2588 2640 65338286
643 2418 55597248
334 1780 -63686725
1092 1777 -36762427
397 2919 -43222032
1303 2257 -46403735
442 2444 -32287296
1715 594 46274270
1068 2722 -48491203
1354 830 -75697162
1342 1259 1508236
1365 668 8902016
2688 2920 63747333
2421 1976 -364614
644 1394 46091280
2978 1248 -40434286
2225 1546 25221
2230 479 56597365
1946 392 -32915565
2330 478 -98052569
2824 1519 43850990
239 141 19201360
2202 102 27611076
1966 2701 2982255
1747 2232 2329796
1407 1224 23938520
1395 660 42389046
2780 2670 3922418
1451 1756 54488060
1550 200 99263244
2580 265 95240563
445 2072 -11841981
1000 2764 -58794256
2371 190 28134419
767 2646 -35069451
1345 532 -30224846
667 1535 -81167148
1520 1690 31875217
1179 810 -62838434
2425 2297 -72411829
2138 974 21719289
852 691 -44276054
2856 822 -19077639
2475 2296 62750407
279 1473 -55575573
767 2610 -25559742
494 2937 4378313
2753 2225 13394124
336 2583 34246708
553 2142 86409029
1293 308 69659886
2801 2339 -12935707
1815 1 -97429517
746 2152 -54991883
61 1934 44392104
2413 902 98454159
1034 998 15424894
2371 2175 14691800
487 1832 17497734
2332 403 -98593569
731 1039 3923137
2962 2932 94042360
377 2162 47722678
918 1322 -84078049
505 283 85916648
1392 127 639331
1988 555 11751632
626 1803 -52757694
2484 283 47836314
2917 1895 61373099
1113 2156 -62960607
2338 124 65548053
1476 1791 -52574927
2082 2452 -84838143
1510 1900 13976861
437 2256 -29062320
1241 1198 -56454596
1373 384 -91855506
1285 444 -22271081
315 2845 -48197045
2819 1728 15244684
2320 320 -92143847
1916 1595 20844664
860 1435 59430893
2474 662 -91160947
2754 2055 5473545
373 1850 95745109
489 1419 -60544560
54 2696 75716534
810 643 -43749302
2775 473 90868243
64 2509 -57250197
2095 350 87667404
778 1580 -28728351
1025 2655 21435653
1722 1000 21527032
470 1310 64873050
1705 1283 7560533
549 2581 -25947436
1479 757 -81931273
1825 1667 76042686
55 1272 67375066
938 2282 -32960249
1360 2468 90010099
1561 2099 -12763166
2780 2626 84879940
744 695 -43532566
2443 2531 17612901
1591 86 4304427
600 938 94060821
1711 1995 -29277946
1914 485 -88743907
337 1086 -94747908
2315 2887 76169108
287 1959 86947208
2379 2384 -81042865
2825 2808 -71110325
2325 2450 51288168
208 2626 -50415353
2064 1429 -3993781
894 1734 -12248792
326 1570 71552662
1930 565 -80991491
2464 379 8718377
1511 768 -2302184
1702 32 -6656893
2310 2616 -61284277
243 611 90245987
1038 1438 -55685978
1678 452 26751470
522 418 5962558
2968 804 59451168
234 1143 14807409
2596 2917 11671070
2767 1420 -56181999
2873 103 -56440890
267 2083 35080767
1386 2435 22333995
2126 1261 -46429799
2589 2907 -98279760
313 195 -66982583
1566 831 -57088078
77 398 8141284
388 1545 -54833773
1508 1519 -93837159
962 1393 74610217
798 831 41426457
199 129 6539260
2732 1230 10188602
1636 625 -66079840
288 1830 -81318109
1828 2514 -88335509
761 1529 37494982
1430 1941 -37884535
2578 1702 -4410947
1276 749 -44739730
860 2047 77366568
31 472 82408706
550 1173 76032684
1727 1081 -25298292
2067 553 -90635307
1950 1120 33499441
1659 2004 99607733
2486 2751 -55787699
2167 2638 -97815092
1797 142 94539671
2657 266 47235717
2583 2622 9719908
1817 951 -59981649
2043 193 77571063
2312 1792 -53223061
35 2343 -95944491
647 2772 81333401
1312 769 31551285
608 2389 90819683
1731 2553 -80249170
1803 988 -86222758
1196 2088 -1227342
2289 2738 -86408586
30 2413 34970444
2483 360 34379948
191 2692 -2843103
363 2455 40177246
1667 451 81056590
889 1799 67051373
626 173 30692144
2630 67 83000610
2588 2306 29696361
516 1458 95926820
2931 1724 -24192589
1043 550 -46647623
216 1947 -58073352
916 2408 -77052120
2827 2432 -7852826
120 745 10647730
927 309 36485178
2432 1354 -30948509
1059 171 79662703
2886 1164 -50714479
1784 537 52489759
842 1688 -25242933
2009 330 46449763
2918 126 -36946334
2645 1831 19101714
201 649 75762540
1311 2479 -37016442
1222 2768 -18779349
2629 62 -31759764
