200 3000
111 200 -77151671
126 148 -53036768
31 49 86079360
31 175 58205523
140 187 28499487
105 184 60239726
95 182 -45054032
10 46 42805953
82 159 -79790500
63 80 7483922
137 171 85812645
116 135 99715370
90 97 36987135
77 94 44210001
44 161 -89391443
155 192 -68552046
37 158 58535893
4 188 -83129172
113 182 51018972
15 23 13387285
83 163 17700698
1 146 40448502
13 195 44981697
97 144 -77272818
30 189 -90561007
59 124 -87046741
59 120 22402323
53 195 -85830479
3 154 78772241
49 143 75249167
1 199 36449426
122 133 -78520303
111 181 -24801568
1 80 -91132835
59 97 67216401
8 168 -20869070
65 80 -98410249
120 145 19389206
11 93 94932264
81 85 77119357
55 69 64622937
55 96 55172519
126 167 37464776
172 184 -14247928
21 136 -87610672
120 134 -61893142
21 126 2156490
53 87 61158919
111 171 -36187018
54 140 55308175
47 186 34152581
40 180 -32202195
18 82 -45652712
99 182 16232834
111 191 -68907747
61 100 36641087
8 84 -70284666
126 179 82849076
78 176 -56829402
129 166 71014484
90 105 61403183
55 96 -26617316
102 148 79422621
89 134 -98821436
15 130 7829856
27 85 -38860520
37 188 65839705
159 171 80727025
172 183 -69686623
108 184 54040010
47 109 -33792212
120 181 99114944
33 84 47616842
27 83 -93885620
2 61 -58160434
98 146 -27802324
20 104 29308976
61 130 -12271438
112 194 -96565511
41 191 -59131710
62 198 33050151
71 154 81657733
10 115 -5386741
3 22 89512818
133 197 96209423
145 181 -99691889
35 108 -1745870
119 177 21256995
105 113 27069641
53 156 -99667752
81 112 -7384129
56 184 10126354
102 179 -99623474
104 184 39526477
15 167 -92105278
9 174 -45202644
87 88 38739590
40 53 -66524015
18 194 -68733424
56 88 -98270055
13 88 -72582954
6 38 -22941431
108 127 -26684807
89 168 26988920
94 114 -74489329
75 76 4737379
127 145 98902412
161 167 -81038458
40 196 -8677279
52 184 39218805
57 128 17545197
87 167 89805467
89 101 6446450
82 96 23525447
52 67 -20841688
42 117 -48314708
34 152 -79085016
22 103 -19279247
75 119 -9967004
69 80 98527032
25 72 88689529
74 134 86007716
86 195 -40179032
55 197 -3755313
114 183 -95109701
40 174 -51522732
36 69 -80747413
72 110 -67246731
48 84 47210555
74 123 96920776
41 42 -20697912
26 74 24412649
177 200 -96772251
57 121 -42850810
18 83 88869623
78 183 6278341
11 186 -15424573
27 197 -22038932
87 192 -44482604
109 181 -11693160
2 150 70828489
135 148 -28345211
30 180 -57664858
5 61 -22274022
15 144 71308966
26 181 45398937
43 89 56373656
50 110 -30582609
7 155 -68990951
37 123 -67973253
53 109 -9041480
51 93 41485039
59 172 65794178
46 160 -30082047
13 61 -11193452
18 111 -79525434
164 177 -95699357
9 173 83994358
96 193 -84238111
153 161 -59268520
64 93 43716361
59 122 -46895901
71 116 -38163386
107 160 -33346997
98 149 33501059
49 59 -52002536
59 178 -23730454
23 79 8594769
131 138 -52809514
116 192 -83496887
99 113 -45357861
62 150 76592910
98 129 31290735
93 120 -46609300
160 180 -81790360
91 103 -1636540
105 166 27253394
141 171 63908990
79 96 -31831331
9 81 -72910687
2 75 -38390317
68 114 -81046850
49 51 -68876320
130 191 62565319
111 118 89641503
77 111 -37760154
135 193 95684214
24 91 96519853
99 139 16674316
91 156 -3036255
43 102 73807327
147 169 -77272279
36 170 -6741163
148 171 64370117
12 165 -13871270
11 69 -1325833
111 200 -41531682
171 197 -27100144
29 124 -85830642
141 166 -75096351
43 179 -56901563
177 197 -81720131
101 143 83246500
13 37 52134450
81 177 31791485
137 185 43540471
69 106 -30989481
31 108 -83099929
42 135 61973828
68 140 -31810146
108 167 -21921256
148 192 -44270824
33 118 -10795866
48 152 -8366469
65 104 23113450
49 133 97636214
28 148 -64620979
14 24 -65627078
7 75 69620043
150 172 -69511639
9 197 99594763
88 120 61360177
103 120 -80779772
23 166 29692285
54 79 -88373219
35 46 -20791513
20 165 62730661
41 166 -91829314
7 144 -549718
97 190 31895115
4 127 -99911407
5 153 18106853
45 148 99944706
126 160 75305667
191 194 -18683645
128 136 18492580
42 98 74977497
38 180 -75728965
3 43 8102469
12 125 53078068
77 148 2435234
171 181 67850899
11 104 -63345582
26 39 -663529
120 199 46840999
24 110 -37515655
69 90 83201004
127 178 -67958650
107 145 16446141
1 49 15720543
126 161 -4657406
48 195 15968252
4 10 -40604337
5 28 -71086470
94 105 44478253
45 60 53906316
27 118 33976052
93 133 13269296
98 108 -38330105
42 191 -23308963
88 141 22742692
84 178 -62025288
29 68 5810981
194 197 -58014007
86 89 55283535
27 182 91354421
24 39 -79092722
26 149 -7658405
13 157 1878789
43 116 -86581109
74 86 -64093572
3 71 -1207268
108 126 38792301
28 90 -85253094
25 154 -58195720
73 200 84251946
101 180 -22333580
49 139 54422275
151 173 -64506971
107 182 60060743
47 200 75403147
46 84 -67082451
7 107 -81800177
50 121 -11924618
33 98 86833349
53 141 -56375689
4 53 -45194350
108 161 -16673817
44 99 -72426293
188 193 12600824
4 113 -26165413
146 166 -62633027
23 122 -17213840
95 158 43165034
4 125 -60361941
22 93 43829664
29 42 36147769
8 65 -21973765
2 136 32649430
9 59 -43361875
88 138 -14618247
46 197 -9604803
1 153 16780839
155 200 58352536
7 17 59198000
75 182 -15220457
124 157 55638033
108 142 -41202105
165 183 94158501
27 37 89723750
121 198 -5287241
77 183 -90213026
149 191 -89772752
33 113 -80822137
88 155 30670601
127 170 84892337
68 88 -97723313
40 59 -18172213
115 155 24731182
127 134 -49206447
122 192 32894639
20 45 -735497
92 165 57873781
72 97 -26070551
100 147 -78951501
35 88 15474448
1 28 -60912088
30 189 69725495
95 147 -58196554
36 179 -77363195
111 183 -16002832
37 120 37311021
71 179 -46532151
17 192 -14217236
115 161 -8969363
50 191 56708224
66 114 59057316
113 158 2373797
58 192 21335834
26 98 52344814
57 81 -20476844
61 200 -11561264
14 104 -13598990
90 175 82309589
103 109 -40425549
127 163 24764581
57 93 -8188673
11 176 -7850052
23 146 -21665002
166 170 -89429021
92 196 86028200
3 56 40069832
90 187 6272837
7 152 -73097656
78 169 -95386543
118 140 49395450
59 162 -94038508
117 169 -90726728
29 107 22389090
76 117 55134337
102 171 -27602601
21 126 -4194773
58 74 -26333438
70 119 -14122928
77 127 -30325700
139 184 -89191966
54 124 2033407
95 102 -98392198
102 145 -18751319
16 131 5280984
86 192 91516128
89 196 72518004
6 57 64330245
110 169 75524644
102 171 61558627
159 169 5873280
98 189 -73242411
179 182 49993527
186 200 85993914
55 195 -15265782
17 189 12677034
52 164 -7965439
85 185 -8507375
86 94 67146944
114 165 -74086630
67 178 -52307937
10 72 -62844325
122 156 55534517
11 54 -69469905
6 59 -82259534
17 200 39388306
66 81 -32704540
18 25 31803861
191 193 84618937
91 151 -70801
164 195 -60591966
53 155 -99055389
53 193 902856
48 143 56183067
23 120 -1609897
101 104 -89371228
47 129 69007233
98 188 -16341824
35 173 63668571
73 192 -77446804
22 75 -63610683
65 161 44326142
25 182 84242566
33 172 -7360295
122 180 -97486884
170 176 27636595
70 143 -80126565
46 86 -41363846
12 133 -63481188
162 186 -67915808
49 99 -69457696
28 156 -20757603
109 127 -97290624
21 97 51006362
134 158 95625009
83 119 42516134
108 174 17036500
128 160 78352774
22 175 81876289
39 65 18272241
174 187 -32996634
25 129 -19856367
61 75 47545289
3 8 49541600
82 166 13458459
85 131 -7851333
103 193 -25107014
130 138 -647957
43 121 72564534
5 151 -49195647
61 88 54868092
179 191 95864904
49 174 27186081
21 103 -9135886
13 56 -48124695
39 66 -27965971
94 157 -12333139
25 67 6094978
1 33 5276204
167 181 51008566
54 148 -91982820
69 120 5128354
21 134 -87124537
80 176 -98761305
126 155 87470925
93 144 79979378
34 114 -24406738
35 83 57465378
165 172 -39281494
3 183 -91618344
120 167 -6153072
39 106 -6834746
20 39 86180690
56 161 -35786899
104 178 -26171032
42 50 14453735
11 115 11282026
127 171 73616511
103 165 -60157732
152 166 25173146
53 110 -53869150
17 199 52251635
40 68 -31277440
14 82 23785371
74 123 -94956650
70 86 -56669968
171 186 17023283
68 184 -98147654
108 181 81947880
81 132 39129085
86 198 90265964
106 143 -7527304
22 161 37962528
66 100 -60681394
135 184 59705626
149 156 -42093595
15 85 -65360098
102 166 -55448931
37 42 -25906119
115 190 43866662
4 131 -30351105
11 118 -12010278
148 173 57983529
66 184 -56747843
17 135 53908880
126 181 -63683425
127 148 -96244926
110 131 -18800898
81 192 -51327027
98 168 92227674
42 122 -27454353
36 87 -63990786
5 180 34473850
98 149 -51182636
5 70 -1829847
112 137 65895442
3 110 -68562991
43 197 52890673
107 150 -90422561
2 92 83159948
72 160 -77351463
140 159 44434377
141 158 27667558
35 103 7046305
33 114 -54089176
29 75 17456485
28 170 5495267
50 118 89215661
14 158 80290331
130 138 71998134
71 198 -67081207
145 154 -14356693
140 199 -51126125
96 126 -71355403
37 187 93483426
42 45 -18159554
126 181 61709586
71 160 51204399
33 64 -42148732
101 195 86417952
84 164 66880137
42 102 84826388
41 185 -56867007
82 91 35012216
52 126 59369484
88 197 -25872816
57 172 84117456
22 59 51923080
1 174 -2512680
133 157 -59720307
87 133 -79965832
123 185 6529681
2 194 -39913759
12 58 94104315
23 89 49831438
53 153 33459463
63 139 -32669872
67 73 -74879135
93 141 4119987
118 190 85597465
8 93 36139718
78 196 37063792
28 138 39803380
27 58 89673179
29 141 64735302
60 117 47402556
34 138 -1773333
73 140 -21414773
175 195 -22272237
86 106 24071060
18 200 66773576
132 138 18085469
59 133 12979951
100 171 -377540
115 121 -60208140
88 177 83503910
69 120 -11013575
88 116 -39034847
33 63 77781881
16 59 46594853
133 157 32007049
142 188 -6063353
91 158 -17224009
3 98 -24746151
79 85 6034289
90 96 -88900054
128 199 -98076083
53 75 -25012777
111 187 97267860
25 46 50123899
156 192 72625222
16 167 21433598
40 83 56738226
6 103 30759425
12 40 -78689765
112 184 -34606974
91 97 -9125547
17 170 -50861905
41 109 49464894
112 190 -17729815
130 180 -28034891
64 158 44187733
50 196 -63449856
24 189 -63021156
170 176 -34384830
49 125 -93151908
19 180 -56269957
115 152 17812343
127 177 -15154477
161 168 -11412567
178 187 14957285
61 167 57308037
39 151 63290310
8 139 -88722177
27 64 -45256035
48 102 48770332
86 194 12669761
180 183 37565873
146 178 95907143
22 40 -9238818
24 31 26570855
23 108 2337025
72 127 53719815
62 125 -12715713
169 177 -52873321
49 117 46906641
10 175 99890615
11 131 99773666
89 179 -7766281
74 136 -84926530
89 158 42301658
87 104 -44707155
76 158 58812319
2 64 24978268
110 125 -66919922
23 101 93281144
13 20 5380649
60 129 51883596
20 197 -13599163
139 179 -46285779
178 190 21297750
32 43 59885099
99 162 -98705343
51 169 91707348
26 51 409732
66 74 -60108826
10 162 -86559276
53 65 25641591
3 55 93442643
129 166 -62588667
34 181 7628266
102 128 45959026
171 195 -61540762
20 111 -66510203
129 180 14580325
13 196 -72036421
147 183 70617884
7 126 -52887709
135 142 62735939
30 131 -45744643
78 134 -45311882
32 37 -63107952
39 78 84988889
7 127 26811972
17 67 31229899
74 111 93745961
54 119 -73957967
28 46 20883306
153 190 95404617
108 196 -2311424
93 112 97806018
118 177 91790491
149 184 -85985025
53 115 -25851441
82 158 11918379
123 187 31610510
134 198 10899102
21 72 -20876943
15 163 -30507532
153 169 55886617
166 191 64929635
42 50 -82390266
133 150 47690466
11 111 -45479880
20 46 48867467
85 94 12420733
50 107 -64531036
87 176 38122492
82 118 41749428
32 99 19234145
42 68 75804619
98 137 -70087214
12 56 23804706
41 85 55409828
159 186 23659471
85 98 -78043380
109 119 -74584031
60 175 -66081209
94 144 -51090605
80 135 -76073013
107 192 89121858
30 186 -74365110
34 49 45785147
27 108 -99326246
32 45 -78865815
137 162 25730559
88 161 95049637
19 63 -5715877
94 152 -27049185
47 48 -55454009
76 184 29022094
31 129 -34510129
116 128 -74194572
173 176 29714500
97 111 -47284240
27 80 51519639
49 66 -2305450
79 165 -78972198
135 167 30535336
111 172 -73417122
5 180 81612423
73 160 65941249
114 164 -85285322
110 126 74539773
97 152 63176428
59 85 56773261
15 102 -67361520
25 159 -53124341
32 83 26429052
9 104 -73705387
49 186 -20985810
70 102 65265382
2 3 -97679497
58 75 8810624
41 138 56949413
2 120 -39374436
112 141 -70265051
75 161 -58397099
122 156 14954614
49 119 20973553
97 186 -11716986
101 137 -47818433
51 53 -65826048
23 154 61920129
86 121 -81472811
9 139 18073015
15 143 67787055
9 50 -32966014
55 117 3014586
80 158 -45474337
90 97 88479283
153 185 3419640
54 104 72058846
105 164 -55243230
31 148 19104357
87 196 76215100
29 81 -37797711
89 189 -62880569
128 168 -16423658
131 180 -98314036
39 134 -29290776
64 138 77401119
48 78 56620806
14 131 88955766
98 192 -60506696
30 191 72575015
37 145 83263208
128 156 -16109281
68 192 40525282
51 98 -85769837
32 68 82799307
32 149 -42412215
7 171 -75017971
28 58 88862470
9 22 62176020
160 164 63676036
71 86 -37198637
74 137 -61576726
31 141 40959396
52 74 -89380368
56 168 62430161
172 199 33422464
56 61 -87251817
15 162 -10120672
86 194 9142521
65 180 -60969338
85 155 -61916393
33 65 -50118958
93 141 59332380
58 199 -19188379
28 41 -64669825
9 138 -46104993
108 157 -10913830
2 153 54779066
37 55 -26331081
79 178 -44808177
110 174 27354275
26 195 13207760
117 160 37833916
20 71 -3070060
48 71 60237314
36 64 15529525
53 149 22805886
47 130 -9686470
90 125 26986497
154 170 -53445239
38 65 84083535
95 101 20164473
11 173 51934360
45 135 -35033076
104 174 9765925
78 191 23272849
116 169 40531193
41 91 -3045069
85 183 82027987
52 82 -15601665
137 160 -40898154
85 139 -16186092
158 167 68880357
65 199 -6606883
30 62 34702106
92 110 72049764
121 195 -5573128
150 166 90862037
109 142 -38584036
66 131 -68672488
173 176 9106485
28 180 45910741
46 141 -28529272
76 154 61158458
98 142 30925270
133 177 66729575
12 174 19403478
86 137 8596456
84 118 -70763884
52 169 22740374
100 175 47191063
1 10 -83000889
137 148 9824926
79 200 87874614
162 188 32305040
11 110 25280164
181 190 -84174450
128 176 -53141286
20 136 -93135046
64 144 62116180
51 54 91482885
18 137 -26421843
51 177 -45668768
91 170 -20490114
61 75 -12612897
45 195 76814459
102 182 -14877306
122 157 83569850
33 71 26976722
137 174 49267534
119 135 41182337
49 185 46566946
65 152 3099265
19 58 -29921933
45 123 76787874
11 86 -84533821
6 58 -5242216
39 92 -95141451
33 180 -39778818
105 125 -10484788
83 89 14418722
17 146 -74324989
79 150 -55049071
170 197 43002052
60 190 -92917927
43 62 -52822116
111 158 4891027
77 127 -49759075
29 73 1876721
30 96 85343784
82 125 80561073
107 128 -83804675
97 137 -18742702
57 177 13139487
44 168 -57587811
5 124 87385581
91 143 -82755885
21 37 -15436210
112 140 77624947
1 172 -7242857
73 144 69006107
145 153 -30098366
70 169 -62817507
16 199 -62796010
137 186 9007807
68 189 -9967147
39 153 -93282117
22 88 -50668603
29 129 -29394068
78 151 53194532
7 80 18050992
48 81 60992175
44 110 80036589
68 190 -19704402
52 79 33337809
57 182 15848732
62 89 -71265080
21 118 70198424
17 28 -12703858
37 154 -98415315
62 117 50428052
12 16 30848885
50 81 46844684
95 155 -62071427
100 107 60598696
158 169 32228052
51 175 -53680799
162 190 24262109
156 169 44536706
84 99 61636110
40 73 -96513333
40 158 10699215
5 9 -16254194
83 191 -6394669
6 120 24166043
128 192 9925877
74 117 -19935159
100 187 42562136
31 93 -16731076
98 167 -44472239
175 185 72330265
58 162 2536470
108 126 -15616010
51 58 66449687
41 90 -25591746
63 124 25859176
167 197 55479111
31 63 -68599762
55 194 -39254071
44 168 -63527571
1 179 78849730
20 127 20649180
82 94 -44973747
94 141 38116930
104 195 4688080
176 182 6269370
26 58 -35659143
45 100 1527760
51 162 -56189360
100 165 -36780323
123 196 -17308326
137 192 7399098
44 69 55376864
14 106 57663772
86 130 21551143
167 180 -57921406
123 160 -92294135
40 128 779511
5 44 6730488
55 92 -40793044
46 131 51427463
88 113 69084300
3 155 -65139989
170 197 55113398
94 137 -90825664
68 77 69213894
90 154 22574766
112 148 64924174
7 136 82153039
49 89 -39439939
153 165 85214046
75 189 -82451319
9 80 -92600583
80 198 62576369
49 123 -8922533
84 98 -67613567
5 179 -90150555
117 148 25155224
63 118 25460567
79 86 -34501258
54 101 88570265
76 122 -24148683
45 48 -99596930
12 93 64065738
11 92 15278637
25 101 -59342616
144 164 -89923766
66 188 92184797
4 147 -36937251
110 130 -47117875
22 33 33124762
41 193 10059918
152 189 -90686465
109 157 -46885321
108 158 54090191
29 164 88938726
60 104 99558770
15 163 35456104
31 141 -26083656
95 124 27517495
50 142 -91776948
84 86 -82371753
143 163 41803746
47 63 -96940457
133 189 7065384
116 167 14824847
26 182 -79211026
101 183 -23853817
61 169 -25939762
72 188 -23025363
30 51 21907432
79 88 -72640761
18 49 43724896
90 172 -67816644
82 122 -54844669
109 166 7128428
91 137 -25473510
18 164 17381842
45 166 -90362038
69 164 96927549
19 35 -12090411
90 195 37887040
25 82 -86036045
57 169 33114734
166 198 47046915
78 142 72617968
20 30 7225068
163 178 -92347251
41 73 -6621443
10 184 38373028
66 164 -23274129
70 108 35461707
49 87 87320415
112 118 13937826
40 78 -87654431
143 149 -62946637
104 159 95250002
38 182 -36233343
55 162 -35054393
12 78 38037161
20 60 26266392
1 57 -89424569
81 192 38069811
113 178 -3812743
1 24 -45105859
5 183 25511534
61 131 90505262
73 94 36836746
60 153 -34123111
13 36 -93593893
177 192 82586172
116 193 62038777
114 174 35127843
5 26 5030234
39 72 -8193919
116 124 63774871
142 195 19659027
76 178 35261581
70 156 18022213
58 135 25243156
148 178 -60668258
80 179 83179205
38 136 -44794439
53 141 -16146234
5 111 18149427
166 180 4993107
73 102 -65148603
87 103 -2969286
66 89 59466735
28 120 -19217958
147 153 88927638
123 184 -74312345
25 96 -48437738
124 192 -28129990
26 85 28345531
124 148 87287253
152 178 61473320
32 115 -21249808
75 184 72239952
87 166 12556102
62 137 -68603863
3 167 -5975520
83 187 -55826570
95 155 -71783979
20 185 10155610
145 198 18792049
64 156 40662438
32 100 -41325009
63 188 -70331526
85 163 63558775
120 163 58272120
36 199 82016371
9 49 -46590576
23 40 -2659523
35 36 64293212
88 179 -74081648
5 9 84082794
21 99 -21080150
67 134 -9450713
6 9 -72402714
71 180 54657659
35 187 58717244
112 185 -36911070
165 194 49893513
10 168 -74415627
67 141 9580183
105 114 -15609234
26 184 20848833
89 106 38543448
4 113 -14192521
20 108 -14981053
55 56 -99747058
1 9 -75925258
147 156 -25475573
13 62 -93556993
89 190 -14821096
90 125 -48735084
61 188 44929576
41 93 -10786041
64 75 -14293792
40 41 -72848709
22 183 31498086
151 169 -17673165
107 148 47506586
158 198 -15884449
16 185 -91366601
12 125 18905748
79 104 83149041
104 182 -79547362
21 22 -41699090
167 187 -16785513
66 130 -888095
7 148 18461056
157 192 -64249849
31 174 72749187
46 137 25589659
72 190 -49629957
127 136 42294821
57 151 -80510262
76 128 36062914
72 128 88959834
44 144 -24992681
26 130 72432004
57 115 56636931
49 127 -71528739
1 164 8694739
50 116 -95387455
55 158 -8206819
125 159 -2633144
51 199 -44160006
71 88 -44667106
1 16 -96036337
135 148 53166022
63 90 -30901121
44 106 -64992649
65 185 58810426
65 175 -49658676
48 156 42205080
96 191 -33084303
50 98 -98382846
60 177 81751956
110 115 -58221049
15 32 59663169
1 128 -32797268
11 67 -40807668
27 78 -86238222
49 125 29463950
161 167 96977400
57 197 52495043
53 132 30774670
7 175 -43065065
121 157 60821233
51 195 -88808689
15 113 18860613
97 126 -18694705
3 181 61697013
84 132 96702494
60 118 -46839046
62 112 85144414
4 152 -89076775
47 190 -56426986
20 187 22361534
88 91 28399660
46 110 -57929899
107 109 45127471
69 159 29132611
109 171 -60077702
81 153 37528329
150 188 -66869372
21 161 41319269
6 125 -22481872
40 194 -29713616
37 171 89276620
67 169 7002453
43 144 -47943052
65 100 -58754562
37 197 -13477269
87 140 6165853
174 193 -7388407
2 174 -22653465
97 200 -35336060
38 118 -42653711
164 172 78086404
45 51 -26945402
68 100 52681898
17 191 5827331
181 185 -1632913
174 183 50130318
44 172 -29340605
33 128 -81244732
106 137 47680806
62 165 -80584084
37 124 -66949396
17 62 -16788853
24 148 -21522996
22 191 -68614153
50 177 -55279968
17 151 -18613499
9 23 35547565
7 83 -42523061
24 130 6951164
89 196 33265558
52 189 -14438419
101 141 38636017
3 147 -953107
22 51 -98737214
1 143 -59660163
26 71 -30000526
50 72 -47308794
5 167 50922742
5 195 -63289468
55 134 10121550
57 154 -35340924
43 189 79503470
3 142 70634025
81 92 97011462
91 122 -80613240
119 157 63897570
72 95 4953101
174 177 -51565203
14 47 -90610875
94 131 61904317
18 136 -84279055
168 175 5664640
94 143 84114330
10 159 -93255062
63 122 -18411133
86 95 59583279
61 88 -89525395
114 197 8556572
101 180 -79082351
52 190 -34709552
3 158 -75454146
69 81 -99089961
129 142 86421436
43 146 -54347604
19 102 29573835
13 88 58149063
22 75 5291725
74 152 -73372283
136 150 48629282
81 143 33072141
146 195 -19511286
13 179 10619258
128 182 -20636407
120 157 -20568805
107 161 44326829
149 155 -50391576
54 174 -33380588
129 147 96387353
54 128 -20246466
12 98 -2293716
150 168 44420521
49 180 29525064
94 116 -7662026
64 117 26777700
26 47 -75377759
128 138 32164031
26 127 92912396
45 155 -96393135
4 197 -23158919
83 183 12094148
41 94 52018504
22 125 81609890
24 194 55000355
99 173 53394343
140 187 -70227005
64 106 25532008
20 152 -74941000
96 183 -27365096
72 131 49040337
20 165 21391793
34 71 -73350731
47 150 32891388
3 74 -507464
73 178 69996456
71 155 46664055
144 163 -46354260
182 198 -86061300
26 46 -66375201
24 88 -5574037
79 181 -45437238
20 196 -72763624
21 75 -38462466
141 151 24848712
8 172 71662187
98 196 14545798
72 80 42954879
144 157 45335579
88 147 -21715180
36 58 30280823
6 198 79496171
23 40 92256332
51 76 56055532
104 113 35644082
3 123 89739478
130 148 41793328
106 163 34157602
35 115 -31793697
33 190 -28812364
170 176 42520254
106 191 12454849
55 167 38244657
2 47 -6044311
63 163 -65920461
6 29 -54238106
65 125 -23251086
50 158 -40641853
30 150 66027273
109 154 16835518
104 158 -52013030
155 169 -67494047
24 46 3270606
54 92 5019850
25 42 66600650
11 143 41820909
87 132 -84260169
66 68 -63718701
40 122 -30376804
11 15 20554142
29 161 -44220473
133 173 64537199
17 45 66367574
67 121 -85283822
61 103 63588163
69 74 98813254
98 113 76186007
30 107 -72936226
94 113 67173477
77 193 34604410
2 157 -2513767
48 112 43513004
62 200 84402220
5 130 -52679259
55 92 81187734
63 115 -21224925
90 177 29700460
120 164 88049707
8 194 70330786
12 39 -73967238
56 76 -55033837
80 181 -62507812
97 175 -99485880
28 61 -14274662
136 169 17798413
23 173 -79265698
19 77 -51353809
3 16 53446983
39 55 10514626
22 92 -84263376
124 175 -15428948
100 167 69037210
165 181 89668977
139 150 95540708
68 117 9262496
70 111 46252444
130 194 -79888905
90 132 74498450
158 163 85161897
152 196 37581830
72 180 -3831469
28 115 50387506
31 85 -84703332
80 181 19534641
94 154 -97675833
111 170 -14540406
49 158 -30808833
88 147 90665470
3 146 -45418645
78 192 -2288069
128 182 53802124
68 92 -20503762
11 14 54748398
73 145 -63219060
72 106 54178467
15 57 -55014778
14 114 47224985
178 197 -93881030
70 150 59690672
77 146 22759991
75 112 40646626
18 54 33526534
100 171 67111552
19 182 44948724
105 115 25000776
41 99 98295043
32 75 -26445534
33 111 -68917464
49 180 -64767795
126 135 -95175006
64 173 -54039117
149 197 43898717
178 180 77258425
73 162 -65754759
153 168 8642106
14 137 -53286110
16 197 -4653658
27 57 -26531860
39 189 80072638
11 134 -14278827
158 191 -65429196
80 183 -1020805
43 150 -51074017
22 152 52881618
163 188 -24986408
190 192 43340356
117 188 -66586061
72 97 -26031877
56 163 -43544337
110 146 -26319643
30 179 25958024
62 137 -72932403
110 182 -62241888
54 83 1629734
132 167 -70276903
50 138 -61758669
52 91 60987176
52 142 -1863633
115 172 -1213364
8 100 -13905088
44 158 -70779312
140 151 68703659
70 133 -29501862
9 25 3488101
15 156 -22076856
47 101 80037659
43 182 24266599
103 181 -48915295
126 134 77692397
87 129 -59633617
103 156 -75589796
57 187 -90203375
81 85 -24543729
42 99 65856095
1 54 -63533077
56 75 -85254656
107 116 89490826
84 149 -23772170
23 193 56651682
100 107 -19604306
6 163 -38184523
92 130 -9040488
115 155 92213841
45 91 61481130
53 84 -99849000
39 82 -65151717
10 145 -2256905
45 57 -13817028
86 107 -87009201
125 151 -14533819
144 153 -98951107
9 78 -73413453
48 111 57693051
150 172 -6582039
106 118 -77267851
107 130 -47024479
51 175 47709129
51 129 21273642
20 137 -88743031
118 190 29949736
144 149 -53981435
63 102 -37039370
8 93 80105823
82 148 -76655175
89 119 83972253
71 181 -36745912
16 57 -7076328
80 192 -33155293
4 100 94014708
113 179 -18378107
27 94 -76444898
88 200 -40947806
44 199 22116589
97 117 -43972452
54 101 -73385627
121 144 81479329
26 76 6910203
28 91 6647234
51 118 -84291304
80 134 57288893
155 178 48195756
43 101 -32693116
98 172 -19951885
92 187 -82690747
34 78 -32328264
40 178 -43689422
63 89 -69174106
61 194 98504181
57 91 53560429
22 97 -86869818
60 185 -47093888
51 92 -6371811
46 182 9530903
5 136 57047889
4 186 -62505990
75 97 47150852
7 58 66252243
49 74 -83610573
145 169 -72715321
116 190 -43900160
61 103 -35630827
85 150 21018887
104 121 77808811
32 175 45164859
109 123 -68036556
102 137 -10713700
165 199 23046290
43 45 40277104
37 61 -27059132
78 166 -9626673
27 178 60840363
19 196 11488537
154 183 -92278523
78 169 -45037076
68 144 76225141
51 102 -12431574
4 197 -35742376
38 155 -95321132
100 118 -25940417
9 196 17898204
2 91 -90374264
11 109 -66562971
108 173 -42225963
122 124 -69827418
22 65 -4686996
65 121 -99427416
83 161 -61056094
134 194 93576268
155 200 -52507370
6 40 -20101016
147 176 -81405326
97 182 632086
30 53 -30454995
120 154 27579462
27 161 63411415
16 112 6951119
11 153 67791806
6 190 68354322
69 110 24012477
123 154 -53106300
94 155 -68951908
18 180 66157331
134 163 -21377417
14 42 -43156866
39 57 88336008
100 154 -56254937
51 199 -76173174
14 65 79623899
53 145 84276800
48 184 -63199396
11 145 -34843922
53 194 -49147197
50 187 -254757
10 11 30972804
14 41 82540900
129 131 15986022
70 111 82806855
43 197 30871062
122 126 -46239075
82 163 -90348568
4 18 41801622
39 140 -67517212
32 151 -63058425
24 146 80650891
100 197 12921668
110 153 19329885
3 79 62925947
36 39 -24328525
98 133 -84226655
12 128 89677644
13 69 14237639
57 104 -21991224
29 112 25425812
75 79 -1081191
66 198 -54796016
52 173 15688853
99 101 -44147074
168 199 44419005
9 136 -18696034
144 175 -75812341
40 111 6346577
10 159 -86299652
20 26 13092582
29 85 46705570
90 181 95134494
99 143 8921486
120 182 90400233
32 151 91034106
60 159 -21973186
45 104 58977542
131 140 -41553806
16 110 -3219630
36 199 -30315890
47 68 15547300
76 134 -42809395
153 187 -81135908
71 174 -44575191
42 150 -82899045
69 177 39093979
51 106 34297784
113 152 -28153765
83 180 72093867
18 46 -26961349
140 187 -5863753
67 85 -95331212
143 150 80741067
132 146 -32771498
44 69 23691603
22 137 -58574192
12 48 97322039
9 113 -87234461
48 126 57954974
143 153 -15671754
78 170 -72978668
134 161 20519824
81 137 -74424716
136 183 6451825
37 158 -18611294
64 137 -92071123
62 73 -26245657
16 56 66334709
72 153 -46477694
18 135 50473762
12 19 -66210190
20 55 -17575086
73 189 -62182518
46 128 -83656042
89 166 -28720728
119 173 -38233049
42 52 -2248180
64 185 54213131
104 196 66979929
50 182 -15536834
62 68 -1216648
60 93 20308098
51 99 -75915862
1 118 42134609
19 111 -7358633
101 158 -88934857
62 151 44975520
45 56 -76971863
65 179 21502068
82 176 74242746
40 42 23065079
17 150 40103709
7 191 -75082656
56 172 14663664
133 144 53494064
159 168 65543396
108 180 -79455831
140 165 7915491
42 159 -61982387
2 196 -15741575
116 149 71215886
102 139 93957467
146 187 -31145377
43 145 75699738
47 54 13463562
35 147 -74268898
149 193 -19175687
55 164 -37027251
51 71 -51747911
34 116 23925377
14 195 -14001320
13 134 54985156
160 187 -29300947
59 187 -9490897
128 182 54810306
146 176 41773868
152 161 -87354224
10 58 87137293
109 129 -74062414
62 79 -89421438
5 188 -76488840
73 160 -48442539
121 129 -857033
66 160 -34108184
105 146 -83467764
16 115 -11425875
18 136 17681248
15 195 -17852941
7 150 -56908496
88 141 43584922
140 200 -30864574
94 119 -38717827
51 122 -58536552
143 149 -45379106
58 67 55541891
104 122 20183270
145 171 56460508
51 182 9306548
53 148 38850747
71 123 42511562
110 134 -14536613
136 138 -77962819
7 154 95663410
78 99 4111954
95 131 58006665
40 174 86470641
32 59 -26234207
64 116 -17670888
22 178 -89984474
67 85 -43427482
78 101 -91657877
72 156 -29595081
70 114 -94026812
50 112 -79166081
58 173 -35426105
8 44 -72794253
144 164 -71483831
61 135 -50061176
44 115 81292220
135 188 87797772
34 167 37477590
10 25 34112372
27 32 -75059444
21 29 -94202414
55 170 20380738
15 167 -84032999
116 175 -37731966
167 176 51334686
62 198 -18976303
18 32 -65581377
127 184 -36862730
124 152 -34425801
51 153 35095133
114 198 95768972
154 200 -40948206
29 134 40740180
38 182 59920366
6 181 -76282591
33 51 96916017
32 199 51996573
22 65 24752705
1 133 -12308877
178 180 -26305537
54 87 74699277
60 133 84665444
75 139 -62882374
18 90 -25505996
26 70 29488663
92 114 18800013
9 50 45575385
48 118 -1058484
23 108 77207888
135 157 51378612
141 155 -43406714
140 153 -40057604
2 147 7486077
23 33 52526262
101 111 31171566
102 135 10879912
76 117 36784185
152 177 -43515024
30 68 89050100
108 138 -45941397
63 104 -99056747
16 27 -77343393
69 83 -49639257
90 127 56461904
5 102 -67118370
39 113 -73904646
154 166 17519324
13 174 -31027780
88 103 7922136
74 158 26903641
8 33 -65579728
128 185 -70972929
10 46 -84947455
114 199 -39828758
50 112 5381113
12 43 -73631394
60 64 58609911
124 130 -56773337
27 151 6647931
78 154 33601171
6 80 -49427455
6 29 9176815
16 72 78827784
88 97 88238424
1 104 75067288
4 93 66280610
111 183 -74296167
34 130 26220876
174 176 10427633
139 140 -60483977
66 94 -44158987
183 188 -22478848
7 112 -75491556
27 102 16566643
104 118 15985888
63 172 -99335739
69 94 -36940593
128 130 40912747
66 90 -99137900
61 166 29311526
53 95 60219061
1 194 -99581567
82 178 -32476886
85 117 -10276950
41 170 -45321434
91 125 -18837586
1 69 50141773
112 139 45223411
68 198 81159730
41 125 9673455
10 178 21605871
64 94 -90429964
104 149 -77450579
51 157 -97756974
29 200 -83985122
69 95 -12625063
38 63 62147003
7 49 -62535307
32 89 -98462807
91 95 -62427436
162 176 -1452784
5 183 -4574
173 196 60976265
15 200 -92097192
70 139 -86079068
16 169 20919161
26 158 -98233157
95 118 -82148730
11 95 9130143
126 187 17644947
110 172 43372056
134 184 53251513
104 153 96849695
132 197 52764663
4 39 38797552
161 184 -40492130
33 168 59734723
33 122 -11166423
16 88 -78830661
14 196 -66833928
126 128 -43699509
5 51 -95571198
44 63 -10588188
93 106 19421064
139 162 58181856
28 123 -92450614
109 116 28400884
112 181 -83714361
149 182 -68421554
41 61 -56977096
150 181 -1792181
3 51 -95875778
57 120 -25260044
49 172 -38533022
125 143 98541166
23 135 -2226280
42 111 15841799
126 142 61194733
159 164 -93307990
68 129 -6547287
32 155 -41256230
21 64 58135532
57 143 -95848706
67 90 -19580761
69 145 -38498928
108 156 -42721832
43 134 19212144
37 84 -52896464
11 99 8500135
90 191 -33206983
47 83 -14203425
44 113 -27004461
26 130 34675514
135 185 39291384
132 157 23733921
94 134 -68060476
10 99 75698145
100 187 33118823
126 150 27284007
23 61 89278945
151 194 83349759
124 181 -99231330
41 174 91584569
90 191 89091055
47 200 23196247
54 166 39823280
104 191 -2208890
25 153 -43025790
107 157 12864765
89 124 70250789
102 103 42487229
99 199 -60705813
161 164 79806793
62 191 -50293890
21 69 -29071671
134 179 56710181
44 60 -219284
57 119 50714595
37 160 -16439991
43 135 39255506
14 199 -49701109
60 157 14127845
156 199 32077958
139 147 80320834
176 180 -52997552
137 176 43874792
24 189 -85056944
36 51 -31086638
24 151 43872154
141 161 -89494861
29 86 91338637
66 110 -78181317
85 135 -15668911
127 160 -85593329
119 160 -72432216
36 197 22381628
126 179 -74310325
105 160 -52856651
60 187 -38445897
2 126 -93243704
149 156 -40899605
1 7 -40450314
132 171 65893875
53 96 44250268
106 161 -17620715
125 186 -61588290
110 166 -6015502
83 165 -59879865
155 185 68257388
173 175 -32562604
64 103 81750655
6 110 25581288
92 181 21958814
95 194 -67055857
72 89 51923486
11 67 88801864
6 152 76849781
59 149 -14206834
93 129 49252547
19 55 -61979494
42 186 24694707
116 174 -74713105
63 120 69826633
46 158 76126625
65 149 -93100805
23 107 -66914189
120 123 -52600100
47 140 81133757
33 42 30793229
108 190 62766687
148 191 -86694414
162 175 17813139
25 36 50759636
1 21 -85802269
40 88 71750601
25 71 22781840
2 41 94320983
31 181 98025358
136 144 -79113556
11 30 -76645128
73 84 -91468544
155 170 95099500
75 108 61569678
56 161 -96120145
44 101 72334961
70 134 -89533722
4 72 40850198
137 145 -84962247
22 194 27589651
151 199 -14270924
29 182 66749072
130 199 -16409819
149 162 -84768028
14 85 -28568885
164 187 440893
75 77 90454054
106 187 42760596
50 181 -22714763
68 183 98731585
95 178 -32479752
28 164 -7921097
128 174 83976253
90 161 49392698
174 188 50444178
55 199 30013389
88 193 -91301963
91 126 -71768682
86 90 -98982955
107 124 86684121
26 152 57690595
23 72 -74735922
86 126 301284
45 79 63642110
19 115 -5839944
77 180 -13221954
94 121 49006283
65 116 90562022
100 117 82313478
105 190 -62585901
13 53 -59023385
24 39 -78700138
80 90 50922340
38 75 -18685033
28 145 -12829797
1 180 -42785549
81 146 47581873
92 192 27920394
81 169 17152656
34 158 -43786951
119 188 -88280213
85 131 -74006671
34 100 -73014381
130 196 -78142498
166 179 32479015
119 176 82378732
97 186 69041935
154 184 -75976080
95 138 78689223
71 143 57199733
46 63 10560418
161 166 98822731
35 77 -20373864
30 158 11894850
63 99 92999625
2 91 -1259454
52 150 68818190
139 184 28727167
66 77 -32339822
119 157 -14935233
111 160 -86610303
19 116 -82034469
123 179 82460704
10 52 -12658049
117 197 -21455728
25 73 -28350816
44 53 -43154196
22 171 72813223
66 78 39696461
176 199 23365487
52 102 -88524779
109 154 8473631
32 37 71530422
26 57 6206685
63 155 -99212988
129 160 79953759
99 142 64229000
10 31 73304127
52 199 33811468
12 30 48019742
18 115 -83123501
140 152 32089412
112 195 -97120002
13 18 -95523986
57 156 41687921
103 106 22397538
52 80 -13838389
113 200 81195670
46 110 -65802038
32 184 -14508592
4 147 22771352
4 20 68832618
21 190 21133007
103 160 38223041
34 102 -54723010
6 97 -17059601
88 141 4524831
114 172 -80098887
77 175 -25016206
121 169 -50943139
24 135 80298397
12 101 51292539
122 197 50043338
83 105 46171975
50 86 -41931479
133 184 52307075
12 169 -53375200
111 194 -11277136
64 80 -91519226
22 43 61593816
118 168 -57926491
52 184 -6727113
160 187 47223540
42 130 -97062005
20 102 36236571
14 98 -58244404
28 182 29147262
47 148 20108150
128 130 12130445
12 186 4892498
110 174 84461231
28 196 -4613826
10 115 -46804945
52 166 -98595164
66 83 4656971
6 191 40706074
11 33 -9159461
63 112 19744545
22 111 60349464
169 179 54458695
21 151 61183572
165 192 30920452
183 199 -92869248
33 85 -3771948
16 75 -16262100
108 178 71479159
179 187 11999987
85 187 -99003975
81 200 63626565
145 168 5929551
107 170 90272089
51 115 76374005
86 154 22572876
70 180 -13026658
13 51 -69929726
152 179 14763031
79 86 -2555523
35 117 31126785
128 190 -9355711
1 193 -57270504
84 151 -62693403
9 85 10475822
100 121 91547127
3 11 39442823
163 175 54777263
28 178 28942721
18 154 -17595026
95 161 87256895
8 154 55962588
107 194 24978403
119 200 -37272598
97 180 18727621
134 149 -92424669
53 173 76789938
46 125 -70881807
109 148 -13706859
6 189 24050745
51 86 77400718
68 137 -44221219
83 98 13437098
79 102 -38329265
131 177 -4430066
71 95 -36929303
107 166 -30946202
32 109 -79611797
26 52 98473980
13 125 -24439519
128 200 44563556
72 78 35176996
15 34 82017129
111 169 64224166
112 131 -43439387
180 191 -53799365
83 91 12180303
162 198 31680278
103 191 -77083564
7 27 -14124627
32 93 74320081
29 85 4680047
81 152 -84717411
45 141 89413774
55 182 33258020
2 194 65575834
85 165 -63434641
65 148 -66434936
45 113 81712492
8 128 98223723
182 200 65157091
53 104 -57935667
95 180 -69776729
24 133 -30336139
33 181 -30341989
45 132 -4245817
22 170 75125997
43 99 3630548
13 86 68572200
120 171 91490042
103 195 -65697897
129 146 -55910487
136 147 -53665898
70 109 -54255063
29 41 -70650303
47 191 -52927825
19 65 -51865237
19 191 55662228
138 139 85128714
103 200 -78029892
47 91 -48215057
53 60 10824235
52 122 -60981375
57 151 21579057
37 160 35101686
72 98 58956664
111 123 -25135956
14 121 83827196
104 164 73556862
57 61 68542887
83 184 25759388
41 184 -16657068
5 112 -32614766
1 61 -55043197
64 161 27736441
133 198 69434093
20 164 24759204
74 150 -33350045
164 175 -25657270
10 70 -40242226
146 192 23683029
45 105 9930013
148 179 84398875
54 63 -85911988
40 99 -16570908
160 173 -98272729
9 169 -16043707
46 82 81059015
115 200 -76515881
40 127 59543843
19 146 96207452
127 137 -10924680
10 184 -61186228
48 163 -47111
8 126 -4022749
40 135 9457221
64 106 -94180938
90 100 -78929363
12 113 -34996948
2 100 52792273
42 150 -37661853
4 103 -97696139
4 141 37609042
46 182 -52684569
18 175 -91846792
13 96 44063843
60 146 18143302
142 189 62868940
167 182 91556030
84 161 17430955
149 178 83972691
118 130 1856823
31 63 85930078
13 179 -50807702
49 94 -10489756
29 41 48201998
2 159 55454961
59 145 -6882142
139 140 -98936226
54 58 24942649
172 183 79255457
12 69 86532734
50 73 -60984417
18 59 7908563
95 176 94412481
20 198 17515321
9 125 77263857
80 105 53672803
104 168 -31862005
13 142 -86320184
108 159 61293954
135 194 -99133546
105 109 -9980330
25 173 12920112
66 158 -6282112
15 50 -39057697
143 179 -81666153
39 156 -22385743
62 142 61206921
161 185 80878267
11 23 72739989
37 179 -74778630
105 200 69450685
68 117 86355915
117 175 77802739
15 82 75535609
120 155 -80151584
145 179 -32144278
166 172 -47210267
15 110 -8125003
97 173 -44149726
8 96 85960391
15 145 -75182357
44 174 246069
48 136 30511091
132 194 73331243
2 128 -6176656
25 199 37673738
79 112 63605291
134 196 38206938
18 92 39556909
39 44 -52253591
4 90 -67747648
49 178 -3648006
80 120 40024280
39 120 -93249539
176 187 -54178569
54 92 24030352
15 187 -99037865
3 169 -16374941
49 172 -26538544
96 101 58892810
4 123 49196530
25 107 85340503
43 82 -53552582
77 127 -37875773
89 106 -85827261
3 124 -59389507
107 199 -4438807
71 121 -81176045
44 45 62354276
35 139 -2031318
107 152 39997183
10 97 -30490386
50 63 -83672588
21 116 92459428
20 78 5953188
46 100 60564976
38 120 39198780
171 192 63763668
148 198 -81456564
92 122 -77185487
46 67 26007999
38 168 -41949876
21 67 -32098251
92 126 -6828491
43 194 -51073576
45 79 -64970516
27 177 77426671
34 93 -16762132
4 56 -59971459
72 147 39118588
146 163 87895218
142 195 -39643214
104 108 64364585
48 127 -74332787
4 126 -88665953
100 118 -84788932
83 171 -307090
109 146 -94014756
60 66 79605256
103 147 84565514
47 132 66314322
65 132 -76561533
13 150 -27063876
40 107 -90690346
4 160 38832092
93 105 41130950
16 97 85555801
101 159 64151073
1 169 -15675477
37 66 -40127274
119 137 -78140474
105 200 6850772
1 54 -24460679
16 134 -2222366
21 145 31772806
36 94 53673923
91 167 62198306
96 146 -88899103
4 25 -9704544
65 131 64976828
104 114 -23527552
114 187 17371083
34 90 -97346224
89 159 27889788
14 196 95184184
33 133 -24611291
101 131 30082875
144 147 32290964
81 168 42610710
40 111 25043069
32 197 -50029878
149 172 75102159
120 143 -62805308
20 97 -86456811
154 165 41914102
36 194 6391021
98 194 18148815
9 158 -35363283
66 108 -96294559
23 172 75876778
36 95 86574157
105 131 43703999
76 111 -74880267
121 128 94847438
14 44 -94409218
143 177 -63750054
92 115 16809588
15 129 3901308
13 62 -99552608
77 100 -64884908
55 77 -12580828
18 184 39805728
15 144 -71442833
116 187 64115744
33 51 55447435
5 85 -50825468
88 199 50010645
117 136 4586277
103 160 -12283032
44 48 33763761
35 89 -62819350
7 42 -19131806
64 106 46845362
166 188 -35392478
99 152 -39498592
99 152 -42451777
81 102 -92149870
2 153 -36232199
116 166 3338965
34 117 -306666
104 105 -70336927
36 138 -9909820
27 182 16058571
61 155 23311581
82 95 33311790
69 166 -86339290
30 160 79755088
129 164 -6562948
24 73 -8418401
124 158 -90027535
33 112 -98573477
107 125 -37482084
11 55 -47606714
51 83 -54262096
17 58 86401955
20 113 -41785084
20 107 11355963
86 190 -51921992
9 49 68483840
110 124 446268
11 125 56684855
45 79 98512412
91 164 75225385
23 170 66316060
91 115 -54783052
7 60 -23723159
30 128 -27382104
114 126 -14156449
22 37 29248279
75 157 58953927
102 189 -38952286
16 89 -2505438
25 42 85377106
39 155 57169262
12 41 -7368587
47 159 -68866405
8 141 -16106472
139 176 66874260
72 150 48955154
142 176 92805444
53 195 12440282
82 169 -82210496
39 41 -75890803
37 111 -56941945
113 194 -14832046
72 75 13467622
130 150 4262379
15 40 -57241680
88 131 58299022
12 21 -23243930
151 161 583933
60 167 -52155060
96 169 -98397014
58 78 87739635
141 181 -2500190
111 137 -14051284
36 101 2474080
147 175 61090754
46 98 82715235
130 141 -80979068
53 119 -56891812
43 110 59636955
20 129 -28163308
9 52 58539881
150 181 -99928620
113 181 -5197174
6 26 66790868
142 200 44219913
109 193 68585785
65 142 -49877644
2 197 -80763861
92 132 -22393536
66 145 -49379184
73 83 -80398275
36 171 -51149923
94 183 -68503939
52 161 -19244432
100 132 -12783058
117 194 65946789
149 164 99299867
36 180 18388210
26 95 2291453
106 136 -92614342
14 198 7170707
62 122 -95468360
133 157 31622280
13 113 -45363130
119 152 -2872455
8 56 -85785073
179 185 -2773679
88 109 15691931
87 126 25353462
5 60 31210835
16 200 45161713
100 197 -6828634
82 127 -89944709
31 63 -38578270
60 180 -68868339
16 46 -98975572
24 143 -94422833
6 132 -98690483
4 70 27188132
194 196 55330192
116 194 22114241
63 114 -60832876
45 197 -57514943
108 109 -22181230
23 169 -9488209
174 196 51222551
12 139 51513344
79 175 81879715
119 172 49177086
11 47 -11626256
4 72 -82331776
84 140 45092882
73 194 -11358435
56 191 3217343
152 195 -82481053
26 138 -69645695
155 162 -28241814
29 102 -3742740
47 95 32991297
98 160 -24543076
29 184 -54988039
50 129 58685835
130 158 81841070
6 75 13092632
38 96 15890974
26 58 -99932778
95 143 -42621935
152 199 96463109
7 88 85803448
9 113 -43532624
11 22 17355530
12 122 -9000379
14 185 95179215
112 148 -42663003
56 171 87466889
9 49 332955
48 111 82042671
102 114 -22356691
54 58 23366666
121 196 60281999
81 135 5825326
100 153 -23384864
6 196 -47399552
142 193 -25828074
39 69 -10893920
26 120 -19672750
114 200 76580860
134 195 45451653
2 168 8359890
53 123 25083019
97 161 -49731301
84 168 -66114204
4 133 -60046231
65 96 33487525
54 159 -10240539
99 142 -59046971
36 102 -84846297
80 84 -98654237
65 106 -6821026
73 93 8708522
12 135 79677548
34 157 66507322
21 112 -77656349
21 183 -28362710
13 142 76310762
32 41 77511420
79 173 -51642053
50 149 -77509781
6 196 -3328208
86 120 -75142994
145 157 81315165
21 92 81417
157 181 -17715386
28 103 65317424
42 152 51411884
48 143 49643102
106 176 -40900410
89 129 8986711
96 109 -5319996
33 144 71181377
43 159 86598825
44 173 4462325
3 99 -90014893
34 130 -52903920
44 136 -38246673
21 107 -98136254
80 85 22602872
21 28 98591838
121 162 -12150850
3 38 -25109430
130 173 -62666400
132 137 -84662844
54 84 -95881536
29 112 -9654117
32 137 99753065
153 191 -85112012
67 135 6417605
43 119 -23150662
48 128 -87516549
102 119 -11124952
51 96 -994958
75 87 -33445561
24 35 74951975
47 192 -66632971
83 114 22155114
12 174 -13720045
115 118 29177319
7 170 36602891
25 153 -16712557
5 110 37290250
73 111 1262358
45 158 -5282218
103 110 98538494
111 114 56394205
24 200 11015149
33 99 87244659
70 83 -2572144
183 190 81830897
131 189 64545048
20 117 -52315785
20 61 4453347
29 88 -67214355
97 114 92297658
115 198 -55479040
55 80 39531553
68 154 -79659943
45 186 1574029
52 61 758916
74 138 -83064656
68 110 48660416
69 71 27716799
4 182 90273757
56 69 -89504275
97 170 -38420180
53 106 28554071
102 182 -34774396
108 134 -34714021
90 113 8817423
113 128 -25024670
81 192 -932154
71 75 -44288084
89 154 91304678
156 163 -65219605
37 91 7026037
42 91 3050036
133 199 -35506105
70 90 98003639
119 168 89872589
23 47 11535320
123 147 95652811
56 99 -68138708
48 91 27914474
95 100 54600433
71 173 20686386
95 98 -18282715
38 90 69075393
15 175 95228680
144 179 67143318
7 94 -7147696
68 145 -85961709
3 17 42967826
105 124 -64619565
16 69 93888571
147 164 37380458
62 134 -60268341
132 197 -34102468
70 152 52060501
13 178 21471011
164 197 -52612521
72 198 27558339
92 119 -22893869
102 103 -85244185
63 89 -39297846
30 54 90135770
17 46 -11668449
79 165 -2249893
116 135 40203213
72 135 -48861855
70 170 -84244955
7 34 92307147
12 88 10856755
50 161 84716528
12 30 -5391479
96 111 -10345417
185 189 -79274646
168 186 -1669852
71 162 -35002488
189 193 -77305777
58 125 -20684000
89 185 -15827637
30 156 43774743
29 138 75221326
4 12 -42288231
42 112 43104782
120 200 25718021
116 119 36020698
42 182 66357883
30 131 -33436545
88 111 79719091
10 75 90784527
6 105 20946386
165 193 -62153128
94 147 62845798
44 104 -16790263
4 59 -74220542
19 186 23004702
107 184 -20705941
21 144 -92896512
17 180 49696633
179 193 56624914
11 105 61137402
38 110 19059317
72 95 52949762
126 149 -50646098
98 103 -29836554
140 188 -67294522
37 126 -30660357
59 125 14251143
20 126 -62207737
3 26 -30839592
10 149 -45692611
80 108 -66304352
15 158 34687682
104 130 -59006176
9 12 63549782
8 194 19999157
156 160 66717541
8 60 -40025271
38 130 87390818
30 128 -93131648
3 140 28634304
34 139 81067811
12 48 28893337
29 140 -65496394
48 183 48790647
10 80 -93599844
70 137 -8984297
10 78 -6809048
9 142 -50575188
16 33 -86422044
117 200 60365103
9 29 -56694963
9 23 -34899682
14 16 79143708
22 168 78904947
93 107 44571746
101 122 81322165
13 44 -16770757
144 182 -32569028
33 160 -95225228
96 99 -83430801
111 139 6370141
65 68 3428781
141 190 -10062407
36 58 5283725
66 136 63174836
34 105 -44198842
12 166 -79202098
99 138 33935390
99 131 -46637959
128 178 -76966918
102 147 54908581
59 162 -47824518
55 88 8273016
97 99 -73401447
25 119 38047418
108 160 -79525834
6 183 26753436
105 160 24573900
71 175 -45784167
78 184 -56154100
28 70 -87379891
129 149 -4472639
124 153 73391633
101 146 69999408
128 139 -11940614
40 99 20239539
105 187 -87058657
119 195 89802035
112 192 -94999872
38 133 82147740
143 144 42318906
76 100 28054772
51 199 4252398
42 123 51550510
33 172 69838817
88 152 28993258
6 111 85070182
135 158 18672585
8 48 -89450887
56 111 -11337930
139 186 96943386
42 186 -23610291
76 170 -24319820
37 125 -90621116
4 176 -8374097
5 13 88222132
92 159 7361794
20 59 -970211
29 142 -29831990
121 195 48732337
4 53 -22182421
149 186 -51792856
48 194 -21341262
144 194 14710562
150 179 77951849
68 133 54522097
30 126 -81177136
27 72 -35494140
89 91 59132908
90 117 54353928
60 114 52053790
28 152 -55203909
121 164 -47765278
155 162 -80109466
39 153 95111620
57 147 -16850225
51 98 -28677444
118 155 -87452088
72 99 50599631
80 127 -96961217
54 158 78383664
31 93 -33606874
59 190 46509053
96 111 98430571
65 83 -21146854
187 190 -66768824
6 165 -43612656
89 177 -98689593
63 102 -82917726
35 96 -1413833
52 150 -17671154
45 150 -30075149
78 131 -40582594
129 194 13724872
127 153 45676991
3 144 16112437
49 200 19812604
17 185 -13391897
102 167 63639564
72 177 47894788
38 75 -64880956
96 106 6282246
38 55 18850537
6 126 -68485845
81 161 65813481
16 93 -76869272
13 154 -17450387
43 77 -11117648
86 130 -12821002
39 170 -45795506
57 76 -38096889
25 190 -30107490
90 114 97442522
94 132 -79471727
116 152 -29184065
38 189 -17784905
37 106 -8275140
28 154 89309164
121 163 29002080
32 113 -30887726
35 102 98582054
9 148 94100622
57 110 -40895017
33 175 98556576
37 162 -94931853
123 160 -23145592
111 162 55200074
127 142 10128160
89 171 -29075003
6 87 3133686
50 52 -88682674
94 166 -19467607
36 175 -60343571
57 79 1974187
18 133 -13259648
42 107 -59485853
32 171 -7479109
54 169 -29883871
33 172 -72575655
2 171 -26618418
100 153 -65097609
4 122 12100341
138 177 53553155
110 182 76458562
56 81 69845080
4 113 76513444
30 108 12407583
104 150 -59705514
53 66 -27253453
32 94 -54755374
16 170 58223862
46 75 -76449305
26 81 -14237200
115 170 -75291799
79 92 -29586558
54 196 -58890015
19 198 15934241
165 180 -19381305
20 36 41267576
50 89 -44470669
57 61 -963029
65 195 62933225
59 84 30218537
82 102 17098845
18 111 91242430
136 154 -44831294
15 61 -43540329
99 107 -20275067
114 119 -13586017
5 81 -35518136
98 141 91235941
12 25 -20166599
63 124 83940735
26 185 -5576414
79 83 -1833426
42 75 1861789
79 91 -34831337
45 89 79878781
75 77 -93058862
114 171 69174305
42 135 -21986983
21 67 -13515116
98 162 42471199
71 144 -46450744
7 33 -55507406
48 128 -58267670
29 90 97881740
111 125 53863536
21 174 5243559
1 81 17139578
38 44 6021142
70 170 68037266
65 149 27367281
129 130 -64924303
12 75 57078908
18 48 98634564
58 98 30051795
135 170 -37754366
73 155 -21672373
26 82 -61973764
15 99 6134284
59 143 -79295780
83 86 -79279913
88 92 87855931
15 44 -72859287
2 92 72595247
1 164 7810822
100 171 55526771
156 178 32118012
66 93 59415280
21 166 -36021159
27 94 -53568121
77 143 12534664
33 114 23208533
18 29 -66062066
23 28 -93365029
53 154 -44785503
22 88 -42222116
78 104 19793813
57 188 -36628421
6 172 -93893079
72 158 51326741
79 107 -19439057
85 118 79256027
126 198 15395092
102 185 24681535
108 171 -76910841
155 167 -96032120
29 99 48759857
90 184 61972557
143 187 -74345890
17 97 -31908680
130 155 44809647
38 88 -48903943
5 147 93271228
18 54 -30820520
149 185 -27196734
1 129 -47981223
151 162 82806013
72 183 -1074434
83 136 81235968
58 111 -32753232
3 135 -72591607
171 177 58827124
22 88 -96103164
79 93 -57114810
90 148 -42806893
99 195 92352310
91 147 64570204
91 134 -78376577
127 167 96927174
