500 1000 1
41 171 88937144
85 17 76735463
263 342 94507975
159 184 42119182
149 385 6192869
422 175 51882238
227 104 85554411
422 158 34810804
70 274 69504981
6 293 46101293
415 161 12644237
448 86 70928855
320 78 52077052
59 177 19177272
46 133 53267284
234 436 45165534
491 472 76810135
277 486 67579526
370 363 47302764
329 456 41480336
328 200 2852899
308 381 45435811
61 175 11060998
99 302 62261149
47 32 24331235
427 470 7857598
330 40 21451991
105 88 28522261
137 53 2187101
140 46 14534698
99 489 99104919
1 424 86656237
386 401 7707100
66 298 40082655
256 102 22144386
214 277 34401151
342 208 34921453
104 448 12004599
304 174 76440280
357 157 82290184
497 361 42643939
252 222 95083828
345 272 58213726
349 418 21100330
169 276 11439957
472 109 42447991
439 413 35600093
200 196 36625258
317 236 21684126
462 40 5382472
497 434 83164576
335 467 52823729
22 145 93103194
390 231 76493139
194 153 14007800
316 376 11360462
300 457 19357165
177 385 78830566
127 479 5310138
168 63 10483440
371 157 99462653
314 163 6178934
412 53 3361981
408 127 27858733
445 339 13299701
186 8 60670234
286 397 26831711
214 168 28356864
412 427 74399619
46 303 34616845
288 228 73242367
108 422 35188677
243 388 22140184
27 25 94360110
153 304 98073218
230 201 36831805
96 127 8965485
415 127 23500161
450 481 62794961
446 350 34429455
153 5 23835130
50 379 34309806
379 14 17102167
45 77 18639683
78 402 98068095
360 44 860030
113 443 20311941
337 40 40792518
2 43 95922813
200 233 93381219
282 126 42985295
251 208 97420779
496 361 75173052
437 146 6725103
286 381 92111790
249 313 55364070
30 449 96051909
411 185 50495322
227 304 62221599
342 229 8501585
454 395 90452583
68 233 44544511
366 214 24409632
167 193 254378
447 16 72698164
326 251 26915549
147 323 19401144
51 317 4591057
158 37 11779842
489 179 70701592
300 69 18513902
264 359 73824652
132 337 52357229
87 93 98863223
287 321 70810959
207 457 19500804
84 124 22116690
430 227 69438694
78 165 88723307
238 370 8058951
447 376 25891924
111 356 47224052
180 190 33744726
230 496 60192967
499 406 43253081
315 268 51031892
143 433 1058089
349 357 85709272
50 100 84876043
122 262 50681332
156 431 2325348
479 445 45724158
497 302 63678905
477 131 80869228
364 215 86095963
347 189 74540928
37 101 18221155
452 324 66694239
89 360 84676512
53 102 92906564
490 35 23274081
159 468 88085734
234 183 7708802
421 268 54987046
214 488 60266422
82 181 61626365
274 57 59438100
114 412 35069862
467 241 18439908
306 25 70622728
136 440 17242795
237 195 74078310
416 430 13391476
37 408 43460682
308 481 86007906
239 140 15905967
423 458 17283188
13 454 30386286
62 361 1261719
497 71 22309867
271 69 21694450
386 139 42798592
116 239 95178349
325 218 22935594
41 65 95000963
399 485 76058355
126 330 43449930
241 461 34189728
377 500 76648641
396 55 40010523
231 130 98189913
133 192 54199587
108 254 56304582
423 90 1750962
301 9 5797383
31 459 71748271
58 434 69191348
408 281 67094486
63 96 56300680
460 303 20894436
435 304 35279407
327 287 18617606
203 458 277329
34 16 36830084
295 218 27183839
447 30 94999978
339 465 45016734
279 339 39303672
69 433 71943665
115 80 2555275
446 406 67768811
491 75 96421834
170 103 71047061
307 255 35215189
83 448 42702205
27 14 96553258
148 404 56198528
286 66 79234586
90 194 28593880
302 232 6239596
479 427 36433257
159 40 81683408
56 240 21466696
37 208 27008390
477 409 80772493
414 483 29243599
265 324 98581595
304 328 21593748
203 175 75276333
135 464 37283158
3 171 39992931
374 240 89900118
101 179 88247821
444 59 89323525
168 472 67793911
496 340 48363183
17 285 38786805
324 146 75003747
225 469 26676336
431 312 87941669
80 332 39385906
353 491 26970456
44 455 42504814
432 486 71474022
466 228 42232595
160 433 52210353
131 353 8029011
430 464 76887743
345 144 55354734
497 157 22648481
496 66 72485828
500 381 22203556
335 363 63238171
483 263 88031804
455 462 24981806
413 231 64028718
427 309 31322742
102 361 15870204
284 500 1403197
474 64 69462678
207 77 43387360
190 137 64792383
28 158 68893540
317 447 4902845
369 174 65533245
73 169 10085829
47 422 22842458
306 246 55123365
316 229 33769332
482 429 28700468
5 378 90071705
448 440 44968951
342 291 43056628
43 173 50939029
424 397 94139615
335 290 82785661
321 330 64178219
281 493 11516374
198 315 26120367
492 325 75331240
177 459 9670159
352 159 59857992
177 3 74105551
58 12 86449417
326 475 7969944
203 289 82204961
32 292 77137097
382 296 14029785
300 104 82839618
22 286 17852666
489 283 79886701
277 38 88520308
25 15 35259533
293 400 97843024
16 294 50740555
20 273 84522200
120 86 11793535
170 274 85561860
489 377 90060092
405 54 5866792
90 321 99792670
329 489 58408413
264 478 94223576
173 350 2905133
62 255 6352633
89 209 25696259
222 370 95020542
413 473 21741265
383 288 16537246
206 275 59300483
139 248 82551377
383 7 9349797
126 399 71423267
499 302 84378832
263 207 24327096
105 77 12583514
199 280 78306207
471 377 34203454
144 375 92577755
499 299 82717001
167 160 89587376
423 421 16083079
357 235 33722539
39 373 12804590
141 202 74074101
160 294 25719881
362 342 91049945
467 309 44050535
380 82 27207571
355 101 47285636
381 495 11677019
155 121 61204727
66 46 81808050
203 288 83065118
333 103 1898733
170 383 98656647
160 19 32227327
79 391 68157792
26 228 12691340
56 114 16374049
150 307 70404651
319 212 91554937
294 58 99931386
274 132 19490934
2 359 43351656
358 168 57477880
153 152 87100991
404 85 43405399
398 176 38878192
472 195 37696084
226 494 35284516
188 233 80073022
404 344 90698368
211 415 51585893
374 499 34198456
146 104 12981188
128 72 48818391
240 85 72295146
187 470 75735501
258 275 53954090
467 394 37906746
365 110 48048132
199 286 34449529
146 290 24785363
140 186 82957297
474 282 69031863
276 404 29672088
275 297 24326854
173 211 99401673
270 200 40339054
257 174 48281927
471 50 17904430
208 482 14483345
185 327 54398838
416 224 85569385
390 275 78416091
360 195 77020320
138 168 27816064
348 245 78511140
335 295 79246273
491 109 14874444
45 112 85809185
278 1 21630818
46 64 91250806
424 364 93101682
360 186 32733780
378 19 28592210
469 28 85211575
425 79 29084659
440 227 27244532
1 118 51673575
10 67 95361506
92 446 41313074
451 153 92393796
447 66 30724182
25 213 7135610
24 243 44385177
205 17 84555369
457 45 82411930
413 162 82398120
103 348 31940372
361 19 74442477
462 65 77291761
106 443 94401463
188 153 90288275
463 140 148284
55 75 43910494
246 233 39096981
316 376 21411722
478 403 68828456
401 91 18893607
218 175 21954391
399 26 37482609
170 378 13777255
108 441 92800087
412 26 8851635
226 341 7616070
217 48 30997010
184 279 32583995
360 391 95719302
268 314 548617
348 484 48573478
362 394 18839527
405 413 73819469
460 71 86157373
305 474 55545349
178 497 80373168
216 470 21135278
375 433 26044268
108 463 20028147
356 407 70682034
462 253 50325231
348 460 86833570
164 112 59773339
33 231 7491401
373 431 93664124
418 436 19305198
238 159 72555146
273 493 83601306
265 168 13616739
287 148 41833446
123 379 3364785
497 353 14906121
49 45 8371417
293 263 15860769
171 423 48576229
81 300 54064322
38 54 88241332
486 414 46427837
447 477 19861857
461 268 54160947
180 388 49048561
181 110 23042522
492 298 88321856
429 27 9436302
454 354 40101166
313 436 11208219
427 42 59159557
387 29 80870729
316 493 41818670
44 338 96537641
244 267 23825686
118 213 33176480
113 314 2508634
127 5 92010801
472 479 86965306
99 42 45418256
277 57 66016317
202 47 87972964
224 353 18131744
150 408 80148187
466 410 10822149
471 21 29309300
367 446 91291354
31 458 18629513
233 318 63834375
265 417 92609564
413 114 96833372
276 204 90405475
392 185 65279033
16 355 69798038
400 499 52947968
31 401 61344760
220 103 64332984
81 57 52441892
325 323 6661891
235 72 61406362
406 193 48193602
93 5 72534410
78 260 75702790
322 189 85954272
476 295 81309371
471 448 59182993
79 229 21060496
274 71 72162340
347 110 52807082
121 43 24849796
292 417 58483337
374 425 14051588
81 249 73475002
133 131 29583028
39 392 96518079
244 487 38750947
14 422 40837180
254 87 23083509
144 75 48690275
75 261 19223911
205 329 61224097
259 227 27829024
439 8 5004682
69 237 87683323
494 373 22107395
169 16 42800018
82 136 99400367
168 402 26332236
328 68 57589660
135 273 22839465
370 314 21189933
86 89 52301006
70 238 21879115
231 446 16470348
497 328 62509000
387 133 59862326
108 315 93810963
384 486 91049570
95 314 60033571
252 285 71430655
462 228 52853661
57 216 45636440
420 20 89131336
460 305 43922919
153 424 96454580
362 63 93684894
470 55 31005478
177 87 15263345
159 321 11461062
432 196 75709992
497 451 86126860
354 211 5042788
269 266 24759144
347 317 53014255
281 235 96992817
392 121 57843528
281 492 29052369
236 90 52379247
112 303 72812590
355 168 77575918
452 36 57186907
43 309 53882665
167 267 46666624
116 67 22570471
179 350 62874375
248 328 1296928
300 459 8296713
103 466 80428297
472 29 50506744
52 236 75117662
435 241 35986062
268 212 7638256
28 344 59767029
355 342 24380527
464 358 97486904
413 304 1848952
129 273 62516970
405 71 54141666
49 259 60157973
428 22 20210758
44 445 54248805
355 174 65526221
462 348 52019862
19 442 38206014
238 261 57925659
250 423 99414088
11 113 53976592
150 166 73607180
40 277 30579299
5 420 34443503
111 12 99757374
165 206 4725662
136 198 28349879
453 114 8332898
120 46 74983611
340 105 44113318
116 271 15975736
414 246 70685639
496 40 949643
41 263 13857819
85 182 74781737
342 98 48832068
100 58 63122833
491 331 36556215
332 178 18306673
495 260 75711880
240 383 44066584
55 384 25246072
86 448 29932572
351 428 33276225
209 294 52558156
461 254 4626976
409 272 25463257
13 120 1969061
152 164 66868672
242 109 90557879
74 231 48193658
279 174 83559147
466 325 21867752
493 255 30414087
483 469 72503161
224 406 30121681
305 159 99445406
208 311 10230557
401 222 96673648
410 486 28536598
390 28 98299295
483 151 54624460
478 135 28961438
7 432 5096959
51 323 64003341
333 296 38432043
286 177 61797735
162 321 96035029
481 433 82343661
360 430 75278100
475 426 19581394
245 498 75665763
253 413 74523816
480 20 32822693
443 317 94349578
327 209 29065082
440 202 32856460
273 410 39387073
214 53 51293920
441 102 97822062
126 426 60598346
123 220 32345743
259 151 15112774
315 420 79782041
333 300 87100279
435 428 15722231
231 147 48302036
306 60 93785813
104 49 87963662
406 370 48890410
458 209 52533060
121 375 29622020
92 324 95030763
287 237 85404184
227 78 71963895
378 195 30861962
227 256 30380879
340 65 43455993
307 206 58390640
233 292 50844367
214 318 53362528
311 361 73919176
307 21 68141526
370 128 50876096
258 282 67400872
255 476 52798401
68 453 43735157
29 226 74922061
413 421 93060756
378 303 10117097
128 125 69479228
315 481 74052586
324 23 77653236
71 79 54072452
52 453 59260222
228 191 96299024
32 380 4182911
440 101 85056670
154 254 85143346
430 259 38695612
111 81 62417998
482 316 60459653
411 53 11774709
242 476 35047916
374 410 37926495
142 191 260171
201 398 66767109
288 245 1228071
492 63 57826322
472 366 2599750
304 221 63647494
393 279 89037556
19 410 8655532
21 185 53079186
330 166 39624767
381 387 75265120
191 217 81810649
144 165 78341771
9 163 19271708
93 343 92020602
45 103 76747556
323 339 31720790
286 142 14681772
40 48 3369176
2 9 9274239
460 459 55210072
442 189 55455522
352 11 86859026
7 483 9729983
290 375 22306235
198 149 50928213
12 274 74737988
471 227 79599391
177 343 13682670
281 76 77915202
77 118 96400015
5 271 95121339
387 202 89150243
343 149 27232135
139 484 49672342
112 197 42866964
35 276 63914193
186 258 83161576
448 314 22927107
20 168 89298065
28 40 23778354
222 422 14266061
198 118 30546690
33 114 50891513
472 154 26978244
15 235 972991
11 84 9434818
453 242 42184956
265 260 19632074
416 442 55112944
11 139 43748601
417 106 37347754
233 351 20793034
316 452 17425586
270 34 46921055
83 272 16291320
251 193 95606542
343 245 20805885
124 361 60026671
34 327 36086336
289 142 13699109
147 274 73185771
183 479 77620140
283 290 18113471
423 61 71890530
141 446 58503486
237 475 67420824
169 233 51753495
124 322 23137114
95 130 39569623
61 222 57036988
402 416 13975757
2 168 46043496
75 491 3798334
114 421 61731942
147 430 4430795
197 443 19615019
1 81 48484639
372 238 95268324
86 256 55616733
97 377 77228292
154 60 71953096
84 414 61897484
28 173 43539509
311 323 45325722
305 169 40213678
162 438 76622773
326 208 77118697
278 87 52316760
183 308 58062056
271 108 28167741
242 322 86553713
356 121 16058347
117 321 11788465
339 9 5033987
362 294 42340652
244 140 26992071
112 449 91339240
378 311 20610540
386 339 39490010
160 489 27230625
446 404 46459025
109 10 27723488
380 331 95753506
7 265 59388149
339 51 5128276
155 29 87410764
389 100 61770764
321 340 1263743
3 206 85193978
163 288 42185376
27 296 48803717
456 131 38462916
449 300 47155445
467 141 38089425
103 227 72211680
55 303 13929608
36 332 15509975
153 178 84933078
207 330 3209297
216 361 54806871
112 169 41877976
419 308 99118892
346 263 13401203
445 73 29500671
351 111 65107027
433 443 62124372
445 486 10794689
312 232 59147538
55 90 32123207
60 390 57899858
387 84 44622878
473 383 89455207
100 476 79776216
127 290 99521838
230 176 60350799
129 441 25821848
452 197 56884429
479 116 41151861
443 200 94144893
99 46 39133571
113 228 1302802
420 34 54821815
32 491 23365815
361 436 981706
192 347 83022646
500 49 89147912
362 490 39077996
58 416 86467925
138 293 3334380
346 310 4383873
495 149 69186035
371 420 90567629
189 464 52329100
219 279 82797758
447 310 30442756
32 372 24974113
282 335 5315729
193 217 98818656
17 127 89217086
154 52 20092676
58 298 47930650
221 178 18627722
484 447 9193122
345 298 17007979
18 363 1885547
350 439 4802150
93 135 47777556
202 306 25136401
233 429 3566956
373 356 16464288
433 190 84445151
356 116 88613108
308 13 11851303
96 409 43291367
342 111 27975472
40 370 1380311
63 56 23289675
492 493 42164849
174 56 79571608
311 481 89307072
381 309 47845806
369 71 14874742
208 256 30376076
45 463 63695994
50 173 72945604
292 123 34242994
63 428 43018470
202 180 48002322
444 9 55013419
412 484 87063013
340 195 20318308
247 428 84068188
169 340 69809954
315 338 94207317
2 496 84139558
188 197 41159789
57 232 86760971
373 263 14473800
163 4 36634674
65 47 62791456
127 336 2457838
118 133 33325965
308 143 42757617
79 262 21524628
87 285 44727799
150 88 82046962
348 418 42533809
270 496 90088362
375 39 84201973
450 21 8662733
109 52 8235812
422 206 98962569
424 211 14274779
342 480 66893685
100 304 58338526
165 282 74400284
112 141 71740993
208 252 86799816
220 267 15976408
486 472 53273489
387 173 11250402
233 67 69378981
92 221 27915505
285 248 64711130
392 16 79354653
281 347 17146994
264 151 57296490
476 492 80087341
96 271 24533110
221 116 2256021
414 184 4636008
242 304 90772870
180 121 40970005
217 57 57502972
463 354 70683764
492 280 16720674
142 470 28783684
490 382 28445335
122 263 85525243
262 403 76465923
182 348 35885555
187 406 78479067
125 123 21318864
120 75 88087409
231 499 74127925
402 253 62117695
469 459 8164775
407 222 39619189
393 259 78130370
165 84 3311041
161 49 99104411
44 245 71305310
335 496 35832693
196 482 14846304
404 285 47121063
346 357 46285118
308 59 81310157
268 131 36549537
414 396 80877614
47 200 38335340
164 336 77215598
448 485 32500492
374 9 32743030
465 494 85830914
18 156 81250208
434 90 68140718
311 499 4573478
347 87 68686174
417 350 91429837
468 322 25326231
76 218 7780301
456 69 28302242
46 388 6825477
405 351 67772507
262 71 35625309
364 325 558902
2 417 47188347
491 266 86220179
231 260 78690986
196 329 53902404
91 19 19213575
105 293 73081179
87 409 19796717
316 274 63129657
162 189 87908004
445 493 82278868
325 396 13276997
453 257 98995273
292 352 39923953
274 24 3092898
144 200 93448499
28 164 76701417
223 464 57680050
45 163 32437101
201 1 1838108
83 356 4061268
68 361 10223183
477 203 25763682
326 362 17433801
408 374 88749320
181 404 48257874
448 421 80448176
351 392 55598568
32 458 71065438
427 326 75059104
389 106 41569538
498 394 56334723
214 138 96536862
309 308 95794812
161 356 31527983
68 147 97817085
133 198 91982569
248 56 19752690
216 240 98801096
452 243 81402087
275 174 12257748
123 149 51315061
499 425 74100660
232 19 41577202
149 5 18315511
149 378 65906521
118 355 67692190
348 235 90535032
36 167 47940333
359 160 86622040
232 381 51511924
66 255 62110450
28 415 38331992
22 114 66560528
108 202 64673511
44 316 21818753
377 397 10855773
387 63 51164289
260 73 1271024
462 186 78620007
96 155 5752098
173 433 43487121
274 447 71013703
283 2 9643405
21 314 38977877
364 122 97044105
