500 1000 1
169 15 27941890
267 271 66438432
142 330 20474834
341 124 98646222
239 114 23130488
339 89 51353988
449 345 77842352
200 168 56685187
427 290 82599202
367 118 38401164
333 239 56953824
84 399 23331967
49 449 77664290
273 470 12762683
31 88 96201280
318 247 37457074
405 427 96523249
329 271 45078347
470 97 27835843
450 311 26270845
235 21 83062234
382 412 70931369
346 299 35142893
233 147 33763639
266 44 58250111
153 119 65360885
175 151 87355738
61 214 3367084
276 429 44949073
479 296 40448517
229 106 67442230
266 129 28257435
302 48 9366042
490 271 79928929
257 189 28058308
284 176 11213110
166 383 93534836
369 12 83663558
332 247 86464730
344 303 18624547
133 86 84761398
29 9 91625692
321 263 99329671
436 377 7247623
4 373 90201799
8 294 25883682
363 453 12352499
357 176 4972210
104 153 39504821
194 215 87630952
398 128 3583142
358 316 65889653
378 360 29176521
461 141 83296041
109 153 53777732
313 448 32539603
6 221 34749025
129 235 35794388
176 114 14091717
322 393 68353542
6 203 41693167
308 412 61383244
423 471 78874869
227 70 22923386
104 338 97110906
155 318 16318312
281 389 98656498
139 200 828753
120 315 73834522
485 335 55765362
203 356 4894131
78 270 60186336
364 494 88499070
229 348 13525929
117 363 79181949
278 300 64593711
485 306 2887272
90 481 66916033
233 377 15534190
169 189 58429819
491 1 36258606
334 324 1844320
417 427 21565941
8 60 9364149
213 95 24684601
278 75 67601313
376 271 29108053
148 380 74251523
296 394 44674695
467 89 3279763
330 41 9221927
500 182 99343932
311 109 43668266
129 247 10698680
466 246 89647831
340 162 5460590
23 167 69110472
422 343 2803336
386 187 46359077
490 22 10899545
246 295 24567580
313 341 92462830
143 164 49837987
450 56 63591667
426 400 94318962
161 299 65269192
380 344 84215099
497 230 5851108
97 316 40106029
406 210 42937706
330 334 20726952
39 47 47344137
292 231 65276226
436 25 127001
215 355 4620538
7 419 71150580
235 320 62983612
133 289 44207506
194 301 61076757
372 4 109416
81 244 27441976
490 19 69827970
411 344 50808369
104 334 55558623
235 404 47673704
403 72 47053325
133 417 35971161
422 244 81584902
400 342 87172242
286 318 21733194
474 82 5984750
130 386 59200318
268 437 983056
419 254 16285380
31 14 74991907
166 306 19180827
147 259 37139920
35 192 82324472
231 330 96053120
301 232 85698278
45 296 60419284
370 23 61901019
130 440 95115874
422 119 2835996
373 463 80561073
439 44 24609876
165 265 53334135
92 289 99615215
217 278 87079186
381 26 94383804
63 185 68456005
9 368 63750083
374 236 9767220
14 393 89046627
363 113 12360354
225 353 21463984
194 176 39627113
403 153 21919500
327 479 31736378
186 338 19413252
385 126 79320215
248 489 37591917
33 462 989710
344 86 33762240
241 451 23921080
221 71 49107890
238 468 87766514
360 358 27764248
383 355 14555482
6 373 17327098
408 26 78708237
399 489 23372021
256 73 89713183
228 360 63757526
494 80 63904603
290 219 13894773
50 59 41325116
279 23 39527119
385 432 7446827
54 315 97788520
213 381 40642811
463 290 82365151
171 54 28778659
452 178 46776274
362 369 16604731
356 445 81984757
350 320 48585530
195 287 85146734
145 50 23671021
279 53 64010355
28 93 80153659
279 36 1659431
113 423 96202903
254 424 26579634
227 55 77868870
278 66 61635487
329 147 27065811
229 47 92879482
68 52 17848016
331 63 24588202
51 388 75624399
82 301 7043468
485 239 4000672
102 37 55251410
186 219 85373133
156 287 63869211
113 69 51485779
96 154 68599507
41 293 20428450
61 249 63299660
301 16 78566615
341 19 98751006
297 65 60943160
185 225 47207612
147 141 52714481
79 452 20105559
366 387 74690830
463 441 63631608
317 195 56348089
303 461 38486745
51 32 2128309
269 404 26491908
57 165 67473690
221 76 63089455
132 433 4370771
362 317 98729687
484 310 82314325
2 416 9748123
137 64 65868322
175 254 73446364
93 237 48130942
196 82 91320210
410 215 61354223
215 153 36907120
106 489 54045435
58 80 54513468
55 494 88477854
44 430 94913384
375 415 32606730
91 40 89279734
476 204 81770403
391 394 5405834
188 86 36562490
29 235 40131793
108 303 88965768
17 404 55853330
314 448 27362798
112 69 25111570
404 6 86031980
335 224 85097517
375 180 69758175
275 74 72846002
308 156 9930112
333 146 92018559
217 90 33939609
380 184 62108125
118 441 95947658
444 334 75864222
377 486 75973884
287 254 25372533
260 82 75044707
265 272 61266326
226 483 48184762
125 280 88573839
424 471 17662843
330 175 63237989
73 416 91861213
195 102 55611123
84 59 4064338
74 496 33315967
1 303 77509952
391 445 73257886
482 244 82703871
395 330 32047178
462 188 63332627
459 383 48567361
187 118 37286059
62 294 32678561
44 425 95696474
115 241 90227393
450 302 86259733
384 94 11875922
300 414 15548525
361 342 3342263
228 342 25246222
377 92 4811938
292 128 31287415
413 183 3151344
332 22 76326652
26 62 8713670
229 300 10589433
109 363 58621420
266 349 86945368
333 418 89589354
110 230 96697670
88 394 68816481
142 300 62018098
466 285 57682732
196 89 44718855
114 312 82417847
316 53 37745066
497 330 48652831
165 96 87078326
4 406 68680331
131 253 36877175
25 314 82993483
464 256 52789285
202 357 4099631
352 114 36270178
457 243 39707177
262 455 14403830
154 192 67341350
459 416 92476617
42 232 8714537
332 153 78002722
492 121 5792170
239 104 77686815
239 473 10890287
374 283 98835829
403 29 37920040
301 344 34712681
426 266 90509839
400 222 76014350
113 323 1407936
175 334 84125632
454 418 48572439
361 51 63180002
253 339 68807880
294 375 80752340
55 214 39978115
418 171 78346807
298 277 28544073
163 344 31741285
61 206 4440840
21 214 64575275
150 38 60519038
28 40 87001034
407 29 93530700
413 490 96675063
126 145 159951
496 392 62226519
263 399 75290378
353 243 22412459
108 119 31511327
301 390 93464445
154 184 76954021
198 369 19651592
154 442 8941660
400 110 96775029
336 136 12830596
477 350 89759831
213 301 85546879
417 175 57378148
42 203 47663786
454 257 75846006
482 64 93965176
236 24 6487490
309 183 41530577
492 214 11341144
25 390 86404010
429 341 60083419
420 375 18744806
119 335 59123073
31 289 74195820
407 323 2118222
183 24 49777545
244 374 35758989
306 183 34188168
468 35 49623183
344 417 59728016
409 255 14258088
346 237 88441790
137 477 4720999
317 83 80575875
63 329 62779157
439 367 49475648
68 339 41917809
307 247 98837791
154 159 78396330
176 280 73561909
436 10 44215453
268 312 42192086
437 162 76902736
232 20 29487416
357 2 76894126
398 56 26993739
297 15 22626949
117 303 42344919
242 248 25906622
460 49 62738648
362 389 70139099
415 210 60561431
138 85 8987831
386 52 38014218
318 461 54314361
196 39 79273710
237 30 30081497
19 451 29233186
235 271 24682135
199 206 45264325
37 144 42268217
92 88 66314131
184 62 89568516
311 169 57033726
381 215 86289470
414 378 98342281
304 205 14620322
320 2 31932521
102 54 58663460
438 245 4570718
389 198 97891559
23 409 6971855
375 287 41447035
40 392 80322853
61 220 88929116
428 395 23129449
128 457 68673703
363 129 88432417
392 355 23279391
409 118 97649512
56 460 16783456
301 34 3220557
303 137 3061858
26 204 32593005
494 234 17240113
226 35 12225236
37 293 42666732
113 335 39668240
265 298 36067579
412 45 54529687
14 65 90859669
98 397 48302172
374 10 40153970
350 43 3226540
250 430 21178572
306 68 31607375
473 135 66243996
483 364 19973340
141 41 96338451
114 292 42850396
232 201 35446615
346 439 64782626
271 486 3439487
158 358 78505450
65 358 27008209
158 180 21325361
163 371 6991931
337 145 51132117
118 190 56821264
493 385 60655597
286 35 55938820
98 393 31166954
346 166 66625898
427 346 67188206
499 414 94506924
407 370 73274733
109 376 74802700
158 490 42246659
350 373 33588890
391 460 46677652
233 35 27620469
466 166 53842090
4 293 13018694
41 454 86904332
102 241 74564602
93 5 2069147
475 311 84003007
410 461 97391985
83 67 30216001
5 414 5184316
69 247 7603238
349 389 12782296
56 98 78357192
183 179 77374508
416 75 33672243
112 217 86902599
167 498 39709790
89 242 99698875
345 367 35376301
435 62 81095737
316 16 62347175
25 41 58614638
203 393 65901044
357 470 93856797
170 398 22751387
346 381 51254141
242 388 11260794
220 111 84790741
407 267 37378565
236 333 83299415
331 319 91406403
31 299 50261562
241 430 34064902
138 146 44389403
245 18 95750250
62 319 31383444
181 130 76474257
61 130 30979358
384 101 83444637
331 27 61620261
241 353 26739182
493 111 19134314
400 46 24679581
341 426 55642269
112 232 88607801
286 275 94155323
208 354 95792066
58 188 9814181
335 23 13003235
105 200 21528706
478 112 59785843
231 62 17654358
189 247 98188590
189 368 48446820
459 116 9427888
244 191 44390337
342 334 9562291
47 20 94277305
481 52 8645514
59 319 53048167
412 244 9483742
467 42 72860304
435 419 76327079
228 2 52468160
95 85 59521390
70 425 65474728
230 200 7904193
269 447 13103543
415 432 33530615
86 78 26674167
268 373 45107238
325 91 48704298
327 484 53984098
230 299 22843173
254 194 38551096
3 450 42861676
307 207 72550506
465 330 70587151
56 46 60489196
206 255 81518276
359 349 85649951
170 317 82153798
86 451 11724364
472 62 85736941
385 392 96446564
140 418 94415247
211 160 12137207
421 407 25462678
188 4 18088819
244 150 77641059
255 289 64876446
263 430 87287522
197 370 25021014
468 119 51477871
347 251 36620679
263 267 39686888
361 155 96173421
164 208 91873299
409 399 40227596
292 70 59194930
309 299 48755181
193 270 97806309
459 194 34331163
105 391 16464704
391 333 381277
357 251 61039405
412 332 93452213
349 69 88976899
314 188 53643545
482 201 38195048
447 135 37277809
427 28 83095396
139 453 39807441
481 281 33577415
61 451 32807416
166 385 58060221
48 334 63623946
111 339 79587503
374 386 86138761
412 490 61671773
51 199 76463769
267 451 15839290
140 119 31440501
465 229 18100487
413 437 95228717
441 427 50519730
413 257 29862050
134 124 86176113
162 165 99433412
108 338 97921051
401 247 28696586
357 149 51510215
346 40 96534322
89 477 35957160
54 340 86062650
318 210 36173351
207 366 12801439
84 441 32995138
173 195 84835286
333 295 59951909
24 445 81405448
45 322 52735750
109 86 24224786
129 317 65403974
493 118 52298684
41 21 56875462
160 260 54720824
349 403 32878471
290 137 63187166
39 299 58286981
56 33 64837159
335 305 85094869
308 195 95233767
296 231 52200446
425 319 86522063
279 355 81271957
405 25 79667747
196 298 53728796
443 484 18707384
343 397 95318555
274 152 33391153
428 439 40811648
415 377 12119675
83 183 85953845
6 437 21475974
202 179 55657984
259 76 48490310
88 452 45003936
102 17 81340137
201 203 34671141
161 367 49152090
375 225 70337679
220 444 78645750
100 123 22445994
483 357 34535054
132 405 89033769
219 60 27770781
470 200 58297090
334 34 46414027
342 244 13239561
156 493 94975138
81 119 50615504
217 81 485775
244 139 59767230
237 408 87612189
297 87 98224239
197 111 86373741
463 180 67047243
111 175 49233401
228 125 74799978
500 453 63003786
337 300 79561895
273 325 37350519
226 51 82987267
24 236 75565343
310 396 1790780
369 256 24631978
165 280 54133422
84 276 28561404
471 485 84376938
196 141 62822650
179 117 50091156
204 416 51720449
233 341 41302786
81 1 70444707
349 83 56689939
500 18 24129445
213 52 32078029
12 304 20316982
96 434 53174587
159 226 25761137
76 345 23863557
185 107 58552597
376 434 96410961
78 2 46642563
142 112 66074585
317 107 49470457
296 250 25779277
428 69 54963726
201 25 12533228
109 118 96411502
246 423 88401758
313 142 76296406
140 27 55387348
76 447 11574611
177 151 87964770
69 220 12519351
175 308 20880285
308 101 72828764
496 101 31226993
497 70 60676637
208 62 68944453
450 155 44979090
247 413 52816721
135 491 59971467
305 421 16487487
84 46 71610576
263 103 68565249
300 185 94642967
43 122 50836723
61 36 30413894
280 51 46960945
215 191 36915434
427 341 74378298
205 334 42719479
281 128 58399174
329 137 98519490
377 412 70491109
452 99 80583485
180 160 79840089
82 332 92621170
291 408 46925365
150 314 28895042
368 88 62493622
480 337 31086174
209 413 99219554
202 359 43082118
225 226 81411679
421 458 88921858
292 71 42304534
306 122 48738398
273 60 75230473
384 149 61793130
454 318 54138865
363 117 55329905
307 133 38061852
137 426 57915833
54 25 46563845
179 169 15180604
478 489 18039093
479 112 41098405
174 88 61432665
168 398 38115213
57 476 3119269
407 105 40776951
147 368 78218089
141 482 22586889
450 402 31335921
272 148 38773261
86 347 15413154
266 436 48530344
173 393 56579154
131 113 86736729
447 163 23621608
378 59 30062133
296 268 20466228
163 73 76581602
119 411 36299793
343 499 21997265
83 100 1269434
276 433 85158848
35 198 96221801
255 361 35080816
451 428 62270006
463 246 15696034
477 365 15188015
279 137 46040664
45 312 98969267
86 479 14393418
24 139 44802580
49 245 65450407
487 23 30644846
349 117 53912078
263 69 86339009
367 45 28608715
35 131 94956630
42 144 97484886
357 450 24348240
79 179 95746826
65 450 1440913
387 97 38071843
383 158 72876752
440 259 35581946
451 314 22129144
80 242 27530884
116 149 85031364
10 90 21474056
297 283 78012824
281 171 24374560
434 331 37779874
32 61 26746099
198 426 70401073
371 25 49625265
324 112 93165653
51 237 31556176
159 138 51652025
1 443 2459270
429 403 15142590
450 14 96712198
480 230 43218392
378 94 70939902
244 57 10388525
214 290 20902865
28 364 75811947
123 455 47429138
16 41 11450858
81 438 71183041
358 315 28254212
236 17 13097161
56 336 96198833
393 350 88421050
369 118 54103654
36 364 86335939
214 184 15323183
469 283 22697460
451 298 33435404
148 405 70482610
258 427 75621257
489 126 94733434
492 498 75108256
459 301 94882010
442 187 9186772
71 112 95590829
126 442 50684550
213 206 90938262
437 261 68451739
211 98 48049856
104 483 70700113
458 50 88228564
443 285 28122974
280 68 34429243
229 432 44616778
242 185 36565910
417 378 5554447
226 377 67393915
355 157 53789935
248 418 22286705
415 133 6013077
318 59 65394222
475 249 83140975
57 315 46697488
348 73 94638667
75 333 16245465
402 309 13151537
333 107 77798832
95 346 34566272
173 168 70578260
484 149 88136780
59 118 58566563
437 219 30824951
27 279 18143819
95 316 27499790
443 149 14009551
456 378 42187111
158 168 42501053
287 262 86083192
234 360 57586222
500 426 21890298
294 132 70315391
105 432 85416126
218 454 64782670
278 490 32988879
390 244 17482423
142 28 55224266
56 438 5341137
75 387 53254266
62 12 81630307
380 428 80657591
196 110 77858540
468 88 61067393
139 210 22974930
253 374 27137112
310 202 95830249
89 309 10692318
35 6 61799208
301 400 30001329
361 360 57754535
20 382 51313282
224 134 94147804
362 423 96153722
262 295 35487511
254 443 5665743
424 209 3761723
132 30 4318881
27 374 59114431
299 29 88058907
61 362 98083301
41 141 36573127
306 472 43290169
332 454 46102322
412 372 89914701
425 300 9488065
494 268 87996851
186 302 11457746
283 305 14676539
365 264 41367574
351 344 15535982
350 438 39425326
365 405 8456267
77 495 60113797
408 180 94643778
25 230 89214318
71 414 90927726
380 363 10740862
10 310 84469270
168 332 68609835
47 277 9232998
429 158 92766118
296 22 81975402
175 250 34610933
107 433 14401868
42 101 58772821
255 118 1640143
88 3 38537936
245 229 44287499
2 226 14835994
306 40 85830251
435 130 40060848
462 145 14837988
229 128 86019892
102 233 77640568
341 437 1939715
225 437 54254058
193 132 60401944
109 370 59172035
475 386 56837414
431 351 98125446
437 328 45472496
332 176 93221424
327 413 65472492
255 212 30608627
292 430 32265240
23 275 32746291
316 51 11880988
266 180 57605312
45 99 67020449
261 164 69062230
132 499 78931697
90 96 96669779
454 55 28414672
183 57 34396856
287 21 48031386
373 286 57059426
79 257 25101726
4 454 42850185
491 161 74318010
56 138 14657146
286 186 39785527
341 312 49415313
172 347 81261799
343 249 99086202
66 493 76211070
384 299 81750697
184 471 76892461
286 27 1078295
275 410 39245957
51 450 88112959
142 160 86250123
299 302 39608408
38 446 38239255
237 248 70810580
88 479 75145074
121 255 69217049
84 39 56545328
389 463 28298879
76 199 56070475
436 263 36534666
370 387 11614593
404 39 85759081
93 149 7270896
488 329 46863023
164 443 83842544
73 222 75406929
236 135 21430320
454 284 23481056
429 150 80740372
377 23 81266440
223 39 88947021
115 140 74323272
130 69 9117882
278 449 55678195
87 471 32300159
343 66 70967400
40 6 35272293
358 383 28218510
287 28 9843313
121 495 54723475
110 92 60222663
401 232 8553446
202 50 544449
350 263 87344498
317 112 3991627
132 262 99469852
411 448 87882626
245 496 74612351
21 144 45368718
266 1 58220007
389 119 20506300
70 83 31313291
157 185 1654239
153 243 36430864
75 254 708072
190 459 39109179
340 454 62641348
198 280 85173237
43 333 83027319
78 115 86307205
56 465 45933686
84 417 99174409
297 404 22572106
