666 1000 1
560 329 24146077
626 337 90653138
38 567 29176531
539 322 34108208
641 134 44981622
443 325 22778466
38 239 59931787
430 158 33010087
551 523 52701370
649 589 3906760
450 418 18540266
549 9 24283346
154 627 12300830
389 123 72476179
478 570 657296
41 157 55732312
357 266 19884812
178 645 45823845
278 612 29446799
434 189 89354677
135 580 6549792
320 168 64639092
267 606 14377454
452 464 15228858
657 175 44256939
373 90 42699273
329 445 16655657
328 388 95975433
601 30 92197683
621 452 3687042
648 99 42773677
644 136 6988699
465 126 66386926
489 528 35801426
60 582 1073246
140 118 99833915
111 368 9436236
428 381 87980413
283 497 43708690
2 83 64189962
609 311 68559724
264 352 70228510
275 637 79386389
542 87 2320379
46 424 50187684
609 548 84073956
111 251 20496038
165 299 33683287
411 91 67702268
471 256 69110414
302 206 14621558
134 461 62192441
420 384 58936753
62 523 44280949
3 381 48026158
645 271 27314448
315 5 72953524
338 25 96285185
590 581 8019176
317 64 41299234
396 209 18090539
233 189 5047344
258 612 66647987
348 436 44933893
578 141 68405485
614 511 50384916
217 660 44800274
565 48 50171174
656 412 23706119
594 465 7289939
274 69 48720507
270 300 79371076
506 639 94223932
37 248 5335208
625 17 67344089
14 313 7554036
484 610 90715263
507 505 42989407
6 385 78128397
528 86 23238173
192 561 5989753
446 297 89234139
331 40 58393703
529 585 69185147
41 103 23950599
130 447 46808081
479 229 44488240
33 333 27180318
146 650 73757626
2 544 23492364
577 271 8382753
341 188 85733610
638 575 58640472
287 446 99085161
561 444 73960427
341 594 58395158
419 591 79549528
252 22 85989082
55 108 71581103
238 390 73646768
43 655 43680360
624 411 72641189
407 27 53028741
470 475 52861973
172 174 31202280
171 343 10270500
261 436 9288439
614 128 41846908
313 14 17226350
61 530 80741701
283 525 72674181
653 622 54440042
227 593 10476099
75 210 58249226
158 221 71060513
654 109 13893948
554 617 26725090
327 324 92304392
98 437 87137970
457 47 45567651
607 478 64784254
15 48 77987562
533 601 17159571
270 90 22000161
91 92 73051770
662 179 44037357
447 307 98539539
273 501 46362511
318 216 32450033
31 401 21750883
257 234 70871285
172 157 26279833
78 643 60109358
122 339 2923314
504 40 83449840
409 262 48578366
29 479 59870003
92 409 70523988
511 427 45717806
127 561 78753875
38 163 4397108
401 224 55234647
550 94 96728782
156 616 68750078
524 276 1727770
612 295 39184093
546 291 71227748
213 69 65396541
551 577 6989827
297 342 85314075
280 387 13635702
83 522 64387423
247 340 39353534
386 197 32659291
211 634 31758079
114 499 5517704
416 380 34834258
458 416 93706108
619 630 20942061
24 251 37227567
390 446 20529271
33 104 47910767
475 116 14845093
95 438 83021985
27 634 93848601
558 210 33112506
619 44 84508028
33 83 93597566
477 505 20676058
666 417 37700343
293 572 96622398
153 219 7976505
88 643 42202766
519 52 89874260
534 64 78234537
269 326 53645466
429 328 83288767
382 585 94865427
104 293 98067184
198 630 37115197
412 374 14039592
313 348 91753993
70 517 5624379
463 214 87606802
108 502 37371452
560 173 17259552
267 537 35875875
28 217 8717790
346 40 2773919
333 36 43389911
234 378 28230713
211 545 65797302
424 446 10329258
55 647 71445439
215 169 76438910
618 6 60063881
647 548 23762409
211 254 52119550
117 618 29973226
544 584 66846101
15 189 70221470
531 188 64936654
87 15 48581351
658 213 55272942
270 616 93057086
44 490 22062589
254 5 34437589
398 599 699133
525 299 62223600
74 461 90298988
98 596 9538694
146 506 89231868
149 196 7250195
330 431 92612498
666 125 92566721
288 69 99979901
101 168 73062840
157 531 63682296
643 316 61672641
415 611 98468579
625 391 27097378
464 601 91694781
434 225 48997045
83 306 26650597
319 315 34596682
232 389 70556434
50 276 38905664
120 482 20502288
167 444 28698207
402 612 82989245
183 503 82227192
503 276 86316099
356 449 10773056
594 160 36364695
509 176 67361769
629 58 76760627
298 589 74664195
12 116 64396048
523 136 89588242
639 552 80404199
76 43 66647664
558 531 62495656
232 400 83146212
394 150 2518587
257 391 72171140
248 301 45214838
362 397 56061128
17 408 91717471
606 32 16966384
83 74 49186724
152 479 29827224
469 662 40682327
201 259 95827865
108 42 83861230
595 123 56343331
528 236 5962875
631 405 55860760
566 520 74660648
157 464 3314091
299 179 22802678
313 551 24393018
569 659 70969783
293 189 62617448
63 247 74095689
432 382 78487935
500 240 23651604
311 461 18154501
93 285 906951
639 288 46805405
67 388 82362959
374 180 54026272
252 125 15830552
663 79 91398652
450 47 78550408
563 339 30694092
578 181 56137913
648 546 61197881
89 559 27405430
213 351 7522833
350 562 28789368
575 438 83370918
501 218 6995682
623 75 5101416
481 188 28988667
333 37 21367750
217 288 50058539
395 589 9958210
339 203 96107320
378 18 18334163
70 88 48969921
265 539 88002688
209 166 61146363
171 599 59231034
608 459 73228716
301 256 36979450
280 584 39031398
242 504 58307867
140 15 41034245
236 492 54142458
112 430 71068778
377 571 19763148
68 486 85632889
322 291 7271360
576 506 82063953
77 526 35662677
437 438 64284363
41 520 48307454
26 65 9962294
441 238 94157812
99 242 33493329
490 348 94449755
553 35 81564297
31 156 77186712
454 63 28778612
384 191 16371442
488 413 83760525
489 281 66244968
19 575 4923698
549 467 83713234
556 73 46104028
386 1 71264315
11 206 69554078
483 15 1469054
191 67 13858016
18 405 68782111
356 552 71093340
234 173 55829356
153 320 29743194
317 623 19463125
168 255 20484392
150 258 96439688
242 364 37704925
172 482 21012049
420 446 36429134
278 427 16237233
399 570 84860241
456 316 58676028
556 418 12615729
251 464 6060088
334 632 69366642
92 333 93914740
489 379 88787143
592 542 6793574
665 186 6240336
221 509 86963337
390 440 26055705
263 321 47899381
488 168 94449360
578 93 70365759
613 91 13518021
86 1 61008020
281 439 96387111
444 335 91700753
415 479 73170302
242 540 62877029
27 460 48629092
361 166 44375722
174 537 56170120
482 421 43856256
510 153 43886565
433 306 92195436
524 294 7927103
179 101 12629360
470 105 41142238
85 401 59481323
653 319 68994191
238 101 73646771
370 316 24960728
426 220 16942704
153 524 62353531
534 297 67833660
598 650 51457070
503 589 67302777
618 499 40472728
355 551 2877682
10 465 22165135
421 274 16113974
492 336 71366033
447 189 19581745
5 470 75850625
101 364 91380492
125 424 61732515
244 467 4578374
521 454 55783386
267 444 82717971
22 239 77071649
243 361 42799861
331 348 70910279
472 374 93664666
14 275 37143791
534 632 26593269
125 271 71137224
84 436 24315040
319 610 92702984
580 372 27377776
105 413 73697071
43 302 95702106
582 463 65267195
290 500 26276486
628 497 42066342
64 277 45951922
50 419 21771879
180 247 16653257
632 58 85500968
232 299 45354948
454 617 1351813
165 396 97587392
449 62 54067462
103 121 21122401
570 307 51042461
33 472 37550694
655 221 68671074
87 513 11326862
24 555 18204301
246 141 30204330
615 412 79039924
293 272 90671363
612 493 8740679
402 361 14916079
93 460 49744458
97 569 38916527
102 524 40959825
143 274 68660363
198 569 41138369
117 661 25263665
425 582 44013126
88 75 49722954
573 503 83424400
526 184 1586014
155 86 47679570
403 622 63593451
221 168 73571452
77 373 66277056
370 349 62396599
43 450 9670303
265 145 17911074
453 30 59683091
488 187 22095181
22 228 51622799
73 56 59225715
326 370 78031304
518 407 41200123
45 541 4069973
9 415 31572017
95 309 48305797
357 477 63537985
77 649 77580928
143 444 75435125
589 94 39057569
6 25 46307505
342 608 7226642
251 4 9877035
381 308 82504873
401 608 53719663
221 160 41619459
89 371 28314002
32 209 64439519
515 187 60406966
131 110 49522366
290 236 4163263
369 308 41116600
136 159 605524
440 414 46034849
535 114 44311065
601 628 20617820
504 234 67194155
352 257 46772351
433 373 38761436
448 152 87704104
201 130 19404464
123 631 79341087
348 44 49463448
107 456 40745006
465 47 29252461
387 608 84740541
536 243 46734256
166 32 97361073
605 581 42635393
633 602 29215366
19 348 70799582
369 49 54843307
11 551 1552925
111 316 27221278
391 497 63614124
55 269 65558089
614 330 32477448
328 185 16000540
552 173 38501371
225 637 40318571
56 275 96710682
570 531 55024010
503 544 65824894
28 88 39644455
494 481 58160066
431 516 68002664
22 346 5198909
602 452 85340485
648 139 44524161
133 619 97903656
218 397 52091412
578 521 53634499
413 186 97529710
175 160 95248945
40 440 43516468
628 609 81805392
254 190 31597491
178 438 66633310
428 15 66642079
389 238 42120146
81 51 93952013
316 226 19469182
398 564 55769774
157 183 97841891
355 350 67822926
85 286 69821395
586 125 33094028
559 140 87747662
527 445 52674268
225 607 44733590
660 419 79527866
118 10 43142036
458 255 52270385
294 138 37943408
663 44 34912140
549 398 5319019
462 518 20067930
1 116 41981696
601 622 96818600
401 212 46789180
190 110 15970939
238 481 5327450
379 410 90920076
623 174 33046434
578 264 22134088
340 214 24857475
536 530 64413703
435 98 1056752
501 454 24276875
286 81 96291064
480 205 84968124
182 485 5704105
168 465 76698275
506 208 25863207
481 536 28670629
219 256 92997128
119 359 86497537
603 245 1806066
382 504 21858188
337 223 71892088
180 317 31985323
583 102 35522609
159 449 12276113
191 552 39100698
445 242 83704763
573 111 27568943
338 624 92731561
513 657 42101573
223 90 64590046
422 71 70466858
509 658 64474651
627 203 69108223
595 379 51419352
595 587 15500501
287 192 4084483
308 424 96073863
190 630 77005309
25 535 1466583
535 268 6393553
482 132 56764877
206 221 65589687
344 369 68092492
73 185 57785289
207 492 72468981
521 420 15159045
458 373 66034241
46 250 12720771
19 497 33160154
29 354 4421879
418 105 14056762
494 535 51158122
82 388 82822791
314 316 9900341
282 195 28836270
385 341 55870783
576 16 43052734
223 20 58538360
363 607 85808519
138 284 17610645
469 31 72189555
110 226 15198222
632 140 31143845
592 521 31300181
520 363 28785488
345 164 95571544
394 75 2902361
302 441 45611833
545 639 4915761
92 556 62534989
240 139 7624685
159 78 66451027
619 533 98966695
14 238 36338166
329 373 16481049
41 615 65378693
267 496 89137527
610 200 96247538
555 257 611724
557 528 49580553
515 193 37015577
509 421 57493233
392 285 32069227
623 215 87808488
119 545 87877692
36 215 40895803
528 297 30055372
13 514 84960389
54 478 17841215
579 257 57410089
292 88 74564408
404 304 43457809
586 73 63578807
332 577 83078824
548 577 58916913
441 550 78627862
108 445 8116974
79 293 43763131
183 636 75824039
108 283 86242543
190 593 27394912
651 501 32848120
101 190 66915459
180 132 63017292
60 483 35783230
224 428 18723592
361 504 75709215
296 475 52525745
114 619 15674093
167 96 53023786
445 568 39690953
449 573 71368181
534 646 52337030
299 568 21039278
269 41 92812870
159 434 45884101
484 285 79877462
108 9 3732860
292 458 77876811
518 408 24430113
3 56 57485917
518 135 42255757
207 329 42281475
659 632 65123036
73 634 17364176
358 383 63011182
395 220 9896078
211 149 7596062
250 196 31326617
226 250 48827842
301 440 59970686
152 325 23341796
579 221 50551764
97 462 48509375
383 197 59775323
451 555 26836604
569 199 6411859
370 495 80823726
614 64 15271454
98 614 50665483
371 132 92763929
527 296 97956205
267 67 59815351
307 225 14817289
620 530 18467296
351 169 38594287
306 639 50245001
258 248 22034370
229 180 72742805
176 164 680884
7 150 21198942
525 244 31997531
600 477 26563957
170 43 93848330
445 597 57029242
530 385 93439308
493 580 2121726
351 203 52131968
183 290 69686976
526 518 90221018
632 186 59523012
76 104 75631766
53 129 70995634
318 248 42768510
544 61 48883570
543 505 39126943
188 117 97129221
424 517 44444231
129 124 65500069
459 275 99004483
411 322 51278625
465 477 15308887
316 352 86108530
446 524 59449854
108 217 51002275
529 433 48648036
53 493 1981152
456 138 886945
174 273 8691420
666 321 22553911
399 579 36747624
428 659 76578766
291 138 3432017
188 490 6668334
87 664 3184506
292 666 87540861
332 648 35732795
424 375 3323067
440 89 30825209
313 170 70040444
173 530 72676614
551 653 18824421
72 411 7454396
577 53 12350185
278 409 56797653
31 603 28227780
239 254 28352525
404 70 69001656
474 6 14574842
218 169 24129543
122 504 50383147
141 299 55912498
266 23 94845824
54 208 69492336
618 651 10883274
254 248 54007153
555 515 48299939
147 10 98411093
568 400 51356304
289 141 39806951
160 575 34755669
420 443 51169054
381 308 62149016
355 450 1300438
649 302 21043641
440 133 8450764
360 159 77347056
90 137 18996696
43 611 24658345
13 651 72904302
271 325 59976221
441 187 60627543
288 94 24207410
287 576 18425259
393 344 64410516
4 61 89953811
387 575 93411860
448 333 42565694
275 290 42239553
666 47 24460705
491 408 33170757
408 169 78264947
224 110 15757570
338 14 1057256
106 595 63694445
503 604 14483628
176 523 53230890
279 547 25688740
39 265 2795625
633 642 60598753
345 584 3286017
631 70 40558309
356 590 46781387
467 585 62825497
594 341 76683328
581 548 17262223
593 114 38903382
426 531 5071349
21 627 55016856
433 234 46522585
645 427 48496260
307 84 32325412
650 2 45972266
548 633 69742544
528 222 39712002
396 338 61689069
579 600 57100302
281 392 79666388
139 257 9486641
269 268 41076906
551 613 43011022
282 615 38363160
236 554 82794661
3 624 8760393
548 664 64749546
528 308 55610405
586 567 32621735
572 124 72917196
471 258 77729108
33 108 81184853
132 83 14298293
168 237 6377416
522 537 24061939
325 421 42402650
308 100 28777470
416 637 2174696
456 228 64204578
360 106 59787446
323 264 72335593
299 401 16667241
162 324 72556081
517 277 96492098
507 328 98274189
518 118 32364701
61 161 71781856
32 632 13876906
88 80 93243704
337 660 25195114
255 437 24494825
116 594 21846509
180 231 31263979
218 13 1740490
592 379 73236597
371 565 37957087
326 424 23444954
344 420 73251403
151 157 6627235
86 596 99578281
603 294 99727598
311 470 80523919
139 314 75920647
169 3 96809542
654 349 84271941
524 180 10649291
258 120 77568039
457 52 85172998
562 401 54165679
221 66 90945353
377 74 83555838
58 605 83794701
191 114 9374512
519 555 3379944
431 41 55917691
62 42 12802258
136 598 58608259
124 247 12890265
600 59 61496576
589 250 71282082
483 186 31753363
35 109 40432098
208 457 66065381
1 558 17103901
297 662 7469058
297 106 77346909
418 13 24988917
459 129 39147190
73 640 88823460
132 233 26610232
129 651 78611438
371 637 82707509
120 248 99017475
15 353 91524533
592 94 37491971
604 618 30572598
11 609 92215515
68 35 97227177
518 622 99505500
85 290 17782697
495 214 84788637
211 519 36043006
298 192 68983698
408 454 50294610
359 534 10903534
290 529 68899379
478 158 76347958
401 59 8653641
37 334 31054374
632 266 14109401
372 602 32575817
650 158 9308794
545 354 18675156
242 118 75912470
298 415 34288323
624 224 26080036
192 63 15715639
2 505 68608036
155 320 73601038
648 412 87492955
37 18 57101764
332 264 77041360
278 184 40981386
535 597 6700680
288 41 66099365
435 432 15281918
308 253 68999689
116 399 6448869
122 268 11276854
36 372 93047074
519 565 56893010
206 50 83661060
84 394 60950152
308 48 64692934
281 664 36437664
39 233 12337735
98 53 2749152
255 265 8344841
510 444 68910114
273 490 60682344
320 171 95595831
359 482 54539036
335 343 36554875
131 237 91101681
192 606 14994617
452 229 82586564
125 156 57311042
601 160 86790594
220 557 63808584
571 120 97267165
27 622 57675649
425 474 37413264
153 638 40720633
207 334 74907092
121 391 63691575
659 394 554594
498 627 95975828
107 520 12107818
570 353 60495320
190 18 85709844
138 405 83569942
620 57 54788598
557 40 6714826
418 344 14199254
232 116 36644656
398 305 72252513
639 288 87511015
11 100 10584236
382 341 66233543
100 621 77642794
469 118 77058816
654 100 84981230
516 231 81168756
275 9 78476578
627 76 49904727
589 25 67744711
393 269 42346244
490 506 21216174
436 154 86711330
485 170 39978168
578 323 65917943
105 173 39566410
27 626 87714060
127 45 23345684
144 542 21962499
58 423 88404995
481 119 66736821
224 361 53511555
382 375 8262288
481 134 28852474
33 260 28422704
254 509 52255618
391 662 35823931
336 662 17576166
442 16 29335170
654 518 10659551
200 206 88222038
662 507 38799760
341 409 96672040
621 98 31145791
114 128 80560484
46 591 94677334
270 319 43571599
160 527 66799259
521 428 25199775
365 514 12847019
253 187 65545883
363 488 24154812
41 115 77743476
449 236 92725652
135 557 35740195
620 602 75074500
115 218 36898820
538 224 12948522
484 177 15581297
390 606 97767079
436 7 12146083
27 249 75789085
190 148 11252933
300 411 65712812
46 310 95392346
406 401 35521837
130 607 82207697
178 505 48238831
200 400 80856422
20 449 66274737
6 333 48390972
285 406 956128
399 630 90730937
1 21 15560722
149 544 20716321
597 631 69896386
575 639 83206774
474 540 35267662
