840 999 1
315 557 4179165
23 175 98763208
332 3 48059065
763 127 41503271
122 83 85442674
784 208 65759677
492 254 53891301
660 272 50171870
69 246 73187608
56 404 19983552
133 522 68006390
246 752 65165651
301 483 34550349
137 703 79641439
346 620 12200198
156 173 28445664
502 249 87602851
439 618 64942495
466 757 21250559
150 208 78828050
526 777 26986561
500 127 60465526
541 586 33942049
223 207 53527850
155 395 41041247
91 838 15509069
753 188 82526593
36 68 90472603
420 386 52283852
47 461 32454534
9 391 78798214
98 414 15357841
828 757 23361898
348 234 93569777
218 462 33905004
830 261 29986662
421 750 3382959
291 233 75787863
343 163 19606211
716 344 99506221
1 452 19714596
128 595 96669425
324 297 86850031
123 705 16788521
792 403 3351015
541 138 51920368
652 332 73184424
493 350 57363285
23 697 7485738
270 608 22298613
574 374 97126521
522 247 12677596
69 417 53691060
477 455 15390616
209 106 9455683
812 357 47355295
662 609 57306717
758 265 64577764
750 226 42297274
386 439 35342260
458 686 8766868
698 696 42710487
797 411 77499108
351 348 99261668
333 421 5616347
494 828 15149028
700 781 41898655
714 255 55739434
119 50 63550791
794 426 4594802
821 566 13654041
806 532 32046393
219 459 82347267
829 401 60923485
446 142 16671064
545 653 77922549
226 563 69354188
718 493 14819698
10 698 13264050
143 410 53281270
23 394 47192436
123 806 51340533
189 820 14549844
686 498 32577291
458 537 37085794
339 768 51574044
625 63 36626109
538 102 72115634
368 521 27538190
397 786 6628500
694 405 28553282
113 613 52645539
159 731 74703495
370 497 11087097
827 547 16499337
541 294 7548228
373 111 56568814
661 165 77894752
384 130 23799312
511 411 85440308
536 687 20086523
680 441 53864399
167 486 46122150
169 74 95779779
797 587 21070453
351 430 63673025
220 128 19630319
505 301 77521014
379 61 8462012
661 366 82565285
530 822 11355363
458 585 11715973
742 524 39274562
180 203 22551389
487 215 50756941
92 489 41437535
551 235 26878475
655 351 57078210
189 506 99999054
26 442 83679523
313 194 1961010
42 379 25497116
209 582 48578009
97 526 79297574
316 825 25780581
599 435 98017965
277 225 44777782
117 171 53066098
596 90 74052709
449 590 4211493
608 260 21970049
238 155 39162179
824 542 91695498
298 376 44896813
835 411 1677867
29 644 44994954
486 116 97418299
711 818 63266782
413 591 94525814
505 216 69602156
579 744 23084408
184 775 52958793
606 358 32497403
679 340 79538113
373 816 95781458
19 23 64973807
316 200 75550246
835 466 80671640
451 351 34971503
504 758 47988296
787 185 30261174
490 705 94646704
690 300 80545161
213 323 45940031
95 420 90978111
410 306 35377407
376 289 49361902
177 627 86148786
107 236 86557354
6 195 5804333
834 182 44429056
515 678 68988404
675 667 28623794
669 502 16051479
480 342 69608884
610 127 75236428
19 549 4429671
42 689 19158862
558 39 44332308
524 734 32801909
633 220 4543660
28 782 47015319
611 220 74478271
169 351 81190942
348 36 58613947
516 754 37034859
779 517 19988326
223 770 96852586
357 486 89076382
596 791 83741815
743 827 25142863
295 203 8605040
133 135 5456821
28 228 48570139
17 639 59994324
460 586 63386554
241 503 39603253
197 658 57610221
99 42 71006435
689 267 17140936
531 597 71419045
297 255 93853493
304 156 2860925
785 749 49514379
362 512 43528033
638 613 15897200
263 623 69297465
535 452 69613036
391 221 22909721
9 593 82805455
117 507 18936256
110 481 63551045
608 606 6888786
255 79 11348919
378 546 76191057
328 166 85765861
7 343 99179745
59 651 96646466
240 275 14562877
673 165 96433807
73 785 48756853
645 407 1050298
801 361 70989418
818 616 21677305
34 681 51317516
160 826 57923619
833 435 87273938
225 553 33464655
310 776 59733370
89 205 6355120
598 660 42196226
262 466 80308399
479 106 91902951
380 837 94815050
581 827 55789982
669 787 36299437
420 33 21679184
673 638 67752718
461 282 60139738
825 553 32085966
773 650 74577668
49 309 25979854
68 168 73970688
693 75 92385039
602 637 6178086
595 219 95255693
352 705 22359791
339 277 47442781
452 79 19962415
4 751 60413702
357 323 83776919
47 367 98955037
801 665 13419
216 554 84603940
771 280 932480
67 165 29204387
322 88 28816761
444 763 53197448
799 689 66957635
555 463 75153597
638 53 37126862
134 651 39313928
543 352 76371214
216 728 56474152
102 117 19446577
601 391 28203309
433 387 31040290
615 49 61422871
520 832 16971838
84 243 58697906
643 805 70848854
624 189 26702769
775 780 50455269
442 572 73452042
26 670 44150163
666 796 70519953
352 521 23270122
745 75 97680600
645 177 90811479
556 731 43266374
93 164 60741477
21 103 33263735
673 35 40096565
715 240 97091795
419 559 59410753
644 425 96300914
788 369 26513746
465 544 47091759
821 437 97320639
762 319 10835723
148 160 5168615
58 52 71367620
817 56 53663730
181 308 12423606
192 468 97014468
287 645 85483762
408 605 11320386
351 389 6114460
796 556 24022217
61 445 9833354
105 373 669419
489 115 76426267
8 754 8526445
197 624 25462869
556 292 54824062
652 822 78692163
703 566 8595001
340 165 31166349
1 115 13464413
784 238 91052889
114 178 36541771
706 512 97271649
481 551 63057729
128 322 50296405
68 173 27517142
693 409 27403636
625 330 10328246
826 3 79073638
221 346 41114014
52 835 55086940
796 759 73592987
441 335 42044778
345 168 46573439
783 264 47423781
360 25 26872484
140 153 3857017
73 634 49002213
212 298 50288333
366 19 76787930
39 461 26177369
187 489 27003241
367 172 52951526
608 519 61771567
209 52 42793945
175 815 34621226
747 149 89963184
262 200 44815411
9 3 83895279
394 419 52161821
690 805 19503914
399 649 92423220
414 85 20619685
698 509 32717820
677 696 59356975
765 780 56995624
289 646 57384000
650 51 92778968
293 226 8117842
138 744 31791640
782 372 68044157
230 757 47882389
594 718 8291671
30 601 17421730
311 37 4037642
34 640 40990571
742 562 23918262
710 125 55008120
617 288 3248905
698 166 12801126
81 447 96192541
33 727 59249889
300 577 95209106
745 458 41302757
445 459 19535085
460 342 97242933
325 295 91944240
397 646 80273692
73 568 27473082
653 709 54898020
717 431 48453473
47 151 5396628
73 229 38092238
65 18 17379950
225 192 73249560
829 302 11358375
418 330 15911076
616 49 90353385
490 719 56344893
377 247 34349831
760 222 13917295
821 688 58107520
428 171 67298857
610 491 76932919
545 755 91587987
833 91 59864176
490 72 28006445
152 343 53216782
753 7 91102505
640 751 66927372
46 303 63244042
418 637 23309625
391 291 24925309
424 289 4747576
355 730 64380791
210 376 68689079
684 533 86932113
639 575 19930863
182 81 54182561
614 43 38204509
33 151 4087193
547 347 23059391
446 706 71594916
630 593 38617170
464 79 32539263
338 45 94873930
825 763 72971541
363 499 84957586
672 192 80404319
634 7 46300614
288 144 83365242
772 328 46074221
436 646 934666
56 665 26011515
16 81 68960463
32 358 77209863
562 628 44652933
123 662 23462730
537 371 59244033
353 100 70269656
109 439 94272649
248 163 3115298
457 597 40230259
630 705 90764331
302 10 59528450
518 356 13689994
16 586 50017406
126 708 69074081
77 450 36683154
801 288 12350236
139 347 48911851
658 180 70322349
370 809 14568718
513 330 37201671
532 716 37831289
433 720 11201048
137 21 69909246
306 737 97454218
510 612 8973404
411 62 55718268
327 665 17399839
404 647 49297790
108 160 798137
98 462 67774667
481 289 35969506
594 804 26472394
240 31 74668333
642 374 68470983
372 463 76910316
133 218 11122158
766 789 70730054
702 773 9443977
659 435 36658582
112 240 9620091
289 594 68671238
228 35 21925373
454 532 93732716
259 473 43503000
298 786 84148325
782 141 30169442
55 26 43082417
147 387 89000317
447 292 79086286
297 547 49001677
533 22 48937687
550 683 25669881
367 309 5315487
528 188 66612389
11 567 32512265
1 278 17293037
617 805 6742187
768 391 51566118
536 309 33876644
508 664 28144849
4 63 98599866
603 249 16142047
127 135 91961271
747 247 34267180
134 627 42004741
687 68 57465654
815 102 28542088
189 559 47970078
80 22 67370684
142 20 17218018
530 538 54266128
511 517 24066264
190 398 50536066
278 346 99165294
343 146 32942204
15 518 94561312
74 192 81852654
289 379 55146683
82 422 62429868
427 600 18260432
591 636 8721674
236 768 79526524
633 487 76280246
826 21 74218582
712 542 69793750
273 253 23725497
30 635 69122146
552 685 54974772
537 549 4170436
127 12 43662926
498 204 43045294
44 666 47050367
802 686 33874747
439 42 88690539
391 568 53092681
787 412 56307298
73 591 93328150
199 311 8784661
171 793 56148506
413 301 76412057
575 198 78401316
9 424 78413474
722 764 58226360
493 821 3438328
785 514 43251624
283 702 17838654
522 627 39770097
235 45 34000612
654 223 87920856
182 318 86004842
46 365 11190341
427 717 32235223
269 700 19761248
242 649 12468858
606 315 61661546
670 120 73034463
14 566 77378526
478 548 33468436
707 803 1927625
478 213 58098206
102 116 15098214
122 95 64912310
613 831 42269181
148 470 60393033
189 699 13518846
191 832 54261039
584 125 39953753
75 234 97456426
282 34 63910688
627 111 86646562
240 662 39321185
676 645 91927072
524 678 44686397
664 169 78624905
523 233 48116557
698 357 1642652
632 597 73670710
347 199 87465262
54 95 72451467
350 469 49690788
344 564 15167716
80 559 26938161
52 263 94514748
139 268 62685778
696 611 88593551
355 152 31382151
428 794 99783348
608 197 73859411
345 773 13558904
166 24 39985527
713 166 83261692
379 206 99591531
312 627 80804689
232 511 41578525
578 629 46205266
18 747 18732525
758 744 45336514
809 323 21782249
282 708 28750758
426 2 37920070
343 813 79652836
337 460 61011487
223 711 26076701
90 830 13951601
350 188 65419207
113 304 6326871
141 682 54788239
567 239 35462530
549 327 21540590
127 774 39452412
459 583 24797450
32 406 94143774
695 177 97703120
484 60 12892879
810 405 74882639
737 156 15681023
576 345 17719639
63 716 9925219
251 148 55927635
66 730 10997363
361 524 46204771
345 1 18726561
232 52 76980669
271 312 11246811
752 417 8421702
449 628 33872963
376 342 19979884
536 385 6896430
452 573 49303879
712 739 16224859
837 127 65926128
336 66 78524021
690 358 14737441
747 431 63846603
727 323 6290958
800 552 97060430
205 2 60293251
710 443 51524812
425 469 92887103
331 258 54074732
351 785 74211472
390 234 7668586
641 266 66184495
530 801 12914708
499 572 17603166
692 191 13352964
114 189 15616320
471 813 73362592
70 750 33464441
543 29 5137359
484 330 89583879
715 673 10574077
287 225 33645407
112 191 65201490
464 182 65415371
267 580 18317102
676 646 61624324
181 183 51996137
679 786 72686859
733 144 41502153
222 568 14196813
281 209 96627012
698 670 94350071
566 796 74899831
738 247 61299095
105 150 54569703
769 250 45047284
205 692 35573367
793 704 72484144
686 404 93242793
246 709 79136539
270 758 74329625
263 833 3495898
16 75 46709815
521 752 19166137
490 21 74404165
189 447 2926413
583 312 40095889
108 713 69175502
468 488 82701811
488 411 25689267
209 547 63242634
766 83 46712208
764 81 14626739
130 150 68666156
450 339 59225674
322 818 30715111
630 800 51413797
470 730 10545995
453 223 34965710
127 26 35238640
9 800 64298368
151 171 49594773
430 132 97298276
192 335 5668220
202 391 66158861
240 647 54931974
441 212 48208689
619 604 37002640
265 577 76172202
34 292 14216590
90 754 12279981
364 511 29976549
785 235 9083722
803 625 66150286
245 329 62765348
130 473 46636392
26 586 43004785
412 674 21246301
773 445 15784501
822 64 41280953
568 171 37612475
520 406 67000007
768 519 14945108
305 567 87784366
668 467 41099348
211 151 86092644
818 133 97475042
511 128 38156039
695 238 5895238
531 320 82584420
298 632 12060965
754 613 82233698
449 428 96343181
238 5 7552004
835 215 48950988
382 718 88054148
661 234 7403439
799 389 87599278
91 575 82022650
89 356 57684607
193 489 97350184
725 704 72957182
280 164 56760933
588 707 72627802
445 837 29380040
658 382 1868357
239 788 35014102
140 209 46624912
657 784 89082163
775 622 11896584
464 522 53090731
130 116 3559568
805 542 66044513
261 585 68098688
110 509 68036694
106 795 8450621
128 23 44110110
595 383 49198362
801 457 23955166
101 497 1474926
596 570 41975433
796 518 37028598
61 547 7986011
1 679 53605741
471 215 8258966
728 408 77617769
642 463 2725756
661 249 35039353
825 226 53000589
345 252 86201981
164 68 82533123
600 527 11309126
283 797 67324811
525 234 96497519
491 68 73351493
729 308 81830010
812 388 86571775
385 369 90787118
834 655 30729901
134 536 9539632
427 441 47266860
770 483 53685728
194 151 36722488
696 335 57722231
107 592 6330028
635 190 11521118
158 227 38484729
683 273 90952657
200 146 63938024
836 762 23862965
23 582 72911764
568 170 86005430
93 780 58721955
87 151 90620837
687 767 57116868
373 89 60037393
535 295 13021038
43 55 96445988
760 705 69898455
545 580 84192448
585 831 92573491
724 494 36902106
212 794 32733231
211 177 18326551
224 494 43720877
495 839 71878053
693 638 52500162
195 836 76028507
606 833 30075116
128 248 26550548
580 460 10310296
413 797 7722825
321 560 85173204
726 427 21946605
244 493 17755217
267 617 47532174
580 720 25507229
35 421 33994666
542 626 16194207
585 278 50316110
187 546 68267346
22 785 78258166
428 125 38215110
224 10 85600160
208 667 7609684
587 348 97652274
609 716 91601185
310 611 52548879
139 204 26427862
704 264 5468660
125 796 32673438
99 109 87228184
387 18 52503393
136 460 39111300
228 90 90207551
212 794 74048944
368 693 32497231
386 616 79856480
686 298 84112793
506 443 62057406
475 779 80977
777 299 33463223
838 250 16930391
833 602 48265627
211 316 7540716
251 118 32603632
797 621 77585846
739 338 27333783
600 109 81827574
508 41 66328098
606 274 3531528
132 219 99833717
73 591 74433051
746 507 25721755
33 53 50925107
550 89 48722667
447 247 25441117
304 204 72417116
698 483 13687601
565 403 96023077
817 294 67293069
662 445 64839065
242 280 80845968
50 102 64926530
681 313 71342805
422 596 29307964
483 275 4137201
418 82 63746771
652 793 27484464
54 347 85899616
262 766 3187340
150 570 12369249
796 145 29922286
835 192 72040152
462 353 43352488
186 742 70695142
575 181 27783474
530 261 27662760
405 238 84962085
344 587 73859409
359 543 29052278
134 319 84819080
540 588 54397428
717 759 75947780
202 369 79264260
663 616 6958439
677 830 70034843
777 471 32675672
425 497 8414588
415 335 40807139
467 747 93964212
745 27 37129237
340 558 11077971
413 661 45216212
325 829 95046253
214 31 29457148
34 118 59506769
101 8 62859968
217 341 79544327
93 378 4588864
267 666 61550608
684 130 87394662
837 708 17870425
567 568 99955718
304 750 5867393
294 673 30074678
382 297 10857037
57 426 73953515
807 651 83071592
153 743 59295189
708 496 91516256
475 530 87156092
74 719 57723357
401 689 91366300
234 390 52302628
651 594 67900349
623 769 27572428
557 169 41495575
248 776 14771647
433 5 30821029
831 704 20942708
447 94 95362440
362 276 69702250
746 218 64715166
481 451 31333353
630 169 1029987
424 436 57610741
840 158 68976136
390 648 8193427
45 184 54698450
502 160 80186689
486 80 13154485
661 304 77453999
371 804 7147313
748 219 87292099
302 69 71474796
559 383 71145164
218 421 41777297
590 555 64194053
173 100 85553513
802 167 288589
450 307 3533367
530 427 97208102
539 561 88978393
776 523 5864940
510 69 84508700
575 682 16479318
134 164 25746271
454 366 36991794
772 349 60175981
626 300 59310685
62 297 35437204
464 668 38088194
464 247 56452618
505 662 56102420
329 400 8405889
810 149 3110158
111 623 58809352
338 372 40893929
534 725 34686501
6 432 38974814
182 274 27488049
307 277 98313565
204 326 12763380
434 315 23170510
443 426 56169857
474 19 7994759
674 642 32019796
817 702 95768718
416 620 98425514
796 422 49521552
54 198 32859424
688 823 93002146
725 236 14637199
768 95 41818423
656 800 93553958
513 725 53080161
20 246 59633354
603 655 29734988
166 806 44230315
537 424 42366713
589 236 71676711
436 545 61619767
409 726 35221732
156 253 24664807
762 692 74571817
783 353 52135025
676 238 38194813
645 229 39847298
122 529 97979010
428 669 27656200
338 122 35465236
425 828 6692207
297 800 61303454
215 219 96759325
767 628 81405884
627 612 76973355
828 298 57854231
223 580 39012199
331 237 88085373
439 658 17225607
103 375 31281215
418 50 90802607
452 351 43875024
218 77 37451813
392 375 58442139
581 565 79978579
411 557 86394405
149 260 32174846
275 457 49339749
750 334 56649414
220 495 96442464
376 472 34627550
735 310 64326920
813 631 27497997
657 297 3277141
835 756 98866660
734 340 49238181
580 238 50350145
197 42 93717330
284 177 66107397
407 190 89923218
253 648 94891794
163 648 65220499
39 598 65137544
420 601 92091607
282 674 54084672
799 224 83103693
631 146 54402184
574 342 29828274
740 575 46530593
282 64 3132838
336 779 73122679
647 181 98653458
471 143 55658272
448 32 26499642
454 769 28849560
605 494 61213982
266 212 47021883
827 362 48844182
85 33 78579075
132 623 32720557
241 782 48763778
311 471 11669821
625 444 55913635
