500 1000 2
394 284 2
42 146 2
285 302 1
74 89 2
51 198 2
275 285 1
456 74 2
207 398 1
118 287 1
343 477 1
237 335 2
3 228 1
300 434 1
121 86 2
155 166 2
275 348 2
239 272 2
79 204 1
357 149 2
227 495 2
422 1 2
22 117 1
286 158 2
11 453 2
144 68 1
292 409 2
337 55 1
43 376 2
335 469 2
267 18 1
420 14 1
254 71 1
367 296 1
297 63 2
495 316 1
496 186 2
499 477 1
159 343 1
304 215 2
114 398 1
132 97 1
109 30 2
423 38 1
43 260 2
56 337 1
239 221 2
486 394 2
254 97 1
151 68 2
455 12 2
239 101 2
373 485 1
37 288 2
84 453 2
343 425 2
354 342 1
364 381 1
115 137 1
31 300 1
434 188 1
402 276 2
210 459 1
488 315 1
229 357 1
357 135 2
223 26 1
230 489 1
474 36 1
200 124 2
35 467 2
22 439 2
285 268 2
268 138 2
454 385 1
162 304 1
106 140 2
425 420 2
452 113 1
434 265 1
225 255 1
227 131 2
235 178 1
447 496 2
258 431 2
25 218 1
382 55 1
217 354 2
473 372 2
435 106 1
114 38 1
247 291 2
489 177 2
341 50 1
180 79 1
428 163 1
155 391 1
321 230 2
132 79 1
174 233 1
86 83 2
83 106 1
191 275 2
353 135 1
290 211 2
89 270 2
206 152 1
119 5 2
184 90 1
423 214 2
32 255 1
451 163 2
495 230 2
366 273 2
66 201 2
100 226 2
322 59 2
342 76 1
223 342 1
25 407 2
234 208 2
302 226 2
411 228 2
433 262 1
267 39 1
94 359 2
10 291 1
402 203 2
192 67 1
42 132 1
41 220 2
344 409 2
494 172 1
447 263 2
489 69 2
369 497 2
72 307 2
143 62 2
458 149 2
173 386 2
178 325 2
10 251 1
447 98 1
429 36 2
84 199 2
121 34 2
380 469 1
426 455 2
25 401 1
165 357 1
15 494 1
214 148 1
483 349 1
327 45 2
284 243 1
343 12 1
120 471 1
259 128 2
103 212 2
53 382 2
133 421 1
404 89 2
481 359 2
27 424 1
221 98 2
124 412 2
215 471 1
278 51 1
20 305 1
214 464 2
496 259 2
292 349 2
258 169 1
38 371 1
494 222 2
353 177 2
20 237 2
74 347 1
318 434 1
165 359 1
76 107 2
493 477 2
434 172 1
324 367 1
251 351 1
349 80 1
33 136 1
7 81 1
8 324 2
379 308 1
423 99 1
193 144 2
361 91 1
135 97 1
264 451 2
102 334 1
79 481 2
103 439 2
112 76 1
321 144 2
460 48 1
55 143 1
110 206 2
476 148 1
218 195 2
476 490 1
124 140 2
330 465 1
239 280 2
339 7 2
51 225 1
270 127 1
58 67 1
490 280 2
209 191 1
387 50 2
306 87 1
356 37 2
416 318 2
160 162 1
64 402 1
247 75 1
335 127 2
363 350 1
84 51 1
55 369 2
170 148 1
240 371 2
156 29 1
438 410 2
185 225 1
481 296 2
362 304 2
209 476 2
79 11 2
181 402 1
222 189 2
459 489 2
5 422 1
156 28 2
110 128 2
111 350 1
183 261 1
60 82 1
199 188 2
336 255 1
187 403 2
219 215 1
421 171 2
264 18 2
495 149 1
338 330 1
55 397 1
212 453 1
110 277 1
146 246 1
246 420 1
489 399 1
412 403 1
182 276 2
141 407 2
227 13 2
292 48 1
194 264 2
53 369 2
396 341 2
452 417 1
272 72 1
192 37 2
179 343 2
373 134 1
328 54 1
100 6 2
55 305 2
294 274 1
467 500 2
227 430 1
336 48 2
100 128 2
25 249 1
442 313 2
486 111 1
341 41 2
65 225 2
277 422 2
375 275 2
24 403 1
22 110 2
87 378 2
132 1 2
113 198 1
150 300 1
245 74 2
421 110 1
239 175 1
424 314 2
134 468 2
428 168 2
448 440 2
320 60 2
378 155 2
289 104 2
177 400 1
72 320 1
73 269 2
265 114 2
481 256 2
367 110 2
491 118 2
500 5 1
364 266 2
140 417 2
231 109 1
485 86 2
59 467 1
78 7 1
403 180 2
135 344 2
33 475 1
411 130 1
132 366 2
272 443 1
297 247 2
287 135 2
352 26 1
497 3 2
437 181 2
420 76 2
407 408 1
230 371 1
267 380 2
114 64 2
239 201 2
251 193 2
464 310 2
442 396 2
317 193 2
88 247 2
482 456 1
9 383 1
282 11 1
206 230 2
44 198 1
200 25 1
180 449 2
45 449 1
103 414 1
252 289 2
211 283 1
389 268 1
193 72 1
458 476 2
216 207 1
10 67 1
216 14 2
469 285 2
359 12 1
209 383 1
170 303 1
29 422 1
107 133 1
96 462 2
249 89 2
212 448 1
251 481 1
43 209 2
86 326 2
465 289 2
161 182 1
328 139 2
259 149 2
56 403 2
408 485 1
422 197 1
451 127 1
334 160 1
183 47 2
103 55 2
167 458 1
151 245 2
255 11 2
115 455 2
205 259 1
345 194 1
188 329 2
393 427 2
227 389 1
37 147 1
477 266 1
419 314 2
291 151 2
335 466 1
346 115 1
208 407 1
442 100 1
240 26 1
11 210 2
161 28 2
107 455 2
178 300 2
104 189 1
217 87 2
264 219 1
196 46 2
337 132 2
362 72 2
393 33 2
265 250 2
358 214 1
201 300 2
146 72 2
431 21 1
190 129 2
59 466 2
372 166 2
226 87 2
90 256 2
181 86 1
21 462 1
261 196 2
82 434 2
491 468 1
227 4 1
174 74 1
104 271 2
94 312 2
471 304 2
305 28 1
142 328 1
83 102 2
104 197 2
79 246 1
442 249 1
156 241 1
275 274 1
321 64 1
358 133 2
408 186 1
407 409 2
193 247 2
200 342 1
413 148 2
212 118 1
257 341 1
177 28 1
368 444 1
410 487 2
85 251 1
32 56 1
206 44 2
170 236 1
455 196 1
26 292 2
439 178 2
258 302 1
495 417 2
398 228 2
484 116 2
403 118 1
371 461 2
296 263 2
383 220 2
72 428 2
470 288 1
260 6 2
388 23 2
90 327 1
76 30 1
466 459 2
239 408 1
391 490 2
190 396 1
177 311 1
103 388 1
246 34 1
268 31 1
218 396 2
339 429 1
328 349 2
216 18 2
405 462 1
284 98 1
402 447 2
286 87 2
309 234 1
29 123 1
328 49 1
237 263 2
251 110 1
364 460 1
242 44 2
487 209 2
113 260 2
116 4 1
7 361 2
323 497 2
312 129 2
421 180 1
168 417 1
392 199 1
221 306 1
199 176 2
7 388 1
456 172 2
162 86 2
61 259 2
327 383 1
428 209 2
79 161 2
118 261 1
25 320 1
257 89 2
113 73 1
152 51 2
22 459 2
303 314 2
356 142 2
152 263 2
490 246 1
192 117 1
311 29 1
289 190 2
133 404 2
111 76 2
70 330 2
426 336 1
481 255 2
472 350 1
236 32 1
487 253 2
221 348 1
197 103 1
355 278 1
161 76 1
142 67 2
112 147 2
253 390 2
397 37 2
439 470 1
45 290 2
319 456 1
295 89 1
393 417 1
383 7 1
425 194 2
129 379 1
229 113 2
229 204 2
486 115 2
436 27 2
26 324 1
328 306 2
162 138 1
116 168 2
346 169 1
105 411 1
441 89 2
182 204 2
127 398 2
267 461 1
448 49 2
27 405 2
134 312 2
99 259 2
461 420 1
388 83 1
377 420 1
325 173 1
32 39 1
90 307 2
410 233 2
200 58 1
291 344 1
237 80 2
468 423 2
499 152 2
176 151 2
368 30 2
427 336 1
452 385 1
15 285 1
45 117 2
22 459 1
406 206 2
493 255 2
447 77 1
395 91 2
45 169 1
456 174 2
194 14 1
492 7 1
371 48 2
26 435 2
396 383 2
85 286 1
335 146 1
313 302 1
312 177 2
279 393 2
87 239 2
387 58 2
56 160 2
373 246 2
400 362 2
38 325 1
225 2 1
194 402 1
15 281 2
466 14 2
419 225 2
177 396 1
220 497 2
320 240 1
412 427 2
418 11 1
41 277 1
435 391 2
264 234 1
283 43 2
189 62 2
119 144 2
412 456 1
264 240 1
172 142 1
392 295 1
350 434 2
124 229 2
219 404 1
146 378 1
129 167 2
232 196 2
315 244 1
400 110 2
147 28 1
295 33 1
397 281 2
371 27 1
441 339 1
96 270 1
145 320 1
187 194 2
484 94 1
313 74 2
421 369 2
151 393 1
320 76 1
480 209 1
173 103 1
236 11 2
126 377 1
371 404 1
367 22 1
160 231 2
440 157 2
91 451 2
466 396 2
289 247 1
41 239 2
363 49 1
409 209 1
117 200 1
72 248 2
472 233 1
248 424 2
85 198 1
168 495 1
192 96 2
91 435 1
401 215 1
295 84 1
453 352 2
160 399 1
280 135 2
38 455 2
445 361 2
216 376 2
446 455 1
489 161 1
262 80 2
370 237 1
404 292 1
165 116 1
70 178 1
166 62 2
325 299 2
24 253 1
130 55 1
366 176 1
434 486 2
53 88 2
365 45 1
226 320 2
17 339 2
212 179 2
168 418 1
35 77 1
341 42 1
304 432 1
350 247 2
235 133 2
145 350 2
172 69 1
436 120 2
169 136 2
245 377 2
207 264 1
102 152 2
356 373 2
241 263 1
140 251 2
356 49 2
186 440 1
479 430 2
442 476 1
137 58 1
79 289 2
362 330 1
262 124 1
269 475 2
85 416 2
175 340 2
362 481 1
261 153 1
73 213 2
171 193 1
382 346 1
247 461 2
42 492 2
211 225 1
71 296 1
245 336 1
343 121 2
153 127 1
367 81 1
254 10 1
495 399 1
444 242 1
340 119 2
301 485 1
5 186 2
321 23 1
363 235 1
327 157 2
456 39 1
190 160 2
329 81 1
108 484 1
58 416 1
321 141 1
397 41 2
442 253 1
111 311 1
71 275 1
87 201 2
423 119 2
300 278 1
328 271 2
126 56 1
467 69 2
211 275 1
288 390 2
327 119 2
100 338 2
68 60 1
109 72 1
74 435 2
147 73 2
339 93 1
18 95 2
251 352 2
43 312 2
207 343 2
159 456 2
183 59 2
374 318 2
31 469 1
200 331 2
461 197 1
458 391 1
5 75 1
82 469 1
94 441 2
27 81 1
369 317 1
299 167 1
34 72 2
337 154 2
321 395 1
416 434 1
166 145 2
53 371 1
25 205 1
20 443 2
24 77 2
245 410 2
202 462 2
340 355 1
407 125 1
475 121 2
361 363 1
246 198 2
138 269 2
445 451 2
330 283 1
377 298 1
120 434 2
272 52 1
108 10 1
434 83 2
135 389 2
443 43 1
66 265 2
39 214 1
371 301 1
271 237 1
37 22 1
201 329 1
466 279 2
346 415 2
351 234 1
259 295 1
312 469 1
482 490 1
268 374 2
59 394 2
47 370 2
126 414 2
197 379 2
34 415 2
317 99 2
42 450 1
3 11 2
147 135 1
83 349 1
218 220 1
283 234 1
222 90 2
198 160 1
385 196 1
178 199 1
491 261 1
306 140 1
48 236 1
24 210 1
431 393 1
298 412 1
18 179 2
99 79 2
183 488 2
356 33 2
51 328 2
222 41 2
210 21 1
319 217 2
291 474 1
477 202 1
134 271 2
2 227 1
347 316 1
474 288 1
164 21 2
481 363 1
21 217 1
3 351 1
298 40 2
145 277 1
282 71 1
169 500 1
319 322 2
486 193 1
309 381 2
377 143 2
463 464 1
443 66 2
375 495 2
227 2 1
278 177 1
406 78 1
268 286 2
77 158 1
400 16 2
10 322 2
226 43 2
339 415 2
224 177 2
159 412 1
367 24 2
494 209 2
220 68 2
307 214 1
206 375 2
380 224 1
117 391 1
421 31 2
175 304 1
204 467 1
281 287 2
124 271 1
129 222 1
68 134 1
422 244 1
7 90 1
341 447 1
413 170 1
347 308 1
440 204 1
362 382 1
300 453 2
88 486 2
87 347 2
353 499 1
89 193 2
32 145 1
294 486 2
33 123 2
317 261 1
457 1 1
217 382 2
298 427 2
57 380 1
449 459 2
249 458 2
277 224 2
375 99 1
45 411 2
299 82 1
220 185 2
90 485 2
187 31 1
481 89 2
19 343 2
109 83 1
13 439 1
377 77 2
32 350 2
79 480 2
389 281 2
207 16 1
413 267 1
125 16 2
46 209 2
353 360 2
322 80 2
498 387 2
96 340 2
359 333 2
259 149 2
152 137 2
470 311 1
260 304 1
349 227 1
374 238 1
301 115 2
69 24 1
235 357 2
495 221 2
72 412 2
178 188 2
492 440 2
478 119 1
364 72 1
42 82 1
381 317 2
398 95 2
235 352 1
32 373 2
58 167 1
330 194 1
447 228 2
303 264 2
26 422 1
456 18 1
223 245 2
81 448 2
282 427 2
168 237 1
59 476 2
294 424 2
105 447 2
72 25 2
297 486 1
132 436 2
315 240 2
459 399 1
149 308 2
394 449 1
180 372 2
257 63 2
286 310 1
11 262 2
300 275 2
387 120 1
472 275 1
121 115 1
414 16 1
453 239 1
60 313 2
133 23 1
411 73 2
430 355 1
265 51 1
