500 1000 2
22 425 1
211 399 1
269 86 1
257 28 2
141 427 1
192 200 1
474 327 2
188 215 1
475 7 2
204 290 1
167 210 1
139 41 2
222 9 1
232 378 1
244 325 1
359 159 2
461 227 2
335 1 1
49 384 1
348 350 2
126 118 2
3 352 2
71 282 1
245 105 2
159 79 2
426 69 1
398 359 2
295 2 2
370 333 2
117 267 2
358 322 2
19 288 1
475 251 1
413 333 2
496 199 1
158 276 1
16 449 1
128 12 1
332 72 2
474 63 1
438 282 1
443 206 2
279 150 1
161 12 2
456 185 1
436 308 1
445 459 2
495 308 2
9 350 1
350 498 2
458 131 1
166 467 1
435 500 2
350 335 1
98 313 2
204 390 1
13 231 2
351 85 2
139 105 1
381 46 1
424 365 1
99 168 1
488 198 2
291 302 1
279 275 1
171 436 1
262 200 2
148 71 1
192 246 1
201 185 2
69 265 2
33 169 1
91 85 1
421 430 1
61 430 1
47 93 2
333 4 2
343 259 2
464 317 2
156 94 1
264 253 2
390 404 2
85 302 2
36 499 1
223 465 1
413 112 1
180 20 1
406 386 1
121 302 1
12 203 1
258 427 1
267 396 1
323 120 1
161 390 1
80 359 1
152 218 2
260 370 2
401 162 2
86 457 1
30 443 2
255 52 1
418 225 1
136 355 2
84 209 2
198 125 2
485 159 1
66 374 2
477 76 1
495 80 2
359 413 1
361 95 2
268 15 1
281 369 2
18 425 1
146 109 2
470 140 1
177 32 1
112 23 2
440 248 2
309 299 2
255 254 2
249 144 2
272 338 2
393 412 2
429 373 1
303 319 2
23 95 2
157 76 2
440 138 2
355 34 2
400 67 2
133 74 2
93 15 1
31 232 2
5 160 2
370 252 1
56 165 1
308 199 2
29 427 2
352 137 2
140 273 1
4 109 2
281 426 2
45 462 1
176 485 2
151 224 1
289 273 1
29 436 1
54 210 2
52 476 2
110 224 2
228 59 1
192 22 2
90 395 2
124 149 2
240 23 1
177 441 1
322 46 2
251 300 1
250 80 1
171 270 1
37 124 2
389 261 1
239 63 2
492 45 2
497 180 1
160 86 1
454 197 2
303 497 1
351 408 2
110 220 1
462 493 1
323 101 1
120 311 1
123 433 2
375 252 1
333 349 2
47 202 1
203 301 1
412 254 1
208 357 2
11 268 1
122 116 2
143 489 2
11 258 2
388 28 2
318 64 2
363 323 1
327 62 1
244 355 1
166 417 2
47 334 1
403 2 2
380 293 2
463 483 1
494 146 1
358 168 1
355 63 1
301 348 2
317 492 2
89 453 1
83 41 2
341 209 2
25 183 1
112 22 2
433 279 1
339 372 2
176 156 2
269 469 2
372 46 1
67 437 2
403 251 2
461 75 2
299 30 1
245 432 2
179 157 2
468 222 1
18 139 2
251 23 2
98 50 2
383 343 2
331 223 1
276 6 2
497 427 2
442 302 2
375 324 2
124 205 1
205 36 2
390 279 2
309 324 1
385 167 1
237 213 1
114 437 2
431 267 1
479 2 2
156 331 1
308 239 2
202 330 1
237 208 1
322 161 1
87 214 2
105 303 1
113 34 1
434 150 1
316 202 2
315 438 1
262 216 2
139 12 2
291 223 2
180 296 1
337 379 1
357 176 2
50 4 1
371 452 1
119 276 2
439 210 1
191 375 1
318 341 2
24 124 1
313 424 1
156 294 1
131 200 1
115 97 1
33 81 1
368 262 1
52 124 1
158 204 2
212 49 1
486 180 2
32 355 1
242 139 2
416 258 2
167 383 1
331 124 2
193 451 2
122 15 2
446 210 1
132 461 1
45 461 1
491 4 2
173 404 2
322 104 2
66 438 2
109 371 2
163 97 2
314 197 1
213 494 2
345 456 2
250 92 1
346 400 1
29 499 1
296 26 2
85 234 1
498 277 1
28 336 2
249 339 2
245 339 1
468 318 2
229 134 2
80 446 1
302 450 2
465 282 1
480 59 1
242 56 1
1 356 2
136 330 1
80 120 2
405 458 1
49 497 2
88 281 1
474 162 2
499 407 2
69 105 1
417 330 1
213 130 1
453 169 1
374 471 1
118 167 2
493 124 2
495 459 1
175 241 1
334 74 2
353 38 2
220 478 1
187 209 1
116 157 2
478 135 2
101 315 2
484 148 2
465 27 1
145 96 2
212 493 1
284 244 1
463 23 2
233 343 1
340 113 2
330 301 1
246 203 2
452 129 2
341 319 2
495 457 1
397 256 2
110 155 1
272 273 1
11 398 1
52 418 2
119 283 2
329 393 1
387 69 1
142 403 1
287 450 1
138 53 1
99 147 2
318 289 2
495 489 1
420 377 1
440 69 1
151 15 2
43 451 2
130 485 1
445 418 1
150 179 2
315 386 2
56 294 2
53 446 1
41 447 1
1 192 2
187 12 2
288 371 1
348 254 1
412 214 2
102 419 2
251 37 2
102 178 1
488 181 2
492 440 2
251 280 1
71 53 1
146 375 2
309 235 2
79 203 2
162 322 2
279 177 2
117 209 1
173 300 2
490 163 1
215 57 2
141 262 1
44 42 2
131 480 2
350 278 1
403 62 2
441 432 2
143 232 2
396 361 1
492 453 1
199 304 2
384 325 2
126 117 2
294 417 2
257 484 1
275 435 1
237 252 2
482 481 2
170 414 2
344 337 2
272 123 1
345 146 1
54 342 1
247 214 1
236 4 2
490 384 1
161 53 1
470 163 1
342 84 1
404 107 1
377 390 1
330 84 1
293 116 1
5 21 1
21 446 2
90 318 1
263 90 2
92 452 1
99 422 1
121 28 2
199 228 2
373 235 2
260 383 1
430 421 2
478 86 1
65 224 1
437 279 1
233 422 1
493 162 2
75 377 1
342 222 1
450 59 2
239 389 1
215 446 2
167 80 2
374 209 1
401 13 2
486 214 1
233 264 1
59 58 2
327 399 2
351 260 1
80 77 2
431 94 1
262 149 1
122 482 1
361 435 1
202 143 2
447 94 1
145 226 1
91 148 1
323 162 2
456 43 1
250 139 2
88 78 1
265 227 1
236 83 1
153 454 1
374 377 1
352 432 1
454 28 1
40 264 1
245 215 1
167 163 1
135 407 1
304 404 2
46 262 1
390 494 1
231 410 2
155 267 2
368 163 2
88 232 2
386 178 2
355 219 2
29 31 2
20 131 1
261 441 1
448 298 2
163 96 2
242 402 2
48 335 2
335 145 2
229 94 1
449 143 2
44 367 1
199 373 2
441 345 1
452 380 1
397 268 2
17 342 2
398 479 1
339 336 2
334 31 2
297 184 2
394 392 2
118 77 1
14 461 2
342 264 2
19 137 2
110 221 2
416 116 1
221 215 2
264 350 2
193 216 2
472 449 2
15 336 1
175 202 2
317 254 2
42 321 1
385 459 1
411 241 2
234 299 2
20 303 1
213 222 2
229 105 1
187 61 1
118 226 2
37 341 2
217 196 1
52 307 1
367 126 1
105 448 1
144 126 2
251 394 2
45 65 1
251 75 1
50 26 2
316 169 2
251 164 2
256 39 2
155 104 1
83 307 2
323 194 1
166 256 2
455 470 1
31 58 2
475 169 2
52 233 1
9 291 2
191 34 2
411 7 1
82 302 1
417 235 1
433 3 2
441 279 2
406 4 2
464 150 2
138 6 2
128 250 2
116 287 1
185 199 2
444 72 2
96 337 2
14 233 1
289 450 1
263 29 2
247 368 2
392 279 1
17 243 2
142 63 1
423 162 2
174 429 1
121 416 1
77 496 2
407 8 2
171 473 1
197 500 2
331 57 1
176 115 2
293 28 2
250 17 1
88 104 1
50 468 2
278 238 2
359 176 1
125 11 1
387 482 2
27 217 2
310 209 1
373 140 2
168 432 1
392 275 1
135 7 1
216 123 2
174 253 1
174 259 1
158 314 1
232 436 2
485 118 2
422 327 1
204 402 1
215 12 2
136 37 1
477 473 2
145 461 1
309 119 2
150 62 2
385 276 1
148 66 1
460 273 2
413 124 2
199 30 1
192 131 1
481 196 1
31 391 2
153 17 2
171 185 1
254 394 1
279 364 1
480 381 1
203 216 1
140 229 1
459 474 2
137 354 1
28 271 1
477 276 2
109 170 2
145 316 2
190 106 2
330 369 1
489 97 2
400 361 1
421 381 2
420 388 2
23 180 1
264 236 2
423 182 2
136 125 1
44 313 2
172 474 1
470 33 1
113 144 2
228 301 2
77 454 1
165 445 1
395 446 2
218 45 1
437 63 2
218 38 1
491 339 2
341 99 1
273 118 1
227 219 2
68 195 1
120 37 1
118 471 2
279 23 1
38 200 1
283 443 1
105 35 2
64 371 1
259 181 1
43 51 1
82 65 2
441 152 2
473 38 2
153 171 1
143 396 2
67 199 1
272 93 1
159 63 1
499 278 2
486 95 2
358 221 1
197 202 1
203 216 1
419 159 1
496 6 2
220 68 2
457 306 1
183 3 2
237 330 2
222 426 2
410 10 1
208 478 2
192 493 2
123 4 1
283 90 2
276 396 1
356 46 2
240 76 1
170 452 2
80 151 1
257 242 1
144 122 2
244 20 2
443 148 1
210 107 2
413 22 1
134 443 2
278 297 2
80 259 2
309 150 2
403 396 2
289 378 2
439 400 2
248 427 1
218 77 1
37 170 2
186 185 2
219 287 2
66 108 2
349 209 1
38 224 2
305 178 1
187 252 1
284 306 2
380 20 1
224 27 1
449 259 1
52 317 2
93 266 1
422 262 2
486 128 2
46 136 2
100 366 1
210 21 2
383 377 1
463 44 1
400 325 2
255 318 1
42 20 2
226 123 1
116 23 2
34 45 1
486 52 1
45 325 1
5 89 1
182 441 2
356 419 2
144 265 1
197 106 1
401 218 1
315 428 1
331 487 2
428 31 1
334 166 1
189 220 2
330 250 1
352 409 1
355 162 1
403 231 2
37 226 2
199 196 1
251 124 2
387 302 1
446 289 2
422 152 1
279 440 1
166 368 2
113 464 2
218 394 2
363 53 1
25 96 1
357 381 2
465 210 1
84 48 2
90 395 1
180 212 1
303 484 1
458 474 1
159 276 2
334 100 2
3 445 1
213 317 1
412 190 2
66 374 1
30 229 1
382 309 2
407 291 2
150 191 1
353 25 1
381 37 1
425 361 1
401 303 1
445 225 2
350 126 2
76 118 2
201 283 1
233 345 2
351 188 2
305 113 2
214 140 2
488 293 1
474 10 2
322 73 2
455 311 2
305 291 1
437 468 1
34 500 2
73 60 1
174 462 1
76 425 2
150 131 1
349 68 1
58 307 2
384 1 1
357 390 1
496 68 1
396 114 2
143 294 2
9 399 1
24 39 2
266 327 2
397 409 2
447 57 1
340 89 2
244 448 2
151 212 1
433 460 1
22 96 1
224 347 1
384 488 1
152 61 1
172 265 1
159 479 2
58 354 1
226 441 1
62 378 2
306 398 1
152 304 1
423 191 2
385 319 1
168 186 1
408 371 2
450 313 1
368 404 1
401 74 1
64 105 1
458 353 1
360 247 2
379 400 1
15 202 2
24 310 1
361 20 1
107 391 1
295 37 1
325 271 1
88 399 2
122 305 1
363 294 1
99 201 2
166 450 2
343 420 2
112 240 2
8 147 1
493 258 2
237 298 1
102 270 2
219 175 2
16 229 2
196 323 1
134 24 1
443 20 2
246 315 2
27 312 1
299 498 2
309 313 2
100 8 2
44 156 1
299 37 2
112 318 1
418 454 1
438 325 1
81 351 1
438 456 2
440 125 1
280 414 1
92 101 2
336 467 1
227 425 1
101 320 1
436 5 2
497 308 2
231 472 1
210 23 2
46 336 2
203 307 1
489 299 1
396 424 1
283 483 2
363 76 2
320 220 1
197 151 2
133 112 1
424 48 2
126 87 1
330 484 2
76 60 2
53 291 2
159 316 2
284 253 2
272 349 1
454 489 1
70 13 1
353 396 2
498 312 1
437 451 2
349 386 2
122 219 2
310 22 1
235 170 1
64 315 1
232 450 2
72 340 1
431 421 2
35 207 2
362 397 2
102 244 2
19 273 2
334 72 2
43 476 1
338 72 1
460 250 2
419 464 2
115 249 1
339 345 2
493 46 2
200 480 2
293 203 1
343 348 2
433 207 2
12 360 1
336 403 2
4 378 2
12 499 2
185 113 2
260 205 2
472 381 2
149 49 2
285 248 2
320 450 1
103 418 1
62 311 2
187 162 1
188 77 1
471 375 1
29 244 2
193 301 1
462 344 1
313 145 2
332 418 2
158 414 2
211 423 1
292 126 1
326 231 2
3 435 1
289 405 2
247 398 1
171 226 1
197 461 1
337 448 2
444 443 2
222 145 2
243 261 1
360 256 2
481 383 1
498 355 1
342 100 2
428 481 2
85 34 1
128 305 2
226 474 2
14 211 2
379 315 1
462 75 2
497 225 2
299 435 2
135 339 1
268 442 2
173 176 1
378 466 2
42 486 1
24 125 1
100 80 2
415 343 1
40 495 2
447 326 1
478 431 2
91 492 1
349 331 2
268 121 2
219 34 2
180 55 1
460 391 1
218 366 2
312 398 2
288 263 2
233 388 1
481 453 2
441 221 1
388 74 1
393 124 1
72 287 1
