666 1000 2
3 4 1
4 5 1
5 6 1
6 7 1
7 8 1
8 9 1
9 10 1
10 11 1
11 12 1
12 13 1
13 14 1
14 15 1
15 16 1
16 17 1
17 18 1
18 19 1
19 20 1
20 21 1
21 22 1
22 23 1
23 24 1
24 25 1
25 26 1
26 27 1
27 28 1
28 29 1
29 30 1
30 31 1
31 32 1
32 33 1
33 34 1
34 35 1
35 36 1
36 37 1
37 38 1
38 39 1
39 40 1
40 41 1
41 42 1
42 43 1
43 44 1
44 45 1
45 46 1
46 47 1
47 48 1
48 49 1
49 50 1
50 51 1
51 52 1
52 53 1
53 54 1
54 55 1
55 56 1
56 57 1
57 58 1
58 59 1
59 60 1
60 61 1
61 62 1
62 63 1
63 64 1
64 65 1
65 66 1
66 67 1
67 68 1
68 69 1
69 70 1
70 71 1
71 72 1
72 73 1
73 74 1
74 75 1
75 76 1
76 77 1
77 78 1
78 79 1
79 80 1
80 81 1
81 82 1
82 83 1
83 84 1
84 85 1
85 86 1
86 87 1
87 88 1
88 89 1
89 90 1
90 91 1
91 92 1
92 93 1
93 94 1
94 95 1
95 96 1
96 97 1
97 98 1
98 99 1
99 100 1
100 101 1
101 102 1
102 103 1
103 104 1
104 105 1
105 106 1
106 107 1
107 108 1
108 109 1
109 110 1
110 111 1
111 112 1
112 113 1
113 114 1
114 115 1
115 116 1
116 117 1
117 118 1
118 119 1
119 120 1
120 121 1
121 122 1
122 123 1
123 124 1
124 125 1
125 126 1
126 127 1
127 128 1
128 129 1
129 130 1
130 131 1
131 132 1
132 133 1
133 134 1
134 135 1
135 136 1
136 137 1
137 138 1
138 139 1
139 140 1
140 141 1
141 142 1
142 143 1
143 144 1
144 145 1
145 146 1
146 147 1
147 148 1
148 149 1
149 150 1
150 151 1
151 152 1
152 153 1
153 154 1
154 155 1
155 156 1
156 157 1
157 158 1
158 159 1
159 160 1
160 161 1
161 162 1
162 163 1
163 164 1
164 165 1
165 166 1
166 167 1
167 168 1
168 169 1
169 170 1
170 171 1
171 172 1
172 173 1
173 174 1
174 175 1
175 176 1
176 177 1
177 178 1
178 179 1
179 180 1
180 181 1
181 182 1
182 183 1
183 184 1
184 185 1
185 186 1
186 187 1
187 188 1
188 189 1
189 190 1
190 191 1
191 192 1
192 193 1
193 194 1
194 195 1
195 196 1
196 197 1
197 198 1
198 199 1
199 200 1
200 201 1
201 202 1
202 203 1
203 204 1
204 205 1
205 206 1
206 207 1
207 208 1
208 209 1
209 210 1
210 211 1
211 212 1
212 213 1
213 214 1
214 215 1
215 216 1
216 217 1
217 218 1
218 219 1
219 220 1
220 221 1
221 222 1
222 223 1
223 224 1
224 225 1
225 226 1
226 227 1
227 228 1
228 229 1
229 230 1
230 231 1
231 232 1
232 233 1
233 234 1
234 235 1
235 236 1
236 237 1
237 238 1
238 239 1
239 240 1
240 241 1
241 242 1
242 243 1
243 244 1
244 245 1
245 246 1
246 247 1
247 248 1
248 249 1
249 250 1
250 251 1
251 252 1
252 253 1
253 254 1
254 255 1
255 256 1
256 257 1
257 258 1
258 259 1
259 260 1
260 261 1
261 262 1
262 263 1
263 264 1
264 265 1
265 266 1
266 267 1
267 268 1
268 269 1
269 270 1
270 271 1
271 272 1
272 273 1
273 274 1
274 275 1
275 276 1
276 277 1
277 278 1
278 279 1
279 280 1
280 281 1
281 282 1
282 283 1
283 284 1
284 285 1
285 286 1
286 287 1
287 288 1
288 289 1
289 290 1
290 291 1
291 292 1
292 293 1
293 294 1
294 295 1
295 296 1
296 297 1
297 298 1
298 299 1
299 300 1
300 301 1
301 302 1
302 303 1
303 304 1
304 305 1
305 306 1
306 307 1
307 308 1
308 309 1
309 310 1
310 311 1
311 312 1
312 313 1
313 314 1
314 315 1
315 316 1
316 317 1
317 318 1
318 319 1
319 320 1
320 321 1
321 322 1
322 323 1
323 324 1
324 325 1
325 326 1
326 327 1
327 328 1
328 329 1
329 330 1
330 331 1
331 332 1
332 333 1
333 334 1
334 335 1
335 336 1
336 337 1
337 338 1
338 339 1
339 340 1
340 341 1
341 342 1
342 343 1
343 344 1
344 345 1
345 346 1
346 347 1
347 348 1
348 349 1
349 350 1
350 351 1
351 352 1
352 353 1
353 354 1
354 355 1
355 356 1
356 357 1
357 358 1
358 359 1
359 360 1
360 361 1
361 362 1
362 363 1
363 364 1
364 365 1
365 366 1
366 367 1
367 368 1
368 369 1
369 370 1
370 371 1
371 372 1
372 373 1
373 374 1
374 375 1
375 376 1
376 377 1
377 378 1
378 379 1
379 380 1
380 381 1
381 382 1
382 383 1
383 384 1
384 385 1
385 386 1
386 387 1
387 388 1
388 389 1
389 390 1
390 391 1
391 392 1
392 393 1
393 394 1
394 395 1
395 396 1
396 397 1
397 398 1
398 399 1
399 400 1
400 401 1
401 402 1
402 403 1
403 404 1
404 405 1
405 406 1
406 407 1
407 408 1
408 409 1
409 410 1
410 411 1
411 412 1
412 413 1
413 414 1
414 415 1
415 416 1
416 417 1
417 418 1
418 419 1
419 420 1
420 421 1
421 422 1
422 423 1
423 424 1
424 425 1
425 426 1
426 427 1
427 428 1
428 429 1
429 430 1
430 431 1
431 432 1
432 433 1
433 434 1
434 435 1
435 436 1
436 437 1
437 438 1
438 439 1
439 440 1
440 441 1
441 442 1
442 443 1
443 444 1
444 445 1
445 446 1
446 447 1
447 448 1
448 449 1
449 450 1
450 451 1
451 452 1
452 453 1
453 454 1
454 455 1
455 456 1
456 457 1
457 458 1
458 459 1
459 460 1
460 461 1
461 462 1
462 463 1
463 464 1
464 465 1
465 466 1
466 467 1
467 468 1
468 469 1
469 470 1
470 471 1
471 472 1
472 473 1
473 474 1
474 475 1
475 476 1
476 477 1
477 478 1
478 479 1
479 480 1
480 481 1
481 482 1
482 483 1
483 484 1
484 485 1
485 486 1
486 487 1
487 488 1
488 489 1
489 490 1
490 491 1
491 492 1
492 493 1
493 494 1
494 495 1
495 496 1
496 497 1
497 498 1
498 499 1
499 500 1
500 501 1
501 502 1
502 503 1
503 504 1
504 505 1
505 506 1
506 507 1
507 508 1
508 509 1
509 510 1
510 511 1
511 512 1
512 513 1
513 514 1
514 515 1
515 516 1
516 517 1
517 518 1
518 519 1
519 520 1
520 521 1
521 522 1
522 523 1
523 524 1
524 525 1
525 526 1
526 527 1
527 528 1
528 529 1
529 530 1
530 531 1
531 532 1
532 533 1
533 534 1
534 535 1
535 536 1
536 537 1
537 538 1
538 539 1
539 540 1
540 541 1
541 542 1
542 543 1
543 544 1
544 545 1
545 546 1
546 547 1
547 548 1
548 549 1
549 550 1
550 551 1
551 552 1
552 553 1
553 554 1
554 555 1
555 556 1
556 557 1
557 558 1
558 559 1
559 560 1
560 561 1
561 562 1
562 563 1
563 564 1
564 565 1
565 566 1
566 567 1
567 568 1
568 569 1
569 570 1
570 571 1
571 572 1
572 573 1
573 574 1
574 575 1
575 576 1
576 577 1
577 578 1
578 579 1
579 580 1
580 581 1
581 582 1
582 583 1
583 584 1
584 585 1
585 586 1
586 587 1
587 588 1
588 589 1
589 590 1
590 591 1
591 592 1
592 593 1
593 594 1
594 595 1
595 596 1
596 597 1
597 598 1
598 599 1
599 600 1
600 601 1
601 602 1
602 603 1
603 604 1
604 605 1
605 606 1
606 607 1
607 608 1
608 609 1
609 610 1
610 611 1
611 612 1
612 613 1
613 614 1
614 615 1
615 616 1
616 617 1
617 618 1
618 619 1
619 620 1
620 621 1
621 622 1
622 623 1
623 624 1
624 625 1
625 626 1
626 627 1
627 628 1
628 629 1
629 630 1
630 631 1
631 632 1
632 633 1
633 634 1
634 635 1
635 636 1
636 637 1
637 638 1
638 639 1
639 640 1
640 641 1
641 642 1
642 643 1
643 644 1
644 645 1
645 646 1
646 647 1
647 648 1
648 649 1
649 650 1
650 651 1
651 652 1
652 653 1
653 654 1
654 655 1
655 656 1
656 657 1
657 658 1
658 659 1
659 660 1
660 661 1
661 662 1
662 663 1
663 664 1
664 665 1
665 666 1
1 3 1
666 2 1
305 561 258
94 425 331
558 611 54
463 573 111
198 221 25
449 615 168
116 609 494
228 51 179
466 344 122
513 643 130
445 470 27
75 18 58
470 523 53
279 56 225
203 21 183
499 265 236
69 398 331
169 547 380
644 597 48
466 533 68
218 302 85
293 419 126
74 234 161
329 589 261
168 253 85
114 605 492
93 127 34
154 435 283
617 438 181
258 456 199
631 440 193
465 132 334
519 373 146
15 89 74
253 490 238
485 90 397
487 5 483
135 193 59
371 59 312
153 608 455
361 167 196
122 330 210
391 27 366
214 410 196
333 474 141
617 77 540
153 561 409
436 145 292
92 554 462
432 125 308
478 249 230
286 20 267
114 162 50
96 622 526
310 598 288
101 339 240
14 288 274
203 629 428
405 302 105
653 606 48
197 274 78
629 366 263
453 331 123
520 150 371
547 189 358
514 517 5
275 447 173
287 144 144
207 469 264
110 539 431
374 129 247
475 407 69
145 302 158
661 31 630
476 56 421
587 397 190
462 124 338
286 478 193
610 340 271
13 172 161
355 626 272
563 400 163
228 534 306
56 183 127
42 554 512
494 217 278
268 29 240
31 315 286
653 272 383
30 491 463
416 657 241
102 534 433
541 57 485
597 518 79
521 121 400
453 354 101
579 333 246
591 8 584
351 254 98
543 487 57
466 312 154
284 254 30
124 252 129
651 385 267
418 222 197
611 146 465
592 77 516
134 639 506
5 475 472
574 581 7
625 167 459
136 313 178
486 371 117
524 630 107
86 442 356
372 74 298
422 289 135
340 601 263
523 389 135
249 170 79
343 369 26
37 56 20
158 40 118
27 11 17
338 101 238
59 244 186
373 172 201
242 372 132
569 132 437
229 93 138
298 369 72
181 213 34
239 395 157
160 217 57
611 145 468
464 365 101
111 120 11
490 254 237
143 389 246
515 255 260
293 257 37
386 138 249
346 653 307
287 426 139
349 8 343
132 406 275
295 63 234
41 194 154
134 240 106
362 475 113
305 169 138
278 111 167
223 289 67
87 578 491
646 183 464
239 150 89
135 395 261
285 146 141
557 261 298
134 220 86
78 37 42
369 502 134
318 367 49
136 266 132
217 252 35
432 36 397
599 92 509
562 309 255
198 362 164
448 587 140
326 546 220
411 307 105
463 473 12
349 377 30
276 315 41
169 542 373
405 223 184
260 251 9
100 505 405
448 569 121
16 31 17
19 319 301
368 60 308
270 68 204
393 479 87
379 291 89
98 563 465
99 50 50
78 85 8
216 631 415
290 166 125
402 31 373
221 48 175
41 56 16
121 601 482
23 479 457
378 159 219
353 521 169
553 360 193
349 449 100
5 562 558
418 629 213
544 176 368
261 666 407
593 10 585
121 411 292
170 286 116
121 444 325
179 612 433
422 105 317
163 619 456
183 184 1
35 442 409
617 623 7
200 303 105
425 9 418
246 274 30
371 560 190
301 593 293
259 327 70
123 209 86
641 180 462
17 212 197
140 534 396
318 262 58
37 395 359
604 421 183
580 370 210
142 290 150
78 224 147
666 613 54
17 59 42
559 409 151
430 80 352
68 496 429
215 128 88
132 310 180
116 637 521
143 398 255
179 302 124
207 258 51
188 10 179
398 121 278
170 374 205
50 84 35
524 530 7
347 241 108
631 295 337
179 173 8
232 446 216
66 372 306
493 369 124
539 494 47
114 383 270
194 274 80
528 295 235
459 473 15
269 509 242
476 315 163
341 65 276
635 212 424
329 70 261
540 485 55
130 360 232
243 81 163
627 258 369
169 651 484
558 603 45
108 651 545
111 236 127
54 272 219
506 338 168
38 564 528
533 267 267
601 445 158
276 488 213
591 110 482
7 161 155
21 265 246
614 465 150
462 263 201
362 303 61
283 368 86
524 257 269
217 173 45
655 353 302
485 46 439
23 401 378
9 131 122
338 369 33
323 578 255
631 45 587
657 296 361
264 138 126
243 641 400
646 205 443
471 370 102
642 89 554
18 47 30
168 115 55
39 28 12
60 284 225
90 116 27
561 289 273
363 140 225
26 100 75
187 352 165
115 487 373
477 180 297
225 638 414
455 307 149
126 219 94
273 123 152
161 201 42
380 55 327
280 236 46
295 590 297
610 530 81
451 140 311
96 372 278
641 302 339
315 542 227
47 199 153
51 321 272
606 222 386
232 550 319
488 192 296
240 482 242
615 224 392
451 332 121
374 188 188
169 398 229
101 145 45
80 625 547
235 180 55
