200 1 0
51078
81046
18897
64489
-95656
-96195
29571
68817
30910
54646
12513
-93160
99489
-27828
65301
51097
-96921
596
47050
39940
98950
6621
3418
27536
-84474
-47733
9009
1406
-35047
21275
-85490
7768
-78136
16412
-27988
-889
75419
3574
-69747
62420
-63929
41694
18676
76612
91952
-93238
565
-35957
-10687
22188
-89975
99779
96205
-80945
26032
-14135
29078
-811
82181
-97165
74002
-57334
87000
83119
43547
-4614
-75303
75609
-37203
-54393
-54578
-81153
17605
83025
-62905
-14365
71488
-29736
12372
37257
97745
70099
-46476
-18649
-87281
-46407
24455
89706
9071
5629
25817
-94327
-32722
-86516
76793
59955
12361
3602
-18255
-29211
-38340
38364
5931
12853
33036
-75761
-80614
-37897
20076
-31650
-19050
-80157
6203
61778
-54522
35810
62476
56841
-80845
11599
-12661
20055
5721
-84660
32732
31228
-32195
50018
3570
46284
43431
84485
18742
54656
28410
-49117
47977
-10603
25228
78676
66826
-25969
43899
3644
49726
56504
4703
18920
21567
-52863
-64860
78537
-89878
57353
57500
72348
-51149
-73658
14756
64212
-86037
51654
74224
-33286
46342
33523
80682
-93577
-10422
-99028
93215
80168
-12073
-76255
-52234
-84289
-90775
-96930
89442
63245
83179
-45466
73
93643
86519
-10530
45803
-47553
-40278
-68811
39829
-99890
36139
-63518
-35000
-56065
24303
27868
-16855
-92056
