200 1 10
45489
-89080
-27927
-12270
37469
3047
-92824
-86308
-76713
-50022
-76289
96663
77150
97154
9539
-14401
-8221
-25693
27317
23465
42899
-61332
60091
13593
-53579
-51788
55083
63898
93184
71691
49620
12511
69780
-18906
64067
50659
98152
-75747
53598
-26412
-97742
7512
39841
-22470
65477
-52118
5143
41119
-96825
97010
95582
91368
33451
2750
-71314
-56518
-83125
-96995
29135
-79503
-62568
8534
-89585
138
88092
-30683
58765
42927
-68445
-62073
-55651
59491
-27890
4300
-87489
78756
-52714
-31594
-17754
42999
9078
-7333
97344
-97056
79964
2832
50257
68749
-78923
-65392
-74490
-90266
98512
13460
84223
29141
-35397
-31113
99012
88178
12834
-42419
65246
-88121
-82833
46810
3939
93005
-76941
76713
50533
67250
-1049
96030
-615
-47984
60598
50501
-97152
93112
72834
99275
-43179
61497
10305
-86239
-50992
4044
5363
90211
-80622
15316
-54335
-84005
-27617
-95182
-92346
-27573
75198
-55611
-34170
61443
-39562
-4212
-93291
-19114
-27385
-89766
74346
10514
-18843
-19225
-99017
32915
-72976
95954
-11375
-35557
36111
-19416
48412
-24253
-74796
-70223
-2193
92133
-32706
58410
-83988
91417
58382
30089
-55774
12828
-86348
-11
-85073
1447
-83613
8800
-29548
-84487
-26673
-45252
-11489
57939
85660
90018
-18103
42894
93897
-96283
-73418
-42879
-93317
15744
39769
77888
-27949
-4438
