533369929
533369929
533369929
533369929
176658239
176658239
176658239
717346754
717346754
738835885
738835885
610389174
303346053
142842779
142842779
142842779
457970682
76145689
789320302
77622013
77622013
77622013
77622013
906983500
878143234
246113488
246113488
246113488
246113488
840222967
840222967
225108483
335517739
335517739
657255873
657255873
172385293
110649664
110649664
389944578
559772384
559772384
879876776
879876776
879876776
504754007
504754007
991524686
991524686
991524686
991524686
991524686
991524686
108517545
108517545
108517545
431850098
431850098
496846298
150464599
314919701
314919701
836976251
660901148
660901148
660901148
680564591
553330885
553330885
553330885
627325400
531363619
531363619
531363619
633237467
633237467
633237467
777516937
777516937
116705223
301818044
301818044
879045688
879045688
399180879
556627182
396676115
396676115
396676115
22505980
22505980
421923274
167179330
167179330
635544949
139044414
493521313
493521313
901747385
901747385
875041059
875041059
87299202
87299202
895285415
895285415
726612871
416653127
416653127
416653127
416653127
416653127
634246760
546620367
546620367
546620367
719821337
719821337
180159976
180159976
229631580
662539951
637189265
637189265
637189265
637189265
637189265
333209592
697754247
442552137
326959073
326959073
924688856
197322983
844763438
847784694
847784694
217348651
217348651
217348651
858598471
858598471
858598471
213348253
213348253
987622499
387722549
150622543
150622543
331473861
331473861
883295220
883295220
883295220
856002492
856002492
856002492
426336595
720021090
168701751
422053926
422053926
422053926
688864591
688864591
152331187
152331187
861842775
861842775
876771886
979728684
917242499
44403605
128976728
540559535
540559535
540559535
540559535
962283526
962283526
962283526
388445240
260755303
260755303
396185668
290419124
290419124
290419124
290419124
369938105
634367543
675586760
675586760
675586760
996210187
952054724
952054724
952054724
95048533
95048533
29745812
29745812
252933460
252933460
252933460
179195243
49501281
638812961
424488694
424488694
424488694
424488694
424488694
424488694
424488694
594108638
437720880
437720880
437720880
437720880
195365791
992660079
992660079
187829197
187829197
187829197
187829197
187829197
211644591
211644591
209701628
677126947
677126947
290489572
909070171
909070171
909070171
909070171
738966376
686233913
57363653
480452445
817505323
386614949
386614949
386614949
386614949
2329090
90653433
498883460
814360779
559415761
363705176
235421943
303063160
634558668
58913117
27674666
562731846
814904060
666650471
666650471
666650471
773346395
773346395
592693489
592693489
746403488
746403488
746403488
426828114
426828114
652503344
870018584
870018584
870018584
870018584
870018584
57093993
57093993
57093993
173372307
377628461
377628461
468688441
557041488
40235623
40235623
885428887
976833801
943769858
937849209
453292461
453292461
835115674
273981568
183351878
405555283
405555283
405555283
665741673
665741673
665741673
665741673
665741673
517787684
854344262
499659301
499659301
499659301
499659301
499659301
487833036
16828220
16828220
16828220
515551983
515551983
726866719
726866719
309446698
76097834
274267123
324670394
324670394
539711296
539711296
184524167
184524167
858458804
858458804
580336821
927603449
927603449
88790638
429154022
429154022
429154022
429154022
467939414
467939414
467939414
467939414
574191366
459322079
94354839
630525532
851465444
851465444
105766475
105766475
105766475
825494425
825494425
168969824
168969824
145126435
145126435
826020088
706070782
706070782
192539413
192539413
192539413
192539413
192539413
652970459
652970459
652970459
652970459
380628144
380628144
380628144
728302979
728302979
728302979
728302979
859792237
859792237
668308926
599972674
599972674
599972674
379409603
379409603
379409603
379409603
379409603
786122210
823150565
823150565
17487858
374518549
374518549
374518549
374518549
200929762
662862327
662862327
260753625
203258060
386551053
664786403
189220719
593919297
593919297
593919297
593919297
593919297
593919297
593919297
593919297
475711133
475711133
504727310
124791206
11500733
935635496
936413929
512507798
512507798
16197249
16197249
16197249
16197249
467907425
85597020
85597020
85597020
22695943
914646779
162070153
315470703
315470703
498745319
498745319
224932716
224932716
224932716
224932716
224932716
224932716
224932716
224932716
224932716
224932716
224932716
95814131
95814131
148885016
148885016
148885016
148885016
148885016
855396558
171805135
171805135
142553532
142553532
142553532
63246914
972715225
283844971
36083246
109132289
109132289
241010020
15084063
15084063
998738366
856589210
756033083
756033083
756033083
269403492
269403492
269403492
920692599
346021875
346021875
175508351
317378140
881312663
881312663
962677233
457133366
457133366
976166786
976166786
306897490
