10 999
321151416 964591504 473584143 990942624 576850059 813662272 34077287 170024381 933176839 985116577
2 5 5
1 1 41115800
1 8 98789484
2 2 6
2 6 7
1 6 328203106
2 7 10
1 6 130133304
1 8 679194422
1 9 773024582
1 1 154467924
2 1 6
2 3 10
1 1 432005472
2 4 10
1 4 783814842
2 3 8
2 7 8
2 1 4
1 6 256216775
1 4 946963806
2 8 8
1 6 352096624
1 2 829493286
1 3 12996565
2 2 3
1 4 673766455
2 5 7
1 2 826713360
2 1 6
1 8 331916422
1 10 147485371
1 3 511113350
1 6 541838038
2 7 9
2 6 6
2 4 5
2 2 8
1 3 444395254
1 10 552808695
1 2 771563969
2 7 8
2 3 9
2 2 10
1 8 125207736
2 4 6
2 5 6
1 4 330269850
1 1 376822605
2 4 9
1 6 794259216
1 2 525902998
2 1 9
2 4 7
1 10 616068354
1 10 793972899
2 9 9
1 9 390840843
1 8 853453702
2 7 8
1 5 496368977
1 8 466639901
1 7 622579019
2 3 9
1 3 363653812
1 9 529206187
2 4 8
2 3 8
2 7 7
1 9 10198250
2 5 6
2 2 5
1 6 23187037
1 7 170697825
2 3 5
2 2 9
2 1 1
2 2 7
1 7 813479031
2 4 6
2 9 9
2 1 3
2 1 9
2 4 6
2 4 7
2 4 7
1 1 34903944
2 5 8
1 9 653797245
1 8 836409992
2 5 9
1 6 773922498
1 2 946832956
1 1 727449482
1 1 839029365
1 7 572813090
1 6 880562243
2 2 8
2 8 8
1 10 779829124
2 1 7
2 9 9
2 6 10
1 3 396488824
2 4 5
2 5 7
2 3 9
1 8 824367262
2 1 4
2 2 10
1 1 595977212
2 4 10
1 6 468917467
2 7 8
2 6 6
1 5 873195630
2 10 10
2 9 10
1 3 870021828
2 3 5
2 5 9
1 8 257516588
2 5 8
2 4 7
1 4 987056015
2 5 9
1 6 52826564
1 8 473894894
2 9 9
2 5 6
2 3 9
1 5 431084523
2 7 9
2 3 7
1 2 255754290
1 1 447029689
2 3 9
1 3 844675737
1 1 738910375
1 2 677596312
2 1 3
1 5 749552244
2 4 7
2 10 10
2 6 6
2 6 10
1 7 66775102
1 2 215729654
2 2 5
2 2 10
1 3 600228469
1 7 767581406
1 7 569063915
1 10 243182775
2 1 8
1 8 113880742
1 7 582520076
2 7 10
2 10 10
2 5 8
2 1 10
1 8 330391863
2 4 10
1 2 481710726
1 2 876675775
2 5 6
1 1 69537862
1 5 133930917
1 3 445004825
2 4 10
1 8 274216125
2 1 4
2 4 8
1 4 528794552
1 4 377694676
2 3 7
1 1 660436590
1 1 50820769
1 5 658575773
2 5 8
2 1 2
1 9 39669535
2 1 6
2 6 9
1 4 536339595
1 3 999787498
2 3 8
2 9 10
2 6 9
2 7 8
1 10 786096082
2 2 10
1 5 177323191
2 2 5
1 1 714216343
2 3 8
2 2 7
2 6 7
1 8 805987183
2 3 5
2 3 10
1 7 570054638
2 5 6
1 6 901927093
2 4 5
2 5 10
1 5 915099049
2 5 6
1 3 764026521
2 3 4
1 4 332584633
1 4 976377090
1 10 441297638
1 4 685966359
2 9 10
1 4 334580093
2 2 5
2 7 7
2 4 10
1 5 615740055
1 1 767984514
1 10 257943543
2 5 7
2 1 2
2 7 10
2 3 5
1 8 438011578
2 6 10
2 3 6
2 5 8
2 3 7
1 8 726507135
2 2 3
2 5 9
1 1 915635088
2 2 9
1 7 732213493
1 8 28494204
2 4 10
2 9 10
2 2 3
1 2 885572516
2 3 9
2 4 10
2 1 6
2 2 5
2 8 8
1 6 982684669
1 4 323202912
1 6 64474948
1 8 760159321
2 2 9
2 8 9
2 1 5
1 7 127893365
1 7 149485039
1 9 284733441
1 4 225782035
1 4 448221755
1 3 750150921
1 1 385618110
1 2 963183344
2 6 7
2 4 9
1 10 560237424
2 5 8
1 8 351987662
2 4 7
1 7 243990218
1 8 850142077
1 4 192560097
2 8 9
2 2 4
2 1 3
2 3 4
1 2 969272410
1 10 365321352
1 8 165429078
1 10 134443214
1 5 895921225
1 7 746129684
2 4 5
2 4 4
1 1 907822741
1 6 763194268
1 10 717662953
1 3 406931902
1 10 54000100
1 3 356000407
2 1 10
1 6 239708632
1 3 136357872
1 1 375965936
2 1 10
2 3 7
2 7 10
1 5 440530309
1 4 735716964
2 3 10
2 5 6
1 3 671339177
2 1 3
1 1 596502981
2 9 10
2 3 8
2 4 8
1 8 529204222
1 4 322988483
2 9 10
1 6 927626524
1 4 475621129
2 2 4
2 9 10
1 10 457152060
2 5 10
1 8 554341433
2 2 4
2 2 7
1 8 493958317
2 3 4
1 7 964486863
1 9 472085403
2 1 7
1 2 986098123
2 4 9
1 7 359057773
2 1 6
1 7 986807947
1 2 951482283
2 1 3
2 9 9
2 6 9
2 1 8
1 6 979328125
2 2 5
1 6 903042182
1 2 981798228
1 5 379335623
2 1 2
1 10 503471103
2 1 4
2 7 10
2 5 6
1 7 881656642
2 2 8
1 9 483551987
1 3 302977350
2 2 10
1 5 752539996
2 5 10
1 2 657189377
1 4 560157183
2 4 10
2 5 9
1 8 67549291
2 1 3
1 8 801256736
2 6 10
2 4 9
1 5 628338491
2 3 8
2 2 3
2 6 6
2 1 4
2 2 7
2 4 8
2 7 7
1 3 949280438
1 4 370053445
2 1 4
2 8 10
1 3 332169423
1 8 978915816
1 9 59657654
1 4 197284895
1 6 120997231
1 2 316598872
1 1 61487825
1 4 285339418
1 6 740601226
2 2 3
1 3 162795231
1 7 588903802
1 8 423419813
1 7 786561827
1 1 615346559
1 6 151959264
1 4 805657946
1 10 811088542
2 6 8
1 5 254012706
1 1 497657558
2 7 9
1 7 745072283
2 1 4
2 2 8
1 10 77773820
1 5 502747258
1 2 664080272
1 5 18625986
1 10 263221048
2 4 7
1 8 512336362
1 8 94807537
2 8 9
1 7 12737034
2 1 10
1 10 795001448
2 10 10
1 7 367840662
2 3 3
2 4 6
2 3 4
2 3 3
2 2 8
2 2 10
1 6 322698430
2 1 8
1 10 371617907
2 1 2
2 9 9
2 7 7
2 1 6
2 1 3
1 9 86425605
1 3 845420860
2 7 9
2 6 9
1 7 193852800
1 3 444651191
2 6 9
1 2 394198377
1 6 44892908
1 10 569027035
1 10 166683187
1 5 548012839
2 8 10
2 3 7
1 9 147817227
1 7 654779372
2 1 8
1 5 194193667
1 4 886082953
1 8 892826089
1 8 511785073
2 1 2
1 3 767117276
2 3 9
1 9 537148155
1 1 732030657
2 3 8
1 10 173732790
1 7 848788262
2 2 5
1 7 67025331
2 2 7
2 8 8
2 4 5
2 8 10
2 2 10
1 9 727457228
1 8 274300276
2 7 9
1 10 46426988
1 4 413395490
1 2 73452155
1 6 720531001
1 2 801189425
1 8 650801867
2 5 8
2 1 10
1 2 299975611
1 8 278052760
2 1 3
1 6 706439589
1 2 192738013
1 6 305084874
1 6 820563630
2 1 8
2 1 4
1 5 581981081
1 3 198368900
2 1 8
1 7 150743185
1 9 466348975
2 8 8
2 3 9
2 2 3
2 1 2
1 9 311843283
2 6 8
2 6 8
2 2 2
1 3 201391727
1 10 547407947
1 3 986271113
2 4 9
1 4 205979731
2 5 6
1 10 937181901
1 1 870312458
1 4 182936609
1 4 293001163
2 2 6
2 7 9
1 9 724297426
2 2 4
1 2 327272788
1 1 924592781
1 7 205198129
1 5 181273555
1 6 640668430
1 4 970032216
2 7 9
2 1 10
2 2 9
2 4 10
1 1 882874959
1 6 788848025
2 1 9
1 1 151571450
1 5 561077066
2 2 7
1 1 141643661
1 5 981699522
1 5 812481898
2 6 8
1 8 401800578
1 5 980997136
2 1 1
2 2 2
2 6 7
1 4 79624193
2 4 7
2 1 5
2 5 5
2 5 8
2 1 4
1 10 873098852
2 2 9
2 5 9
1 2 711180692
1 10 894708806
1 10 562729437
2 7 9
2 7 9
1 8 48738017
1 10 297210464
2 1 4
2 5 10
2 1 5
2 2 7
1 5 125907865
2 6 10
1 1 434231244
2 9 9
2 9 10
1 10 486479397
2 9 10
1 2 217511190
1 3 366903882
2 3 8
2 8 9
2 2 8
2 2 3
2 2 8
2 6 9
2 4 7
1 4 152303123
1 1 738669117
2 8 8
2 1 8
2 4 4
1 4 70758294
1 9 523175775
2 4 5
2 3 5
2 4 6
1 7 394057286
2 3 9
1 1 714860900
1 2 852097471
1 2 401711315
1 1 304005573
1 3 719496521
1 1 379436365
2 2 8
1 7 119351032
1 8 39347164
1 7 235266654
1 4 956558645
2 2 3
2 9 10
1 2 285467300
2 7 8
1 6 980241302
2 2 4
1 6 573215393
2 8 9
1 6 253028584
1 3 639193715
1 4 315662126
1 9 41286872
1 1 521350989
1 5 339556556
1 1 234988279
1 1 209684189
1 10 719217068
2 8 10
1 2 963936251
2 7 10
2 7 9
2 9 9
2 6 6
1 7 909493072
2 1 8
2 2 8
1 10 793932633
1 7 931695070
2 5 5
1 8 218626135
1 9 919741911
1 7 57965837
2 4 8
2 1 8
2 2 3
2 8 9
2 2 9
1 10 197993408
2 3 4
2 3 9
1 5 976463472
2 2 9
1 8 516070726
2 6 6
1 6 412418898
2 4 5
1 6 740276599
1 2 416908416
1 7 733454892
1 10 632572834
1 10 779476147
1 10 212201895
2 3 10
2 5 5
2 3 6
2 3 5
2 2 3
2 1 4
2 1 7
2 4 9
2 3 5
2 2 5
2 1 10
2 6 9
2 4 7
1 3 634390781
2 1 3
1 2 876355814
2 9 10
2 8 10
2 5 5
2 6 8
2 2 3
1 8 642232073
2 5 8
1 7 112416002
1 3 72899993
2 3 8
1 3 290936535
2 3 6
2 1 8
1 10 814432584
1 5 776434498
2 6 10
1 4 751124326
1 2 289443068
2 6 7
2 4 10
1 10 659551588
2 1 5
2 6 7
2 6 6
2 1 2
1 7 231561961
2 2 6
1 8 625243022
2 1 10
2 3 8
1 6 449883878
2 3 8
1 7 448269709
2 6 10
1 1 724227275
1 3 212267786
1 10 834695072
1 9 227671741
1 10 466561004
2 8 10
2 6 7
1 1 539883711
1 4 4603606
1 5 175360310
1 7 625061150
2 7 8
1 7 619630952
1 4 58609022
2 2 8
2 9 10
2 3 3
2 1 1
1 6 459655280
2 2 2
2 2 9
2 7 9
2 7 7
1 5 324005504
1 1 577304893
1 2 15840182
2 2 10
2 7 10
1 1 104051776
1 1 704794378
1 2 18905136
1 10 268399873
1 3 730164919
1 9 455795258
1 9 805734602
2 3 5
1 4 101834746
2 4 6
2 4 8
1 8 967707746
2 2 8
2 2 10
2 2 2
1 3 746068023
1 10 449873638
2 7 7
2 1 10
1 8 721523082
2 7 9
1 7 681945241
2 7 8
2 6 10
2 3 7
2 2 3
2 3 5
2 2 8
2 2 3
2 6 8
2 1 2
1 9 341055867
1 5 337770193
2 4 5
1 10 894995558
1 9 489811722
2 3 7
1 7 113229087
2 3 10
1 10 127930298
1 5 566825007
1 10 459568723
2 2 6
1 5 543994223
2 4 5
1 8 702859137
1 10 182981373
1 6 280690944
1 5 265150330
1 9 258359241
1 3 885302149
2 5 7
1 5 32037758
1 8 178962561
1 9 236833480
1 3 403879636
2 3 10
2 2 9
1 2 848087689
2 3 7
2 6 6
1 2 509206679
2 3 6
2 9 10
1 2 737492570
2 8 10
2 6 10
1 8 64430539
1 7 328430045
2 4 5
2 8 8
1 7 104716418
1 10 226995275
1 8 916908659
2 4 6
2 2 3
2 8 10
1 5 678087710
1 7 926210726
2 3 4
1 2 340983527
2 1 5
2 5 8
1 9 522556797
2 1 3
1 8 968001726
1 9 960429462
2 3 5
2 2 4
1 8 642747728
2 4 8
2 3 4
1 2 78475996
1 3 693626575
2 5 10
1 2 211481920
1 2 546366617
2 2 5
2 1 10
2 2 6
1 5 795085463
2 4 6
2 1 4
2 1 2
2 10 10
1 2 410729216
2 2 7
2 2 3
1 8 711328266
1 6 832591201
1 4 113151434
2 2 7
1 1 562800874
2 3 7
2 7 10
2 5 10
1 7 328796130
1 10 512973071
2 6 8
1 5 89509175
2 3 7
1 3 325584700
1 6 157711913
2 3 9
1 6 965669904
2 4 8
1 4 591172182
2 3 3
1 2 902460752
2 5 8
1 8 635879934
2 6 10
2 5 9
1 9 685460364
2 2 5
2 8 9
2 7 9
2 7 7
2 5 9
2 9 10
1 5 885406053
1 8 778558728
1 10 425252905
2 4 5
2 2 10
1 9 433762677
1 6 691623537
1 9 255316694
2 3 5
1 5 949588279
2 8 8
2 10 10
2 6 7
1 10 827731509
2 1 2
2 2 4
1 2 485528194
2 9 10
1 10 600003130
2 6 6
1 3 35701310
2 6 8
2 3 9
1 3 250963431
1 8 211208985
2 9 10
2 6 8
2 5 10
1 3 839740299
2 3 8
2 7 9
2 2 8
2 2 7
1 7 767956181
1 7 172802947
2 4 4
2 6 9
2 3 6
1 6 434607782
1 10 476449768
2 9 9
2 1 7
2 1 5
2 2 3
1 5 53331983
2 4 8
2 1 10
2 1 10
2 8 9
1 2 322427286
1 4 530003194
2 1 2
1 7 935746340
2 6 7
2 2 4
2 2 4
1 1 178708577
1 3 481951349
2 8 9
2 4 5
2 2 4
2 5 10
2 1 7
2 7 9
1 5 480570681
2 10 10
2 5 6
1 4 596110881
1 8 415329791
2 3 5
1 9 423492366
2 5 9
2 4 7
1 4 346691077
1 4 733208699
2 5 10
1 3 71937316
2 8 9
1 4 897482433
2 8 8
2 1 2
2 3 10
1 3 761462869
1 3 877954265
2 5 6
2 3 7
1 9 706981570
2 2 5
2 2 6
2 6 10
2 7 8
2 2 4
2 7 7
2 2 3
1 5 669356720
1 7 965410653
1 4 516564274
1 2 385341919
1 9 560603689
2 1 10
2 2 6
1 9 131766121
1 5 701333866
1 8 822090135
2 4 6
2 4 9
1 2 181670369
2 10 10
1 10 955936448
1 4 922799345
2 3 6
2 4 7
2 5 6
2 4 5
1 1 59312140
1 6 816458787
1 5 829939669
2 1 10
2 5 8
1 4 324871559
2 7 9
1 8 210929715
2 4 10
2 2 6
1 7 620203757
2 4 10
1 6 532366808
2 3 5
2 10 10
2 4 5
2 4 5
2 3 4
2 3 5
1 10 401686090
1 9 642664313
2 5 9
2 5 6
1 6 647088424
