997186358
997186358
990984774
978235578
978235578
998443134
997186358
998443134
998443134
998443134
994191757
998443134
935797630
998443134
997186358
982784450
997186358
997186358
994191757
994191757
990483032
983682885
997186358
997186358
985037549
983682885
983682885
998443134
998443134
998443134
998443134
966257859
998443134
892337816
998443134
998443134
998443134
998443134
979027107
998443134
998443134
979027107
994191757
997186358
997186358
998443134
990483032
983682885
994191757
972730477
994191757
998443134
996088978
998443134
997186358
998443134
998443134
998443134
998443134
983682885
998443134
997186358
998443134
980797044
994191757
998443134
998443134
978235578
998443134
998443134
997186358
998443134
987324140
990984774
997186358
998443134
978235578
998443134
998443134
998443134
998443134
990984774
998443134
998443134
997186358
997186358
998443134
994191757
998443134
997186358
998443134
998443134
985037549
998443134
998443134
998443134
990483032
998443134
967709848
998443134
998443134
998443134
998443134
997186358
998443134
997186358
966257859
972148662
998443134
998443134
998443134
946353796
994191757
998443134
996432732
933617427
998443134
996432732
998443134
998443134
998443134
983682885
998443134
998443134
998443134
998443134
994191757
998443134
972148662
998443134
997186358
998443134
997186358
998443134
998443134
994191757
998443134
983682885
997186358
990483032
998443134
985037549
997186358
998443134
998443134
997186358
997186358
998443134
998443134
982321066
996432732
998443134
998443134
997186358
998443134
998204722
983682885
998443134
997186358
997186358
998443134
998443134
994191757
998443134
996432732
998443134
996432732
998443134
998443134
997186358
985037549
998443134
998204722
998443134
998443134
998443134
998443134
998443134
998443134
990984774
998443134
998443134
998443134
983682885
998443134
855061680
998443134
983682885
998443134
996432732
997186358
998443134
838837293
983682885
998443134
983682885
998443134
998443134
998443134
997186358
998443134
990483032
983682885
998443134
998443134
998443134
997186358
869355623
985037549
985037549
994191757
997186358
998443134
998443134
998443134
990984774
998443134
996432732
998443134
985037549
998443134
998443134
998443134
981300853
997186358
997186358
972148662
983682885
998443134
987324140
949960751
983682885
998443134
997186358
998443134
998204722
997186358
997186358
895096536
998443134
994191757
997186358
997186358
998443134
998443134
997186358
996432732
998443134
997186358
998443134
998443134
998443134
998443134
990984774
997186358
998443134
998443134
998204722
998204722
997186358
985037549
981300853
990483032
998443134
972730477
997186358
998443134
997186358
982784450
998443134
998443134
983682885
998443134
983682885
998443134
998443134
998443134
998443134
998443134
998443134
998443134
998443134
998204722
994191757
990483032
979027107
998443134
998443134
972730477
998443134
998443134
998443134
996088978
998443134
998443134
997186358
996432732
994191757
998443134
997186358
998443134
996088978
998443134
998204722
998443134
997186358
998443134
998443134
998443134
997186358
998443134
998443134
981300853
997186358
998443134
994191757
983682885
994191757
983682885
998443134
985037549
985037549
985037549
998443134
880566145
996432732
998443134
997186358
983682885
994191757
998443134
998204722
997186358
998443134
954692107
997186358
998443134
998443134
998443134
998443134
983682885
998443134
996432732
982784450
998443134
997186358
990984774
997186358
998443134
990984774
982321066
998443134
990984774
998443134
997186358
998443134
998443134
985037549
998443134
997186358
997186358
998204722
972148662
994191757
998443134
985037549
998443134
862118469
982784450
998443134
997186358
997186358
998443134
998443134
998443134
998443134
998443134
996432732
941573218
998443134
996432732
998443134
998443134
998443134
917150905
983682885
998443134
998443134
997186358
996432732
997186358
998443134
998443134
997186358
997186358
997186358
997186358
994191757
998443134
997186358
985037549
998443134
994191757
979027107
998443134
998443134
998443134
935412743
998443134
978010649
996088978
983682885
998443134
998443134
998443134
997186358
998443134
998443134
996088978
983682885
972148662
997186358
998443134
984821601
994191757
998443134
998443134
997186358
996432732
998204722
994191757
983682885
997186358
998443134
997186358
969921133
994191757
996432732
998443134
949957902
998443134
998443134
998443134
998443134
998443134
535049091
981300853
997186358
998443134
983682885
998443134
998204722
998443134
998204722
998443134
977374229
998204722
997186358
994191757
997186358
998443134
977374229
998443134
997186358
994191757
998443134
996432732
997186358
997186358
855785578
998443134
985037549
994191757
979027107
998443134
972730477
933617427
998443134
972148662
990984774
998443134
998443134
998443134
998443134
998443134
983682885
997186358
990984774
997186358
949960751
981300853
998443134
997186358
983682885
998443134
998443134
976188080
998443134
998443134
996088978
996432732
998443134
998443134
997186358
997186358
998443134
998443134
998443134
998443134
983682885
997186358
978010649
978235578
998443134
998443134
946353796
985037549
879290303
978235578
998443134
877944619
996432732
998443134
994191757
998443134
997186358
994191757
985037549
997186358
994191757
998443134
998443134
998443134
998443134
998443134
998443134
981300853
997186358
996088978
994191757
983682885
998443134
997186358
998443134
990984774
997186358
997186358
997186358
990483032
998443134
997186358
998443134
984821601
998443134
997186358
998443134
998443134
994191757
998443134
998443134
998443134
998443134
998443134
998443134
998443134
998443134
990984774
910354658
998443134
998443134
998443134
978235578
998443134
987324140
998443134
994191757
998443134
994191757
998443134
967709848
998443134
998443134
998443134
998443134
998443134
998443134
998443134
998443134
855785578
994191757
998443134
998443134
998204722
998204722
987324140
997186358
998443134
996432732
998443134
983682885
985037549
998443134
997186358
983682885
998443134
996432732
998443134
996088978
998443134
977374229
998443134
981300853
997186358
979027107
998443134
997186358
990483032
972148662
998443134
998443134
994191757
997186358
998443134
997186358
998443134
997186358
997186358
998443134
998443134
998443134
998443134
987324140
998443134
998443134
998443134
997186358
978235578
990483032
996432732
998443134
998443134
990984774
998443134
998443134
972148662
998443134
997186358
998443134
998443134
998443134
998443134
996432732
998443134
997186358
997186358
997186358
981600900
972148662
998443134
997186358
982321066
997186358
998443134
997186358
972148662
998443134
998443134
998443134
998443134
998443134
996088978
997186358
996432732
998443134
981300853
998443134
997186358
997186358
994191757
998443134
997186358
997186358
997186358
998443134
996432732
997186358
998443134
997186358
998443134
983682885
997186358
990984774
997186358
998443134
998443134
935797630
998443134
983682885
998443134
997186358
998443134
998443134
990984774
996432732
982784450
985037549
996088978
932777531
997186358
998443134
997186358
997186358
998443134
998443134
998443134
998443134
996432732
994191757
998443134
997186358
998443134
996432732
998443134
997186358
998443134
998443134
978627062
997186358
972730477
997186358
985037549
998443134
998443134
998443134
994191757
998443134
994191757
998443134
998443134
998443134
983682885
998443134
990483032
996432732
998204722
998443134
997186358
994191757
998204722
998443134
998443134
994191757
997186358
981300853
998443134
997186358
998443134
998443134
972730477
998443134
998443134
814967026
998443134
997186358
997186358
994191757
998443134
998443134
997186358
998443134
985037549
998443134
997186358
998443134
998443134
998443134
998443134
998443134
978235578
994191757
998443134
998443134
997186358
981300853
997186358
998443134
998443134
997186358
997186358
997186358
990984774
997186358
998443134
998443134
996432732
998443134
998443134
998443134
998443134
998443134
997186358
998443134
983682885
998443134
997186358
998443134
985037549
981300853
996088978
985037549
998443134
998443134
996432732
998443134
981600900
983682885
998443134
990483032
983682885
998443134
994191757
983682885
982784450
994191757
998443134
998443134
997186358
509942189
998443134
997186358
998443134
990483032
978235578
998443134
998443134
998443134
998443134
997186358
996432732
998443134
998443134
977374229
998443134
997186358
998443134
978235578
998443134
997186358
998443134
998443134
997186358
994191757
983682885
997186358
990984774
972148662
997186358
998443134
998443134
983682885
994191757
877944619
997186358
997186358
998443134
997186358
994191757
996088978
998443134
998443134
998443134
998443134
879290303
998443134
998443134
994191757
982321066
998443134
985037549
994191757
998443134
994191757
998443134
967709848
994191757
998443134
998443134
998443134
994191757
998443134
983682885
998443134
998443134
998443134
996432732
997186358
998443134
998443134
998443134
998443134
998443134
998204722
998443134
990984774
998443134
981300853
997186358
998443134
998443134
998443134
977374229
998443134
998443134
998443134
998443134
998443134
996088978
997186358
998443134
998443134
998443134
998443134
998443134
998443134
998204722
948620599
793100035
994191757
998443134
987324140
998443134
983682885
976188080
998443134
998443134
998443134
982321066
997186358
998204722
997186358
998443134
994191757
997186358
998443134
996432732
998443134
998443134
998443134
998443134
972148662
998443134
997186358
985037549
994191757
917150905
998443134
997186358
998443134
994191757
997186358
997186358
998443134
997186358
998443134
996432732
998443134
990483032
980797044
983682885
997186358
990483032
997186358
998443134
982321066
933617427
994191757
990483032
997186358
998443134
998443134
998443134
997186358
998443134
998443134
820157070
997186358
998443134
977374229
981300853
998443134
990984774
998443134
998443134
998443134
997186358
981300853
917150905
998443134
998443134
994191757
