1 1000
533369929
2 1 1
2 1 1
2 1 1
2 1 1
1 1 551606341
1 1 91830682
1 1 176658239
2 1 1
2 1 1
2 1 1
1 1 62799390
1 1 649640720
1 1 769227624
1 1 717346754
2 1 1
2 1 1
1 1 642487455
1 1 748911448
1 1 738835885
2 1 1
2 1 1
1 1 627086171
1 1 610389174
2 1 1
1 1 303346053
2 1 1
1 1 142842779
2 1 1
2 1 1
2 1 1
1 1 457970682
2 1 1
1 1 65345474
1 1 76145689
2 1 1
1 1 789320302
2 1 1
1 1 77622013
2 1 1
2 1 1
2 1 1
2 1 1
1 1 906983500
2 1 1
1 1 878143234
2 1 1
1 1 246113488
2 1 1
2 1 1
2 1 1
2 1 1
1 1 916421490
1 1 840222967
2 1 1
2 1 1
1 1 225108483
2 1 1
1 1 291447264
1 1 335517739
2 1 1
2 1 1
1 1 657255873
2 1 1
2 1 1
1 1 172385293
2 1 1
1 1 110649664
2 1 1
2 1 1
1 1 786960069
1 1 389944578
2 1 1
1 1 559772384
2 1 1
2 1 1
1 1 879876776
2 1 1
2 1 1
2 1 1
1 1 841960537
1 1 619918885
1 1 211248766
1 1 48501523
1 1 504754007
2 1 1
2 1 1
1 1 478010276
1 1 328155177
1 1 849949546
1 1 271990755
1 1 991524686
2 1 1
2 1 1
2 1 1
2 1 1
2 1 1
2 1 1
1 1 549389243
1 1 733461887
1 1 108517545
2 1 1
2 1 1
2 1 1
1 1 616236448
1 1 431850098
2 1 1
2 1 1
1 1 496846298
2 1 1
1 1 150464599
2 1 1
1 1 314919701
2 1 1
2 1 1
1 1 836976251
2 1 1
1 1 660901148
2 1 1
2 1 1
2 1 1
1 1 680564591
2 1 1
1 1 553330885
2 1 1
2 1 1
2 1 1
1 1 403959742
1 1 448670038
1 1 627325400
2 1 1
1 1 77919232
1 1 531363619
2 1 1
2 1 1
2 1 1
1 1 748198768
1 1 633237467
2 1 1
2 1 1
2 1 1
1 1 616204970
1 1 777516937
2 1 1
2 1 1
1 1 116705223
2 1 1
1 1 52789254
1 1 301818044
2 1 1
2 1 1
1 1 144678399
1 1 879045688
2 1 1
2 1 1
1 1 399180879
2 1 1
1 1 876320616
1 1 556627182
2 1 1
1 1 878386613
1 1 992210136
1 1 396676115
2 1 1
2 1 1
2 1 1
1 1 22505980
2 1 1
2 1 1
1 1 444858587
1 1 849058697
1 1 252386183
1 1 421923274
2 1 1
1 1 700345808
1 1 770504034
1 1 167179330
2 1 1
2 1 1
1 1 635544949
2 1 1
1 1 139044414
2 1 1
1 1 856123093
1 1 493521313
2 1 1
2 1 1
1 1 642123180
1 1 589424585
1 1 429089518
1 1 580739303
1 1 901747385
2 1 1
2 1 1
1 1 875041059
2 1 1
2 1 1
1 1 87299202
2 1 1
2 1 1
1 1 933685426
1 1 339426611
1 1 796691082
1 1 32811190
1 1 169285639
1 1 895285415
2 1 1
2 1 1
1 1 422493235
1 1 726612871
2 1 1
1 1 413765767
1 1 416653127
2 1 1
2 1 1
2 1 1
2 1 1
2 1 1
1 1 601347026
1 1 494870685
1 1 68016316
1 1 826107812
1 1 44240022
1 1 634246760
2 1 1
1 1 546620367
2 1 1
2 1 1
2 1 1
1 1 719821337
2 1 1
2 1 1
1 1 314197926
1 1 478620321
1 1 180159976
2 1 1
2 1 1
1 1 229631580
2 1 1
1 1 662539951
2 1 1
1 1 637189265
2 1 1
2 1 1
2 1 1
2 1 1
2 1 1
1 1 488184979
1 1 333209592
2 1 1
1 1 697754247
2 1 1
1 1 384518247
1 1 442552137
2 1 1
1 1 326959073
2 1 1
2 1 1
1 1 572352458
1 1 898380711
1 1 282671020
1 1 581220752
1 1 105839042
1 1 924688856
2 1 1
1 1 197322983
2 1 1
1 1 844763438
2 1 1
1 1 580165345
1 1 708404900
1 1 847784694
2 1 1
2 1 1
1 1 250835244
1 1 579007124
1 1 653810935
1 1 217348651
2 1 1
2 1 1
2 1 1
1 1 858598471
2 1 1
2 1 1
2 1 1
1 1 213348253
2 1 1
2 1 1
1 1 663039515
1 1 987622499
2 1 1
1 1 635365817
1 1 387722549
2 1 1
1 1 150622543
2 1 1
2 1 1
1 1 331473861
2 1 1
2 1 1
1 1 958819032
1 1 883295220
2 1 1
2 1 1
2 1 1
1 1 856002492
2 1 1
2 1 1
2 1 1
1 1 920862072
1 1 404663007
1 1 848347327
1 1 426336595
2 1 1
1 1 596308648
1 1 720021090
2 1 1
1 1 458796640
1 1 581529442
1 1 168701751
2 1 1
1 1 82027752
1 1 422053926
2 1 1
2 1 1
2 1 1
1 1 117543233
1 1 688864591
2 1 1
2 1 1
1 1 152331187
2 1 1
2 1 1
1 1 861842775
2 1 1
2 1 1
1 1 330456353
1 1 277267805
1 1 869934373
1 1 876771886
2 1 1
1 1 880466437
1 1 979728684
2 1 1
1 1 917242499
2 1 1
1 1 44403605
2 1 1
1 1 758493506
1 1 155527507
1 1 64114534
1 1 455688338
1 1 852688374
1 1 381759636
1 1 128976728
2 1 1
1 1 556704259
1 1 540559535
2 1 1
2 1 1
2 1 1
2 1 1
1 1 962283526
2 1 1
2 1 1
2 1 1
1 1 388445240
2 1 1
1 1 260755303
2 1 1
2 1 1
1 1 443474352
1 1 396185668
2 1 1
1 1 304356477
1 1 798671703
1 1 290419124
2 1 1
2 1 1
2 1 1
2 1 1
1 1 2866740
1 1 127709663
1 1 369938105
2 1 1
1 1 224858919
1 1 634367543
2 1 1
1 1 675586760
2 1 1
2 1 1
2 1 1
1 1 715398553
1 1 733052264
1 1 490709879
1 1 317111172
1 1 601812364
1 1 996210187
2 1 1
1 1 952054724
2 1 1
2 1 1
2 1 1
1 1 95048533
2 1 1
2 1 1
1 1 29745812
2 1 1
2 1 1
1 1 725626583
1 1 477175270
1 1 252933460
2 1 1
2 1 1
2 1 1
1 1 179195243
2 1 1
1 1 49501281
2 1 1
1 1 638812961
2 1 1
1 1 567549494
1 1 424488694
2 1 1
2 1 1
2 1 1
2 1 1
2 1 1
2 1 1
2 1 1
1 1 136336132
1 1 934563492
1 1 70634408
1 1 627953513
1 1 351090303
1 1 594108638
2 1 1
1 1 941039783
1 1 437720880
2 1 1
2 1 1
2 1 1
2 1 1
1 1 515540556
1 1 195365791
2 1 1
1 1 316869937
1 1 56277096
1 1 992660079
2 1 1
2 1 1
1 1 96935043
1 1 187829197
2 1 1
2 1 1
2 1 1
2 1 1
2 1 1
1 1 211644591
2 1 1
2 1 1
1 1 209701628
2 1 1
1 1 777551279
1 1 677126947
2 1 1
2 1 1
1 1 666219529
1 1 290489572
2 1 1
1 1 725085714
1 1 911707945
1 1 114175694
1 1 362179050
1 1 292398380
1 1 550872278
1 1 909070171
2 1 1
2 1 1
2 1 1
2 1 1
1 1 30698956
1 1 999963748
1 1 738966376
2 1 1
1 1 686233913
2 1 1
1 1 57363653
2 1 1
1 1 480452445
2 1 1
1 1 272509599
1 1 214437731
1 1 817505323
2 1 1
1 1 386614949
2 1 1
2 1 1
2 1 1
2 1 1
1 1 2329090
2 1 1
1 1 90653433
2 1 1
1 1 498883460
2 1 1
1 1 814360779
2 1 1
1 1 559415761
2 1 1
1 1 363705176
2 1 1
1 1 235421943
2 1 1
1 1 845581688
1 1 286316433
1 1 303063160
2 1 1
1 1 85192506
1 1 60219201
1 1 634558668
2 1 1
1 1 58913117
2 1 1
1 1 822039773
1 1 27674666
2 1 1
1 1 562731846
2 1 1
1 1 556363255
1 1 586798160
1 1 232552010
1 1 219655464
1 1 560526722
1 1 889440165
1 1 235505170
1 1 814904060
2 1 1
1 1 666650471
2 1 1
2 1 1
2 1 1
1 1 773346395
2 1 1
2 1 1
1 1 412968148
1 1 900027642
1 1 123308733
1 1 63547467
1 1 375195066
1 1 592693489
2 1 1
2 1 1
1 1 481948660
1 1 746403488
2 1 1
2 1 1
2 1 1
1 1 807270557
1 1 426828114
2 1 1
2 1 1
1 1 652503344
2 1 1
1 1 870018584
2 1 1
2 1 1
2 1 1
2 1 1
2 1 1
1 1 449600704
1 1 57093993
2 1 1
2 1 1
2 1 1
1 1 752858189
1 1 762942019
1 1 173372307
2 1 1
1 1 642526380
1 1 588080327
1 1 861338665
1 1 327727372
1 1 157871724
1 1 377628461
2 1 1
2 1 1
1 1 639866503
1 1 236124573
1 1 850445204
1 1 846403128
1 1 814489226
1 1 468688441
2 1 1
1 1 278503709
1 1 639829529
1 1 65807505
1 1 557041488
2 1 1
1 1 40235623
2 1 1
2 1 1
1 1 885428887
2 1 1
1 1 976833801
2 1 1
1 1 118157057
1 1 943769858
2 1 1
1 1 937849209
2 1 1
1 1 449452318
1 1 453292461
2 1 1
2 1 1
1 1 835115674
2 1 1
1 1 39498729
1 1 697590717
1 1 558020368
1 1 166451299
1 1 273981568
2 1 1
1 1 925586605
1 1 202237449
1 1 183351878
2 1 1
1 1 688889781
1 1 405555283
2 1 1
2 1 1
2 1 1
1 1 665741673
2 1 1
2 1 1
2 1 1
2 1 1
2 1 1
1 1 517787684
2 1 1
1 1 158543444
1 1 854344262
2 1 1
1 1 717471700
1 1 201127100
1 1 499659301
2 1 1
2 1 1
2 1 1
2 1 1
2 1 1
1 1 487833036
2 1 1
1 1 16828220
2 1 1
2 1 1
2 1 1
1 1 515551983
2 1 1
2 1 1
1 1 726866719
2 1 1
2 1 1
1 1 309446698
2 1 1
1 1 697276497
1 1 343426748
1 1 76097834
2 1 1
1 1 274267123
2 1 1
1 1 895647375
1 1 55679431
1 1 324670394
2 1 1
2 1 1
1 1 35281332
1 1 980591410
1 1 539711296
2 1 1
2 1 1
1 1 843619130
1 1 912031055
1 1 657843324
1 1 639358331
1 1 184524167
2 1 1
2 1 1
1 1 103293278
1 1 687467551
1 1 37553332
1 1 308125974
1 1 858458804
2 1 1
2 1 1
1 1 580336821
2 1 1
1 1 927603449
2 1 1
2 1 1
1 1 64640453
1 1 88790638
2 1 1
1 1 429154022
2 1 1
2 1 1
2 1 1
2 1 1
1 1 467939414
2 1 1
2 1 1
2 1 1
2 1 1
1 1 574191366
2 1 1
1 1 459322079
2 1 1
1 1 679658785
1 1 60732409
1 1 513193498
1 1 692089955
1 1 94354839
2 1 1
1 1 630525532
2 1 1
1 1 851465444
2 1 1
2 1 1
1 1 947104673
1 1 828096216
1 1 348638678
1 1 672197087
1 1 105766475
2 1 1
2 1 1
2 1 1
1 1 385744447
1 1 825494425
2 1 1
2 1 1
1 1 168969824
2 1 1
2 1 1
1 1 145126435
2 1 1
2 1 1
1 1 814245207
1 1 507880629
1 1 826020088
2 1 1
1 1 706070782
2 1 1
2 1 1
1 1 192539413
2 1 1
2 1 1
2 1 1
2 1 1
2 1 1
1 1 652970459
2 1 1
2 1 1
2 1 1
2 1 1
1 1 532505995
1 1 380628144
2 1 1
2 1 1
2 1 1
1 1 728302979
2 1 1
2 1 1
2 1 1
2 1 1
1 1 737209858
1 1 962010490
1 1 859792237
2 1 1
2 1 1
1 1 668308926
2 1 1
1 1 599972674
2 1 1
2 1 1
2 1 1
1 1 235006555
1 1 379409603
2 1 1
2 1 1
2 1 1
2 1 1
2 1 1
1 1 786122210
2 1 1
1 1 823150565
2 1 1
2 1 1
1 1 597215224
1 1 17487858
2 1 1
1 1 735949437
1 1 374518549
2 1 1
2 1 1
2 1 1
2 1 1
1 1 200929762
2 1 1
1 1 662862327
2 1 1
2 1 1
1 1 665448379
1 1 260753625
2 1 1
1 1 86096329
1 1 203258060
2 1 1
1 1 528523560
1 1 386551053
2 1 1
1 1 664786403
2 1 1
1 1 691894813
1 1 189220719
2 1 1
1 1 593919297
2 1 1
2 1 1
2 1 1
2 1 1
2 1 1
2 1 1
2 1 1
2 1 1
1 1 288667259
1 1 386029978
1 1 610138744
1 1 759208199
1 1 558680616
1 1 153225817
1 1 351225314
1 1 993570460
1 1 475711133
2 1 1
2 1 1
1 1 641700769
1 1 504727310
2 1 1
1 1 558799265
1 1 790797117
1 1 199201381
1 1 134897363
1 1 124791206
2 1 1
1 1 11500733
2 1 1
1 1 935635496
2 1 1
1 1 936413929
2 1 1
1 1 126744865
1 1 512507798
2 1 1
2 1 1
1 1 765196416
1 1 638058542
1 1 16197249
2 1 1
2 1 1
2 1 1
2 1 1
1 1 467907425
2 1 1
1 1 85597020
2 1 1
2 1 1
2 1 1
1 1 22695943
2 1 1
1 1 294807259
1 1 914646779
2 1 1
1 1 792767625
1 1 162070153
2 1 1
1 1 779653100
1 1 668106851
1 1 315470703
2 1 1
2 1 1
1 1 498745319
2 1 1
2 1 1
1 1 224932716
2 1 1
2 1 1
2 1 1
2 1 1
2 1 1
2 1 1
2 1 1
2 1 1
2 1 1
2 1 1
2 1 1
1 1 95814131
2 1 1
2 1 1
1 1 625121353
1 1 532091965
1 1 148885016
2 1 1
2 1 1
2 1 1
2 1 1
2 1 1
1 1 901985480
1 1 347077675
1 1 855396558
2 1 1
1 1 845370995
1 1 639502748
1 1 131129058
1 1 171805135
2 1 1
2 1 1
1 1 142553532
2 1 1
2 1 1
2 1 1
1 1 446692693
1 1 173279944
1 1 63246914
2 1 1
1 1 972715225
2 1 1
1 1 283844971
2 1 1
1 1 383085611
1 1 36083246
2 1 1
1 1 109132289
2 1 1
2 1 1
1 1 241010020
2 1 1
1 1 351912506
1 1 15084063
2 1 1
2 1 1
1 1 998738366
2 1 1
1 1 238802683
1 1 294201086
1 1 856589210
2 1 1
1 1 756033083
2 1 1
2 1 1
2 1 1
1 1 621514293
1 1 957541113
1 1 827894179
1 1 364173406
1 1 541477678
1 1 269403492
2 1 1
2 1 1
2 1 1
1 1 548748711
1 1 927666922
1 1 596234027
1 1 588415336
1 1 780029717
1 1 920692599
2 1 1
1 1 346021875
2 1 1
2 1 1
1 1 175508351
2 1 1
1 1 239918567
1 1 469807348
1 1 317378140
2 1 1
1 1 881312663
2 1 1
2 1 1
1 1 737409419
1 1 742709257
1 1 77161824
1 1 962677233
2 1 1
1 1 457133366
2 1 1
2 1 1
1 1 976166786
2 1 1
2 1 1
1 1 306897490
2 1 1
