576850059
990942624
813662272
985116577
990942624
990942624
990942624
783814842
679194422
964591504
679194422
829493286
576850059
826713360
773024582
541838038
673766455
826713360
331916422
773024582
773024582
673766455
576850059
773024582
794259216
794259216
773024582
853453702
794259216
794259216
794259216
622579019
794259216
525902998
496368977
525902998
376822605
525902998
496368977
10198250
525902998
813479031
496368977
813479031
813479031
813479031
836409992
946832956
836409992
946832956
653797245
880562243
496368977
880562243
880562243
946832956
946832956
880562243
824367262
468917467
779829124
779829124
873195630
873195630
873195630
873195630
873195630
653797245
873195630
987056015
653797245
987056015
987056015
844675737
987056015
779829124
52826564
779829124
987056015
987056015
987056015
653797245
243182775
749552244
987056015
987056015
749552244
987056015
987056015
987056015
582520076
658575773
876675775
876675775
582520076
999787498
243182775
582520076
582520076
999787498
999787498
999787498
999787498
582520076
999787498
999787498
177323191
536339595
901927093
915099049
764026521
441297638
915099049
570054638
915099049
901927093
876675775
805987183
764026521
901927093
901927093
901927093
901927093
876675775
901927093
901927093
901927093
257943543
876675775
901927093
901927093
915635088
885572516
28494204
885572516
760159321
915635088
149485039
760159321
760159321
615740055
850142077
963183344
963183344
750150921
895921225
192560097
969272410
969272410
895921225
746129684
746129684
440530309
969272410
284733441
746129684
746129684
284733441
969272410
284733441
927626524
969272410
969272410
671339177
969272410
964486863
986098123
951482283
472085403
986807947
986807947
951482283
981798228
981798228
986807947
903042182
981798228
981798228
903042182
903042182
903042182
657189377
903042182
903042182
903042182
657189377
903042182
657189377
903042182
903042182
881656642
949280438
801256736
332169423
786561827
786561827
805657946
805657946
805657946
94807537
805657946
795001448
162795231
805657946
805657946
162795231
805657946
805657946
805657946
664080272
59657654
367840662
805657946
664080272
367840662
367840662
322698430
166683187
805657946
805657946
497657558
886082953
886082953
886082953
886082953
511785073
886082953
537148155
886082953
727457228
720531001
801189425
767117276
820563630
767117276
820563630
278052760
820563630
198368900
732030657
820563630
820563630
192738013
820563630
820563630
986271113
311843283
986271113
724297426
986271113
986271113
970032216
986271113
986271113
788848025
141643661
327272788
788848025
980997136
986271113
980997136
980997136
986271113
986271113
980997136
724297426
724297426
986271113
980997136
986271113
986271113
788848025
724297426
724297426
724297426
788848025
724297426
788848025
366903882
788848025
788848025
788848025
48738017
788848025
152303123
125907865
366903882
788848025
788848025
788848025
719496521
523175775
235266654
956558645
523175775
719217068
719217068
235266654
41286872
253028584
963936251
963936251
339556556
339556556
963936251
963936251
919741911
963936251
639193715
919741911
976463472
253028584
976463472
976463472
976463472
976463472
976463472
639193715
639193715
976463472
976463472
976463472
976463472
976463472
919741911
976463472
634390781
919741911
919741911
976463472
740276599
876355814
976463472
976463472
976463472
976463472
919741911
740276599
919741911
776434498
740276599
740276599
289443068
776434498
919741911
776434498
776434498
919741911
625243022
449883878
625243022
625243022
466561004
212267786
539883711
289443068
625243022
625243022
619630952
625243022
625243022
730164919
459655280
625243022
967707746
967707746
18905136
619630952
967707746
805734602
721523082
805734602
746068023
746068023
746068023
746068023
746068023
721523082
704794378
337770193
746068023
894995558
746068023
543994223
280690944
403879636
403879636
403879636
280690944
403879636
236833480
236833480
280690944
101834746
64430539
280690944
737492570
916908659
403879636
704794378
926210726
704794378
678087710
403879636
926210726
403879636
960429462
693626575
960429462
693626575
795085463
704794378
704794378
226995275
926210726
693626575
926210726
926210726
960429462
960429462
832591201
832591201
960429462
965669904
325584700
965669904
965669904
965669904
902460752
685460364
685460364
328796130
965669904
685460364
885406053
965669904
885406053
778558728
425252905
691623537
902460752
902460752
827731509
691623537
778558728
949588279
600003130
691623537
949588279
949588279
328796130
949588279
949588279
591172182
691623537
949588279
255316694
949588279
949588279
839740299
591172182
839740299
839740299
255316694
562800874
935746340
839740299
839740299
255316694
530003194
530003194
935746340
935746340
935746340
476449768
480570681
596110881
935746340
935746340
935746340
423492366
415329791
322427286
935746340
480570681
935746340
897482433
897482433
935746340
935746340
897482433
935746340
877954265
965410653
877954265
701333866
965410653
476449768
922799345
965410653
701333866
922799345
965410653
965410653
965410653
965410653
877954265
955936448
877954265
955936448
829939669
829939669
877954265
877954265
829939669
829939669
