999281040
980998686
999545835
999281040
999545835
999281040
999545835
999545835
999281040
982576885
999545835
999545835
999281040
999281040
953136767
999545835
998308617
999545835
987804603
999545835
999281040
998431668
999545835
924695784
985478079
999281040
999281040
956376710
998308617
999281040
998308617
999545835
796338632
982856195
999545835
999281040
914835898
999281040
980998686
999281040
971718035
988375165
999281040
999281040
999281040
999545835
998308617
979765359
988375165
999545835
999545835
999545835
998308617
999545835
999281040
982576885
998308617
999289884
999281040
999281040
999281040
988999159
999281040
999281040
999545835
999545835
998308617
999281040
998308617
998308617
999545835
979765359
998308617
986865238
986865238
999545835
999545835
999281040
917923861
999281040
999281040
999289884
999545835
998308617
998308617
999281040
999281040
999545835
999545835
999281040
999281040
999545835
999545835
998308617
999281040
999281040
999281040
999545835
999281040
999545835
999281040
986865238
999281040
999545835
999545835
987245768
999545835
999545835
999281040
999281040
982576885
999545835
986865238
999545835
999545835
980998686
988999159
949479451
999281040
999281040
988375165
999281040
999545835
988375165
999545835
999281040
999545835
999545835
999281040
949479451
999281040
999281040
998431668
998308617
999281040
981921886
855127382
974204610
967453283
999545835
985478079
988375165
917923861
999281040
990812178
998431668
988375165
998431668
999545835
998308617
998308617
999545835
999281040
999545835
999545835
999545835
999545835
999281040
999281040
999281040
983133040
971162539
999545835
999281040
999281040
982576885
999281040
999281040
999281040
967453283
988999159
988375165
999545835
988375165
998308617
999281040
999545835
998431668
999545835
988375165
999545835
999281040
999545835
999281040
999545835
999545835
988375165
999545835
998308617
999281040
990812178
951721594
999281040
999545835
999281040
999281040
998308617
999281040
999281040
999545835
999281040
998308617
998431668
999545835
837303136
999281040
988375165
999545835
999281040
999545835
999281040
999545835
999545835
999545835
999545835
999281040
999545835
999281040
999281040
998308617
982576885
982576885
999281040
999281040
999281040
979765359
999281040
999281040
999281040
949093025
999545835
946707007
999281040
999281040
999281040
999281040
999281040
998308617
999281040
999281040
999545835
999281040
999281040
999281040
988375165
999545835
999545835
988714458
988375165
999281040
999281040
969664849
999281040
998308617
956376710
999545835
999281040
999281040
999281040
980998686
998431668
999545835
981921886
999545835
999281040
999281040
999281040
820921498
999281040
988375165
999545835
988714458
988714458
999545835
999281040
981921886
985478079
999281040
979208310
999545835
914835898
999545835
999545835
981921886
999281040
999281040
979208310
922081785
999281040
999281040
999545835
999281040
958122484
999281040
988714458
946707007
998308617
999281040
999281040
999545835
999281040
999545835
999545835
999545835
988714458
999281040
999281040
999545835
998308617
999545835
998431668
999545835
999281040
979208310
761721904
999281040
999545835
998308617
999281040
999281040
987332225
999545835
999545835
999281040
999281040
999545835
999281040
999281040
999281040
999281040
987804603
998308617
988999159
988714458
988714458
999545835
999545835
979208310
999545835
999281040
999281040
998431668
999281040
999545835
999281040
977578276
979765359
999545835
966259367
999545835
977578276
999545835
977578276
999281040
985478079
999281040
998308617
998308617
999281040
999281040
999545835
998308617
999545835
990812178
999281040
999281040
971718035
998308617
988714458
999281040
987245768
999281040
999545835
985478079
998308617
998308617
999545835
985478079
998308617
998308617
998431668
985478079
999545835
999281040
988714458
999545835
999281040
988999159
999281040
999281040
998308617
999545835
966259367
999281040
988375165
999545835
999281040
998308617
999281040
999545835
999281040
951037618
999281040
999281040
999545835
999281040
999281040
979208310
979208310
988999159
977578276
999545835
999281040
999545835
998308617
927646032
999545835
999545835
979765359
999545835
999545835
980038679
999281040
999281040
999545835
988714458
998308617
999281040
999545835
999281040
999281040
999281040
990812178
999281040
999281040
998308617
971718035
999545835
999281040
979765359
999281040
999545835
999281040
990812178
988375165
988375165
999281040
999545835
999281040
999545835
979208310
999281040
998308617
990812178
988375165
985478079
999281040
999545835
999281040
914835898
999545835
999281040
998308617
988714458
999281040
985478079
999545835
999545835
999545835
999545835
999281040
998308617
999281040
999281040
736196633
985478079
998308617
998308617
999281040
998308617
999281040
999545835
999281040
966259367
985478079
988714458
999281040
980038679
998308617
999281040
999281040
998308617
