998300880
971237528
995895993
998300880
995895993
999686752
999686752
999635927
992537638
999686752
999635927
999686752
999686752
999236140
999635927
999686752
998300880
998300880
999686752
999686752
953580300
998578068
999236140
998578068
999686752
999635927
962670187
999686752
999686752
998300880
999686752
999686752
994870967
999686752
999635927
999686752
999686752
917336122
995895993
999686752
998578068
998578068
999686752
998300880
998300880
999686752
999686752
999686752
992537638
999686752
992537638
999686752
999686752
999686752
999686752
995895993
996894760
999686752
999686752
999635927
998300880
999686752
999686752
999686752
994512624
995895993
994870967
998578068
999686752
999686752
994870967
999686752
999270779
998578068
999686752
996894760
999686752
998578068
998578068
990489575
994870967
999686752
999686752
999686752
999635927
999686752
998300880
982821893
998300880
999686752
962226377
999686752
999686752
998300880
992537638
999635927
998300880
995895993
999686752
999686752
999686752
999686752
975754395
999686752
998300880
999686752
986877049
999686752
999635927
998578068
998578068
999686752
999686752
990489575
992537638
999686752
999270779
999686752
999686752
999686752
999236140
998578068
999686752
999270779
999236140
996884773
999686752
999686752
992537638
999236140
999686752
998300880
998300880
999686752
998300880
998300880
999686752
999686752
999686752
999686752
999686752
998578068
998300880
998578068
999686752
999270779
999270779
999686752
999686752
999236140
999686752
998578068
999686752
998300880
995895993
999686752
965316677
990489575
978016361
999686752
999635927
998300880
999686752
999686752
999686752
999686752
999270779
998300880
999236140
999236140
999635927
953580300
999686752
953580300
999236140
999686752
998300880
992421841
999686752
995895993
998300880
999270779
998578068
999686752
998300880
996884773
962670187
999686752
994870967
642607804
999686752
998578068
999686752
999686752
992537638
998578068
999270779
999686752
999686752
999686752
999236140
998300880
998578068
999686752
999686752
994870967
999686752
999236140
998300880
999270779
998300880
999686752
999635927
849943913
999686752
998300880
998300880
990507877
999686752
999686752
999270779
998578068
994512624
999686752
999686752
929445465
994870967
999686752
999686752
998300880
998300880
995895993
999686752
998578068
999236140
996884773
999236140
999686752
998300880
999686752
999686752
999686752
999635927
917336122
999686752
996884773
999686752
998578068
999686752
999686752
978016361
998300880
999686752
999236140
999635927
999686752
994512624
998300880
999686752
999686752
999686752
999686752
999686752
999686752
999686752
978016361
999686752
999686752
990507877
999686752
999686752
999270779
999686752
995895993
999686752
999686752
996884773
992537638
999236140
999686752
998300880
998300880
999686752
998300880
998578068
999686752
999236140
999686752
999686752
999635927
998300880
999686752
998300880
999686752
996884773
990489575
999686752
999635927
998300880
978016361
999686752
999236140
999236140
999686752
995895993
999686752
998578068
999686752
999686752
998300880
999686752
990507877
998578068
996884773
818054205
998300880
999686752
998300880
895868935
999686752
999686752
999686752
998578068
995895993
999686752
998300880
971237528
999686752
999236140
999686752
990507877
999686752
999686752
999686752
978016361
999686752
998300880
966238476
995895993
999270779
999686752
999686752
998578068
995895993
998300880
999236140
999686752
998300880
995895993
999686752
999686752
999686752
999236140
999686752
999686752
986877049
999686752
999686752
998300880
998578068
999236140
999686752
999686752
999635927
998300880
999686752
992537638
999686752
986821734
999236140
999686752
999686752
999686752
998578068
999686752
999686752
999635927
999686752
999686752
998578068
999686752
999236140
998300880
999635927
999686752
999686752
999686752
999686752
998300880
998578068
999686752
999686752
999686752
999686752
998300880
998300880
999686752
998300880
999686752
998578068
998300880
994512624
998300880
998578068
999686752
999686752
998578068
999686752
999686752
999686752
998300880
999686752
999686752
999686752
998300880
994512624
999686752
999686752
825684107
976074315
900456773
999270779
998300880
999686752
999686752
999686752
760506330
990489575
992537638
999686752
891695326
998300880
999686752
998300880
990489575
999236140
998300880
994870967
999686752
996884773
999686752
998300880
992537638
999686752
995895993
982821893
999686752
999686752
998578068
998578068
999686752
995180283
939612891
986821734
999686752
999686752
999686752
999686752
999686752
998300880
978016361
999686752
998578068
999686752
999686752
999635927
996884773
999686752
998300880
994870967
999635927
999686752
998300880
999686752
999686752
986821734
995895993
998300880
999686752
999686752
978016361
999686752
992537638
994870967
998300880
996884773
999686752
999686752
999635927
992537638
999686752
990507877
992537638
999686752
999270779
999686752
996884773
999686752
999686752
999686752
999236140
913063581
999686752
999686752
998300880
990507877
998300880
999270779
998300880
999686752
999686752
999686752
995895993
992537638
990489575
998300880
999686752
999686752
978016361
998578068
999686752
999686752
998578068
999635927
999686752
999686752
998578068
999686752
999686752
999686752
992537638
999686752
999686752
953580300
999686752
999686752
978016361
999686752
690386238
999686752
994870967
998578068
998300880
999635927
995895993
998300880
999686752
992537638
999686752
999686752
999635927
999686752
990489575
999686752
992537638
998300880
999686752
998300880
998300880
999686752
999686752
999635927
999686752
999686752
999686752
995895993
999686752
999686752
998300880
999686752
999236140
999686752
998300880
998300880
999686752
999686752
999686752
999686752
999686752
999236140
986877049
998300880
999686752
998300880
995895993
998300880
999686752
978016361
998578068
998578068
999686752
999236140
998300880
998300880
998578068
999686752
996884773
995895993
998300880
998300880
995895993
999686752
996894760
998300880
999236140
999635927
999686752
998578068
999236140
998578068
996493961
999686752
999236140
999686752
999686752
999686752
998300880
999686752
998300880
999686752
998300880
999686752
998578068
953580300
953580300
999686752
998578068
998578068
994512624
998300880
999686752
999686752
999686752
998300880
998578068
999686752
999686752
999686752
996493961
999686752
999686752
999686752
999686752
998578068
999686752
998300880
999686752
995895993
999686752
998578068
995895993
998578068
999686752
999686752
999686752
995895993
990507877
999686752
999236140
998578068
999686752
996493961
999686752
998300880
998578068
995895993
999686752
998578068
995895993
999686752
999686752
999686752
999236140
999686752
994512624
999686752
992537638
999686752
999686752
999686752
999686752
995895993
999686752
990489575
999686752
999236140
998300880
998300880
999686752
999686752
999686752
998578068
999635927
999635927
998300880
999686752
999686752
999635927
994870967
996894760
994870967
995895993
999686752
999686752
998300880
994512624
990489575
999686752
998300880
999686752
999686752
999686752
994870967
998300880
999686752
999686752
999686752
998300880
998300880
999686752
999635927
998300880
999686752
998578068
999686752
999686752
999270779
999686752
917336122
999686752
999236140
999686752
992537638
659375489
999236140
990507877
999686752
999686752
999686752
999236140
992537638
990489575
999686752
999686752
998300880
999686752
999270779
998300880
999635927
998578068
999635927
986877049
992537638
999686752
999686752
999686752
999635927
998300880
998578068
999686752
998578068
999270779
996884773
999686752
996894760
999686752
999686752
999686752
995895993
999686752
992537638
999686752
998578068
999686752
999236140
998300880
999686752
998578068
999686752
999686752
998300880
999635927
999686752
996884773
950622696
999686752
999635927
901353317
995895993
999686752
999686752
998300880
999686752
998300880
998300880
999686752
999686752
990489575
999270779
999686752
999686752
982821893
999686752
999270779
998300880
998300880
992537638
999686752
999236140
999236140
992537638
995895993
990489575
999686752
999686752
999270779
998300880
999686752
999686752
999686752
999686752
995895993
999686752
996493961
998300880
999236140
998300880
999635927
953580300
999686752
824388414
999686752
999270779
999686752
982821893
998300880
993077617
996493961
999686752
999686752
971237528
999686752
998578068
982821893
994870967
994870967
998578068
995895993
999236140
999686752
998578068
992537638
999236140
999686752
998578068
998300880
999686752
986877049
999686752
999686752
999270779
999686752
999236140
986877049
900456773
999686752
999686752
999635927
996884773
999686752
996493961
999236140
999686752
999686752
999236140
996894760
999686752
998300880
999686752
999686752
999686752
999686752
999686752
999270779
994870967
999236140
797962437
998300880
999686752
999686752
999686752
999686752
995895993
998300880
995895993
999686752
998300880
999686752
978016361
999686752
990507877
999686752
995895993
999686752
999686752
999686752
999686752
999236140
999686752
999686752
953923053
998300880
998300880
999236140
996894760
999686752
999686752
998300880
929445465
999686752
999686752
999686752
969852827
990507877
998300880
996894760
999686752
998578068
998300880
999686752
999686752
999686752
900811366
998300880
999686752
998300880
999686752
999686752
999686752
978333310
999686752
999686752
999686752
999686752
999635927
999686752
999270779
999686752
996894760
999686752
913833320
999686752
969852827
999236140
995895993
998300880
999686752
999236140
992537638
999270779
998300880
999686752
998300880
999686752
999686752
999236140
999635927
992537638
999686752
998578068
999686752
999686752
990489575
998300880
998578068
999686752
999686752
999686752
992537638
998300880
999686752
990489575
999686752
999635927
999686752
999686752
999686752
999686752
999686752
999686752
999635927
990489575
999686752
998578068
999686752
999686752
995895993
953580300
999686752
992537638
