1000
66 82 40
45 87 44
35 56 247
47 54 52
34 72 390
12 32 74
5 68 550
15 92 605
20 22 175
1 84 2693
48 61 33
6 81 1177
6 79 1427
66 99 47
39 97 97
12 85 633
40 48 149
35 62 306
57 58 215
42 60 250
78 86 72
9 23 1057
9 86 1092
37 42 263
62 81 74
18 71 25
3 70 471
56 84 127
20 51 600
8 73 1273
49 76 149
54 62 30
54 75 299
86 98 108
20 49 388
6 78 999
18 60 608
11 66 214
48 89 62
3 19 619
76 92 125
35 72 270
78 84 99
62 87 25
9 10 354
31 91 136
27 84 108
37 96 106
28 47 381
18 69 74
13 51 480
82 85 96
3 12 1935
5 97 1891
30 38 382
2 45 3308
58 64 77
42 82 213
26 39 159
28 40 381
60 96 2
39 63 253
10 57 891
65 100 79
15 44 199
41 43 140
1 13 1089
49 81 156
23 98 307
3 91 657
34 62 250
4 15 1822
70 97 107
72 78 39
33 43 87
26 35 221
44 55 12
17 51 103
1 25 666
48 64 156
44 100 164
31 78 309
7 10 538
47 56 160
38 42 35
66 88 182
47 52 247
46 100 161
48 64 221
31 76 337
60 86 194
85 87 229
35 81 107
26 43 436
72 77 113
86 98 36
44 65 13
1 33 7579
18 85 604
63 85 9
12 84 670
89 100 79
73 75 236
41 71 141
6 68 160
44 47 370
22 93 401
56 68 12
28 66 476
73 97 229
55 61 200
27 83 358
73 82 201
9 41 264
80 82 34
20 79 64
27 84 178
22 25 409
28 76 41
20 94 176
52 71 239
69 90 91
33 36 16
48 54 272
20 32 521
59 87 205
83 97 100
74 79 189
3 38 428
82 98 46
5 22 2106
53 97 37
49 55 250
25 71 208
2 48 1200
18 95 565
26 99 93
9 92 196
11 51 1065
15 24 348
49 89 252
48 85 309
15 16 422
9 60 64
16 19 374
34 77 208
18 45 139
75 100 44
16 88 36
9 80 354
44 73 252
35 67 79
3 47 3384
15 36 288
13 71 159
79 88 161
44 73 250
24 62 132
32 72 322
24 99 375
24 84 23
61 99 2
8 61 277
39 90 276
17 51 63
12 88 435
45 82 259
75 97 6
57 96 153
30 34 359
67 83 1
32 67 309
90 97 62
36 48 290
6 61 1754
7 30 1610
12 74 181
18 54 83
95 98 172
14 39 886
25 80 381
3 24 170
80 87 135
45 46 400
61 78 174
75 89 57
13 40 165
36 65 157
17 56 278
41 63 299
18 53 46
10 18 193
16 80 401
21 47 404
38 64 195
74 98 175
25 53 130
32 88 265
6 99 470
63 96 238
3 58 2213
21 81 267
12 14 150
91 93 116
49 91 111
54 65 23
32 86 369
8 97 837
38 52 314
57 93 258
25 77 160
39 79 53
4 11 212
12 45 654
23 66 283
35 45 149
72 99 39
39 74 326
77 99 129
58 78 43
95 96 103
11 30 304
28 44 407
78 84 196
37 92 81
10 34 394
88 89 197
75 97 172
27 92 306
62 84 195
16 51 221
70 100 160
17 24 697
16 74 104
16 94 236
40 41 325
20 62 486
27 96 162
23 64 337
49 52 317
48 79 328
4 45 1112
69 96 27
4 40 1899
82 90 76
11 73 598
11 84 203
40 97 227
20 39 307
30 40 356
20 61 345
6 89 1297
15 46 278
47 96 177
24 56 282
63 82 21
79 91 80
40 89 18
20 79 415
5 100 1136
90 95 33
42 76 130
56 99 213
21 77 425
1 38 222
52 74 26
37 94 63
8 31 1130
50 58 58
3 48 287
14 42 185
35 59 250
79 82 98
14 86 463
23 38 46
42 92 175
60 75 155
53 71 260
65 93 209
4 75 1814
17 93 169
3 74 3292
2 32 2698
64 94 140
60 68 152
27 43 255
12 57 545
9 79 631
79 97 111
37 93 373
43 64 183
4 46 1286
28 92 417
12 100 60
64 73 247
12 94 463
20 88 31
31 75 83
10 94 877
59 81 67
52 95 38
65 91 210
26 99 3
46 66 93
11 79 17
7 88 597
4 32 1479
52 85 64
29 100 384
67 77 39
58 85 14
40 79 229
15 20 39
64 91 122
74 98 194
7 84 663
14 80 767
7 27 354
5 64 25
7 46 354
6 86 1698
39 49 8
64 90 71
4 90 2453
72 85 248
7 93 721
3 92 3082
9 72 162
35 92 261
50 77 25
19 98 17
18 88 162
60 72 16
16 56 317
11 18 679
56 84 126
16 33 571
61 65 267
42 70 127
29 66 112
1 94 3992
34 55 146
3 90 2918
39 59 27
95 99 187
5 36 1607
11 68 332
69 93 94
32 76 160
45 50 150
14 92 199
22 61 296
1 68 9574
39 62 3
9 41 307
68 83 109
26 36 496
17 93 594
19 53 320
6 16 1781
35 61 384
29 63 424
23 74 495
87 94 212
11 98 608
24 83 225
3 35 2097
52 72 19
13 66 341
36 89 249
1 97 9709
68 84 38
80 88 116
19 90 437
53 68 69
51 54 169
5 68 913
32 69 12
2 36 87
47 94 61
29 80 73
40 65 74
17 90 331
3 61 1051
85 87 202
15 60 257
11 67 214
87 93 123
66 93 46
15 71 236
52 77 97
31 95 112
43 96 274
73 88 182
52 98 228
2 56 179
45 56 26
34 77 329
43 88 126
42 47 288
52 57 87
70 100 202
89 96 175
28 35 487
74 75 239
21 84 101
50 66 196
17 41 122
37 71 191
21 69 448
43 52 114
14 92 422
33 39 497
31 75 208
29 85 146
12 52 76
41 44 368
36 86 94
57 94 61
32 84 106
77 87 117
19 66 508
32 51 277
41 88 268
9 50 208
62 90 87
54 97 58
34 35 535
22 90 151
40 62 301
16 86 73
26 40 21
19 24 250
2 20 423
52 94 110
16 38 431
14 56 283
22 52 183
5 83 1060
19 92 586
8 72 910
52 85 41
7 65 972
88 89 177
31 56 56
24 53 135
71 78 62
65 72 141
8 89 644
32 84 136
41 86 14
16 28 350
16 90 394
8 28 793
49 93 201
34 50 53
54 63 286
37 58 304
12 66 282
44 72 189
1 75 1497
48 68 81
7 85 315
16 96 239
26 58 212
74 99 160
72 81 67
68 89 76
33 80 259
12 66 84
15 98 92
39 61 202
8 20 1019
83 98 151
6 97 353
32 44 245
33 81 97
11 65 654
17 35 740
68 100 205
15 19 1011
30 77 62
22 91 485
14 97 655
19 62 67
64 72 13
40 43 32
46 86 275
36 43 114
47 74 166
11 43 820
69 80 163
50 54 134
62 97 78
9 39 896
23 69 276
1 41 689
35 36 193
2 17 248
61 71 17
56 100 132
27 85 13
85 95 169
73 96 80
84 98 174
38 59 349
19 36 228
13 43 112
76 85 232
30 51 292
39 86 359
50 97 84
10 83 298
25 81 170
2 89 3273
29 96 236
69 99 72
13 94 92
10 59 46
58 82 81
89 93 95
8 11 1501
85 90 120
2 94 4392
61 62 211
12 38 889
8 80 484
37 42 325
9 15 657
32 76 155
36 54 121
80 83 184
36 88 34
3 19 2321
27 63 52
14 21 10
20 45 334
3 82 2625
21 47 541
39 65 177
41 45 327
72 74 99
47 70 122
75 100 80
64 68 41
33 44 11
36 54 242
37 56 298
47 50 265
51 64 271
48 52 135
28 60 314
60 88 155
4 98 2440
44 95 70
33 100 294
13 58 856
34 67 268
21 96 453
23 93 248
19 21 25
31 39 542
66 90 54
28 78 128
13 91 107
3 49 2010
62 63 314
42 77 309
56 72 2
50 96 148
2 50 3774
2 82 2719
10 63 1074
34 73 334
26 28 59
38 69 21
2 13 1353
26 79 123
19 58 648
16 83 273
17 43 486
49 99 258
65 78 230
34 96 360
56 59 233
9 69 876
20 64 351
92 96 185
4 52 1007
65 80 12
22 44 52
67 88 259
10 66 42
59 73 206
20 96 379
40 94 62
21 32 252
26 66 367
36 69 385
29 97 258
13 75 335
59 65 29
2 17 4523
3 7 330
25 38 533
32 50 98
73 99 235
54 73 45
58 82 47
13 57 539
13 64 726
9 40 1193
15 75 212
26 52 127
9 90 403
52 59 4
20 35 189
19 76 272
33 79 337
25 38 178
46 83 299
9 39 1051
9 43 753
37 50 166
21 76 218
45 55 68
49 97 156
3 26 3180
13 52 71
19 52 74
86 95 157
24 89 160
56 66 105
19 34 154
27 76 292
15 26 737
3 20 2409
42 44 193
43 77 180
25 47 282
24 61 12
8 88 400
56 66 31
8 74 256
46 68 133
61 98 234
90 96 94
7 69 1
62 97 223
10 99 953
55 76 91
63 66 232
60 70 74
51 62 212
54 61 81
33 57 167
40 63 251
34 65 111
30 34 314
36 55 108
50 59 322
44 96 292
16 64 121
10 66 743
46 67 309
43 51 59
6 39 611
7 42 494
45 72 147
2 58 1235
69 98 72
46 84 96
5 58 1366
8 37 946
17 71 556
33 37 111
57 77 256
23 95 87
89 97 89
37 72 279
44 98 122
2 95 1063
73 95 202
22 38 229
67 90 243
63 74 271
37 90 56
74 88 220
39 59 7
56 63 191
16 83 280
8 41 344
4 85 838
54 64 12
16 100 202
48 94 286
15 47 41
68 72 141
20 96 220
63 84 38
28 71 14
38 45 33
14 73 10
19 42 651
41 49 48
57 70 269
42 49 307
22 64 449
30 45 306
33 65 228
60 97 123
70 96 37
31 44 472
16 28 535
68 87 37
75 90 125
16 71 379
70 88 208
1 33 8498
8 77 538
68 97 215
29 47 400
43 63 227
64 91 37
67 91 77
20 73 516
27 57 304
32 82 299
31 96 388
3 99 1246
49 50 25
27 34 264
16 41 234
24 63 236
12 59 707
31 72 396
64 77 1
27 40 454
48 69 135
64 91 248
56 76 238
84 91 49
63 99 168
4 43 1298
35 45 2
37 83 245
4 99 2124
17 96 102
7 64 484
4 100 113
15 72 4
32 71 291
46 58 280
41 57 370
74 76 101
9 61 133
48 87 186
48 86 15
41 47 290
32 85 48
36 52 193
18 58 266
56 99 91
27 89 186
43 94 37
1 61 56
2 98 3284
19 42 261
8 23 946
55 81 95
5 100 49
11 21 516
8 45 47
37 51 206
16 30 102
38 59 275
8 40 721
41 89 79
35 45 276
30 95 96
47 78 187
34 82 339
63 77 142
10 67 277
90 93 76
18 22 312
13 39 293
58 73 290
5 79 835
15 19 693
34 83 123
15 44 668
78 100 23
4 34 1960
2 52 4204
15 85 432
14 22 32
61 68 80
9 17 979
23 89 93
21 32 525
8 77 715
31 99 19
4 95 2197
14 23 25
63 94 199
56 67 119
29 41 387
31 73 411
27 55 327
16 34 602
50 56 147
54 84 55
63 86 115
56 99 48
74 80 247
63 83 85
18 53 96
36 84 225
48 90 293
25 86 296
49 99 64
20 36 44
25 27 675
57 66 54
41 77 85
47 59 88
37 52 101
26 59 377
34 39 137
56 97 36
25 47 459
6 39 1356
77 98 40
15 71 453
9 63 106
58 82 284
39 79 299
33 41 431
11 70 103
36 45 44
40 65 356
56 63 70
36 97 88
40 68 18
32 63 432
49 89 52
8 40 730
31 66 36
33 34 143
68 93 122
8 12 149
46 100 176
37 79 211
61 87 14
41 45 256
39 46 106
39 88 342
51 52 1
35 49 265
38 98 275
77 85 191
50 91 139
37 51 427
60 72 224
65 75 229
68 75 114
34 47 342
52 95 91
22 42 148
25 41 287
1 15 5622
41 82 82
12 48 412
64 92 79
37 93 315
17 93 475
35 99 9
83 91 159
12 40 435
5 52 1582
62 81 119
68 94 26
46 50 362
14 20 804
28 60 25
40 65 211
19 68 158
41 93 41
61 84 131
54 86 206
42 73 243
68 97 248
8 87 506
37 48 306
65 89 18
65 72 57
20 43 155
7 54 459
39 43 354
5 62 1962
53 84 259
78 81 152
56 57 1
22 23 71
20 23 326
19 43 696
54 96 19
3 69 2093
30 95 385
57 91 157
20 79 174
28 78 123
55 77 80
21 99 199
12 60 660
9 94 163
13 68 686
65 80 47
15 83 233
8 29 496
25 62 308
29 85 49
8 22 415
54 62 238
32 77 199
29 33 114
27 49 502
85 97 21
15 27 227
97 98 90
16 45 94
66 86 255
6 58 656
12 35 815
84 91 142
10 92 142
7 65 898
57 75 197
8 48 754
65 76 221
8 77 881
20 94 139
19 41 161
32 33 465
57 100 132
24 25 156
18 92 377
22 76 439
90 100 113
60 99 254
6 7 2272
59 72 19
69 71 278
13 27 984
81 87 191
24 63 472
65 76 142
51 85 28
13 92 118
12 71 292
6 58 31
10 43 166
42 95 317
38 73 153
29 39 528
11 32 944
7 8 265
12 69 279
9 94 632
33 34 292
10 47 489
7 37 1168
52 73 313
31 37 150
19 46 139
26 34 191
38 85 323
6 21 886
25 75 1
33 57 409
26 36 335
5 39 1886
34 68 32
83 96 104
8 70 44
58 73 24
92 96 119
17 46 647
27 41 428
35 88 386
78 94 200
69 93 92
75 90 197
27 67 427
33 40 380
71 100 227
23 43 395
20 24 241
60 83 202
