1476
1392
6272
1316
9350
792
2630
7935
2024
2725
912
7056
8148
3069
2716
6792
3960
7000
6264
6972
2964
7291
9081
5292
2604
360
1392
7112
8860
9416
4508
868
9828
5074
5660
6492
9954
2816
1958
1761
5472
6475
4284
930
1870
3193
2349
2849
6862
1116
5122
4018
7737
9165
6780
6615
2432
6090
4108
7112
96
6435
7809
3300
2295
2993
1179
4851
5796
1950
5712
6432
4365
1560
1677
3395
352
2618
693
6000
5280
6944
2506
4144
714
9592
6204
5200
8496
7564
7020
9945
2625
7267
4235
1666
352
7815
9126
340
9372
3738
8833
3731
930
8601
7254
392
9768
9636
5856
7425
7872
2025
1394
1027
3861
5000
896
3008
7242
3657
288
7830
7580
7308
4482
7326
1248
2058
9265
1272
6600
3925
2504
8712
1924
1629
9945
3792
8036
9605
3488
549
3440
4964
2484
2600
576
2934
7040
1820
9939
3456
1775
6715
6996
2400
8424
7608
552
99
2016
7839
1598
4980
7650
291
5700
6086
67
6834
2910
8316
9870
9653
1956
2232
8330
9478
8025
582
5655
9292
6039
2325
1680
3705
3706
7544
630
1450
8016
6048
4800
7548
2250
7168
2820
9387
6525
4725
1140
5369
3920
702
8896
6305
7220
9486
3075
1404
716
6924
4945
3330
1800
8436
6391
1450
4940
2563
7832
8502
2146
3340
8811
7372
6480
7130
2768
7420
7276
1424
3344
6760
7720
3591
5819
8164
9936
4256
1104
8436
3280
5852
2016
6499
4200
8550
5320
7440
3240
5664
5928
756
3397
520
6760
5975
1530
3648
7722
8169
227
814
1692
7568
1624
918
3878
5600
3950
5796
667
5166
6660
8023
8091
7064
2465
9741
5754
5440
5168
4343
5904
5214
4850
9990
4773
5140
9568
696
8512
5124
540
1829
8240
2301
1300
9490
78
2576
165
3955
6760
2080
8787
1407
510
6160
460
4608
8362
5061
9548
2093
120
2226
9954
195
2688
9810
9775
4788
9147
1665
6720
770
285
2520
600
5072
4983
7000
6416
8540
4452
2310
4034
3128
9054
649
9108
7416
3223
3813
3876
3950
2492
4884
9716
78
2358
4080
8008
8687
4598
9492
8723
8584
8878
9682
6116
4272
6117
576
3796
6497
9810
1512
5368
6992
2067
4698
4365
276
184
5687
1566
2000
4828
3099
8787
5130
2068
5742
1782
2982
3016
2635
8213
7373
7956
370
672
7922
3655
6533
2392
9400
8099
9730
9000
2814
5750
1517
4699
7707
2752
5334
9672
4619
3219
840
7995
2448
2166
2604
4785
7676
5568
7626
1638
3286
2037
9485
2750
7626
1024
338
2784
938
3760
5244
5278
2992
5115
9386
8184
1352
6307
7921
1120
2279
2340
4896
4816
3392
410
4340
5552
6344
6517
1122
9774
7018
3372
5500
1517
2400
2079
4576
4002
6808
2880
2937
6160
996
1200
4914
8144
6806
2034
5060
2376
6305
8789
8704
9000
1350
8736
8162
988
448
680
8510
2279
4841
7447
6141
3600
2976
7479
9499
706
3500
494
568
4984
270
7980
3358
9240
8208
2945
1161
9424
5940
9750
2800
2720
3300
6544
5307
3036
1053
400
2842
4361
7768
5525
8974
6572
8808
4296
6552
4923
3776
4356
7600
936
6615
1215
140
5460
7779
8085
5733
7155
3700
3500
4725
1428
297
8694
6776
6533
7808
3640
6580
5820
9756
2112
7400
9347
6154
8232
4650
252
9610
2244
2730
1612
5910
9954
9492
72
5000
7862
5572
9530
7888
858
532
2706
2449
9512
3728
6120
8526
9945
9312
6832
7551
5900
9108
4360
455
2266
9944
390
6789
6740
1760
3297
7150
9648
5858
3783
910
9046
867
8284
2000
9999
1404
1624
5863
8047
9135
3960
6578
4023
118
2920
6878
7986
2750
8970
8784
5832
3589
3654
1845
5145
9183
1222
1064
7125
3072
3248
1957
5913
7358
6880
4326
5031
4747
216
3512
952
1936
3772
8906
4680
7
8536
8810
2915
7812
2800
6014
2322
3705
6240
2535
5338
2412
8900
9312
2576
6800
8556
1377
3660
4144
4815
2558
2940
2940
6495
6504
7803
1980
8470
1615
4171
6919
3784
2126
8455
3420
9447
9387
1480
9028
177
6384
3818
2400
3272
378
2992
9360
470
5236
3920
1890
284
684
126
8816
1078
8607
8183
7680
9150
5082
4560
1536
8804
6656
1428
6210
5056
8272
8763
3992
8704
7366
5922
1408
3003
8260
5985
7134
9238
3852
637
4104
2788
4392
7257
8712
64
7520
4002
9408
8132
2352
7245
4956
45
6391
8328
1479
3143
468
60
6528
7452
8979
3876
1062
6003
480
6486
1120
4500
3852
3267
3915
1118
56
6704
3528
6000
3135
255
3971
320
4514
1152
6460
7208
2225
6195
2375
5546
8446
5418
2470
3600
3432
5707
9512
4025
6165
3026
7725
1014
7840
8744
6105
294
2584
6237
1702
6912
5304
465
8604
224
7614
3640
6757
9125
6075
7120
4000
1944
4214
1736
9760
3071
1325
7092
9990
5825
2107
648
9100
1716
2296
2303
2236
6962
2535
1288
7700
8136
1848
5745
1107
9922
7917
8077
1001
1125
9720
2331
2328
476
9344
1666
7296
775
2475
4828
1188
5700
5372
522
5625
2300
9360
51
6475
7752
7820
4500
9333
8928
8550
4080
6909
3068
2266
4592
6023
6683
6588
3136
8463
6953
245
6916
4740
7475
4212
1034
9016
7500
532
5785
2380
1189
4636
7052
6594
9996
3784
6528
712
1950
2180
2933
7410
9360
8484
6237
56
828
3640
9462
672
6564
9510
5586
2820
2632
3025
3633
9888
1359
7670
1760
3015
3288
5600
1073
2800
7128
4544
1798
8964
970
2538
4410
1136
9768
3798
7608
6734
1320
5831
6669
7232
7828
6536
2360
2147
7788
4800
1992
5888
7810
5940
9801
8673
648
9869
9074
8265
8808
5070
1173
1378
3060
180
1400
9366
3876
9019
8107
1141
3084
5292
5032
4170
7196
9636
2604
1932
2992
8588
5313
25
9141
5400
8750
2142
4648
336
803
5796
8280
7175
9835
8736
3726
9810
8375
7062
9514
6106
3200
7138
