5145
2690
3876
736
5220
6365
8130
6660
2110
5018
2002
306
7935
3345
7290
7328
6566
6358
9894
4184
6985
5550
3927
6839
7810
4700
352
7248
7140
2367
7792
7272
5346
304
2850
400
3800
7920
4515
9246
7667
2755
7138
1812
1746
7656
9789
695
6900
7605
7514
3196
6156
1968
9595
5058
3382
8604
5992
111
8903
999
7155
8448
5896
4130
1572
1998
8037
8496
3904
3268
3848
4592
4692
9022
8855
3000
6758
1380
2640
2691
3672
4105
3339
8122
2912
5940
2782
1966
1270
2600
8595
867
3258
4895
7514
1578
3745
4320
3795
8740
5874
2010
1692
9146
7839
6945
6708
8580
5760
8670
6716
7854
5988
4912
2952
6965
2000
8775
4347
8671
422
8154
8800
9520
8680
5782
8043
2385
9380
6585
3005
7630
1278
7850
323
5089
4800
2108
8959
2412
5280
9045
6559
1764
4494
7680
7360
4455
9193
7500
2856
3303
4873
5320
3565
6734
6816
1606
4776
8568
8338
9300
7952
1984
1782
1904
8600
8496
985
9727
9516
6655
5432
9594
2755
3317
2889
4526
7376
6210
7076
4845
4400
4907
8000
8481
1550
5128
4578
152
9576
6888
1545
8388
2670
831
5157
8325
7840
9930
1758
7530
2574
2101
4745
9800
8060
6230
3850
3402
7552
9972
6360
3423
9656
5499
6748
2820
4082
8610
7240
290
5229
5049
9370
1174
207
8056
4736
816
3680
6716
4600
2904
7830
780
6615
4740
4012
8946
5760
6902
8470
8400
5037
862
2304
5355
8280
1274
6290
9112
5472
8140
4758
2556
2834
105
783
8004
1182
9447
1859
4290
6580
7380
1186
1544
3792
3516
247
4875
3580
7790
1852
6167
2150
4464
8459
2675
2310
4572
3700
7076
3312
7872
1818
8307
6000
4018
8294
8100
7500
5648
3810
9750
8792
1934
4368
8964
2190
7416
8697
714
762
5952
9560
2256
8742
7210
8472
4230
9614
828
1000
3528
6902
950
3300
3424
5120
7560
7840
3405
8160
4080
1968
9632
4884
8280
1044
2340
7848
5993
748
3312
623
1980
6615
5530
3036
2259
9718
8643
6975
980
9174
6433
2880
2350
186
6342
9576
5694
4257
4536
8379
1032
9780
6468
6396
6567
6363
3021
9315
9639
4434
6600
5870
8930
4950
8140
2952
5260
150
1794
79
8007
9310
6120
6968
275
3928
741
7136
486
7100
2668
2967
1245
956
9600
7700
1348
8635
1684
5150
5340
3108
8470
5140
2934
5184
6308
2664
7175
8180
8008
4060
9065
1306
1053
1672
6760
6588
8096
4930
3234
9174
972
222
5112
2808
5054
3834
5620
7460
789
9975
7812
8292
684
5256
2550
5145
1839
1708
9360
3316
796
6480
6816
3740
7452
4590
3752
2040
453
3750
208
972
4275
4048
892
3760
6754
2685
1776
8224
4950
308
1125
7020
6383
1582
4905
942
5796
5644
9488
730
4599
7574
4620
9126
3484
9462
3591
1452
345
2364
6356
7761
9248
9729
9715
7695
7488
1067
428
8424
6156
7906
5194
1360
8030
5418
4473
4851
3852
9735
4728
2680
5808
5420
2718
8778
9690
908
2600
2416
1770
5428
9893
3520
3555
3780
8523
4278
3140
3432
7312
1192
4992
8668
2556
3272
2400
2412
7314
1803
2856
7500
1406
9600
2900
1816
1028
1398
6996
9834
6952
7749
5698
4662
9126
4680
218
7596
3092
3660
1642
7106
4608
8660
936
8257
2211
8802
2772
9620
6956
2720
278
5000
7254
3444
3360
5920
5394
1056
2272
7567
2324
7020
6885
9430
1038
4780
3008
6336
6664
4606
1210
7098
8679
1836
3910
1744
6776
6496
5481
7884
6377
8636
6460
6015
904
2673
1078
4487
8456
593
114
4704
3267
3496
500
4048
1729
7787
4044
6342
5600
8988
3520
6288
6780
7904
4070
5808
2497
6780
6176
4661
4683
6057
9844
1452
3960
9264
81
8910
4110
1518
7344
5142
2620
1767
3228
7410
8676
4939
4488
7140
4256
5200
8466
3456
6776
9594
340
162
5630
7644
3116
5544
7161
6345
910
762
3816
3872
3882
5384
4662
9288
1825
2093
6030
1125
8334
6498
1356
5712
6090
4927
6462
2792
7803
8064
4824
5022
9900
3948
8370
3420
3965
6035
5700
3060
7105
9537
8952
1263
5820
5610
7140
5632
8874
4380
3180
9254
576
8379
972
8275
6699
9420
616
5152
6876
8965
1623
1575
2470
7320
1368
5874
3490
811
8296
9522
3192
3244
1624
5504
4752
462
9558
1850
4400
8240
4320
1014
9000
6656
8115
3411
1884
2916
4400
9016
8316
1682
7692
6633
9828
6530
9120
4158
8775
3230
5859
1542
603
6160
5844
5704
5820
3872
1012
7371
6864
6266
3784
7680
9380
1353
1905
5986
826
8568
7326
4371
4298
884
408
469
5172
7440
9599
3668
8756
3900
1144
5880
4438
4110
9352
2915
2896
7680
2625
8436
658
8740
4095
5390
3264
6120
6336
7242
6900
9174
5760
3144
3648
5766
1672
2145
7718
7096
8496
6670
480
1646
7711
6210
3752
7238
5073
7238
4956
4473
8652
9636
7353
9400
732
5198
840
8360
5000
6678
8202
4245
7209
3138
7740
3432
5096
9373
1782
7345
8732
2015
2109
1183
6066
5270
8756
7227
6562
3423
6045
9129
5125
8536
1617
2424
3850
4212
6656
7424
9348
1770
2136
9890
281
8128
6723
1764
4182
5334
5168
9360
8756
4088
9369
4675
816
6016
9177
3729
4617
9020
9686
1846
6624
7592
2640
1660
4329
8032
2800
4600
3276
9720
2397
6050
6230
3296
5082
3830
2568
4896
9802
6770
4872
2820
1716
2541
2816
888
6027
9515
4760
9380
5280
9379
6624
8580
3310
3196
5392
2334
6120
1020
7123
4959
9390
2160
9108
8740
6176
8670
2171
8055
754
1840
7880
672
7050
5352
7205
9729
1320
3705
6512
6402
9460
7068
183
9805
3960
4900
3800
6430
1380
5096
1092
9594
2139
2850
6342
5346
5775
3452
9132
2354
8138
7758
1593
7820
4424
7344
5715
3519
6171
848
7208
3500
2794
7497
6832
3936
1904
7076
8442
9911
5304
4102
2893
9731
4896
9490
8430
