1000
1400 7642 7
2657 9084 1
2567 7325 4
84 6317 19
94 8379 10
4523 7833 3
91 7345 37
8874 9870 2
904 7477 11
3094 3129 3
1405 1419 2
2158 6056 2
5437 9983 2
7816 9440 2
1809 8168 3
2345 3984 4
6137 9094 1
2211 8331 3
1469 5520 1
5198 8373 2
5694 6566 2
5835 8687 1
5297 8994 2
848 3077 4
1194 8773 5
4007 4950 4
6660 6868 1
599 6537 13
1492 8494 2
7056 8079 2
3918 7777 2
2564 6127 3
3530 5097 2
4240 6900 3
3047 3370 4
4409 7913 3
5900 6835 1
1163 7909 9
969 2137 12
6963 9479 1
2173 5234 3
4877 5962 3
767 8653 6
7666 8508 2
777 1913 7
4700 7526 3
7151 9252 2
7314 9611 1
2033 2859 2
2919 3048 6
6036 6078 1
2549 3382 1
4306 6636 1
1297 8535 1
2203 4606 5
7336 8381 1
2308 6842 4
1347 4876 7
1775 3430 7
798 2705 4
517 8839 15
3844 7831 1
244 7893 22
5142 6672 1
6561 9227 1
4184 9143 3
8422 9961 1
5179 5556 1
438 1097 7
1372 8149 4
3504 9481 2
273 2855 28
9336 9875 2
6054 9054 2
3185 8481 2
2693 5230 4
2784 4256 2
413 6802 24
1400 8231 1
1485 8577 6
8925 9253 2
4204 8872 1
136 3424 8
3580 6146 3
6656 8673 2
2122 5825 3
9727 9729 2
4824 9960 2
2375 9023 5
1064 2510 1
5032 8556 2
5593 5600 2
3474 3723 2
2365 6399 4
7712 9300 2
574 7879 14
2064 4926 6
5845 7802 2
5723 7985 1
1719 4722 4
3083 9819 4
7278 7832 1
592 863 6
2072 3658 3
5416 7063 1
109 9144 10
5494 7730 1
1027 6672 3
1521 3524 7
1589 7468 2
354 3879 24
1854 9662 2
1212 9188 3
8852 9658 1
347 1747 12
2427 6436 2
6114 8428 1
7484 8167 2
2284 8955 1
3782 9203 1
3997 6970 2
6102 6874 1
1433 2329 9
3606 4154 2
7131 7405 1
920 2184 7
1658 3893 5
5449 7752 2
568 4368 8
4164 7998 3
2460 8559 3
6846 9601 2
3963 5404 3
5999 8482 2
2346 4733 6
4012 4732 4
7663 7885 1
6427 8239 1
5939 7949 1
1978 3735 7
4773 5135 3
1519 8489 4
3889 4804 2
5950 9223 1
6030 6408 2
1585 3899 7
4365 5576 3
8481 9370 2
1458 3040 1
2071 4888 1
2525 7314 4
97 8445 70
8921 9253 2
814 5906 13
1449 7928 1
2016 3924 5
5877 8773 1
6274 8119 1
6520 8052 1
456 6273 14
4804 4871 1
568 5715 11
1589 7910 3
1394 3616 9
1337 8823 8
5304 7398 2
4355 4893 1
3870 7438 2
5527 7209 2
332 375 53
2770 9220 3
1643 7344 3
115 6903 64
3274 8922 1
2021 4077 4
4190 9118 1
4226 6499 1
3774 9170 1
302 8126 34
4189 4407 2
3612 9763 3
1157 6154 7
66 6006 142
2473 6598 4
8366 9090 1
367 7429 23
4024 8424 2
120 1516 81
8346 9467 2
1982 3289 1
1900 4700 5
3143 9287 1
5939 6867 2
1971 6518 1
671 715 4
811 4567 6
3614 5027 2
3301 5500 1
687 9401 15
7277 7599 2
215 2807 3
1069 7061 10
3905 5133 3
1571 4350 1
555 7567 9
566 6157 14
65 9197 140
3628 8722 1
3857 5964 3
4443 8108 3
2319 4229 2
1394 7992 5
3888 6853 1
4340 8721 1
923 6710 6
4351 7935 1
3609 3905 1
6025 8628 1
3142 9130 4
7581 9220 2
2029 2972 2
3038 4411 2
4856 8765 2
6693 6921 2
8725 8789 2
846 2860 8
3123 7623 2
2675 7162 4
1088 1259 6
5907 9301 1
3155 8239 4
889 5487 4
7900 9176 2
2252 5081 4
7855 8727 1
1633 1987 3
5514 6680 2
7396 9140 2
2791 8629 2
1572 9738 7
2997 8584 2
2260 4335 5
5519 8477 1
1614 2221 8
236 9096 40
1018 1395 8
6301 8093 2
8258 8327 2
280 436 32
2637 3949 1
5532 9188 1
2018 2439 6
377 2268 24
5273 8279 1
759 5403 1
1530 7923 4
11 9419 767
4725 8556 3
748 4814 3
241 3796 30
4430 7616 1
72 2124 5
3517 8110 3
274 5486 2
3478 5980 1
168 836 35
1858 2781 4
601 7530 14
1716 6895 1
1726 6883 5
870 5075 7
1507 5064 3
1239 5423 1
7227 8824 2
3822 8215 2
2384 3050 5
4719 8539 2
1991 4277 6
6300 8648 2
418 6494 1
317 5513 19
5289 8610 1
7232 8785 2
6674 6942 1
2657 9769 3
4083 9144 1
6075 9030 2
4135 9824 2
5303 6867 1
4742 8373 3
1030 9269 10
2160 8090 4
5542 8130 2
4054 4463 4
5632 7653 2
441 7597 14
1141 8932 9
4085 5715 1
969 3935 5
4327 8264 2
5497 6322 2
6780 6787 1
1966 2089 9
2388 8590 5
1133 6873 3
3223 6129 4
2162 7500 2
4859 7689 2
969 6912 1
8120 8327 2
4125 9026 2
383 3716 18
4263 4499 1
6255 8114 2
4445 7014 3
5700 7102 2
9123 9716 1
777 2610 9
1288 2551 4
4300 5729 2
1023 4089 9
4471 6051 1
779 7874 6
2437 4806 6
6346 9681 2
3056 6585 2
745 4822 14
2107 8349 3
4782 5674 2
3481 9728 1
1941 6573 3
2941 8682 1
5290 8435 2
1852 8468 4
3239 7792 3
7312 7992 1
753 5119 2
3056 8418 2
2330 8462 5
3154 6443 3
4318 8978 3
5034 6379 1
2298 2623 7
3642 5898 2
7062 9439 2
7150 7198 1
5660 7209 2
3484 7700 3
3002 6691 2
1524 3451 5
1984 5278 1
5399 8025 1
1407 8447 6
6995 9947 2
4622 9073 2
3842 5943 2
969 9998 8
3277 7302 1
2474 6849 2
5214 5800 1
4804 9084 1
1588 3946 8
6992 8204 2
1706 6195 4
4326 5761 1
5238 7312 1
4586 8939 3
4078 7403 1
4631 8842 1
3752 9384 2
3931 7175 3
4147 7501 1
521 1655 8
4418 6575 2
1795 3809 2
3982 5793 1
4219 5807 2
1943 8164 3
4052 7044 1
4351 9245 1
3183 4796 2
2809 9054 2
893 5360 6
6398 9330 2
8635 8705 2
2159 2344 5
933 1052 16
285 2662 33
7496 8468 2
134 9210 25
2692 6194 2
172 4788 12
1491 8382 1
2118 2465 7
5067 8652 2
5917 7104 1
300 9517 31
3063 8426 3
4455 9278 3
4626 4709 4
132 9305 20
3065 7225 1
4586 7155 3
1662 3683 4
167 1730 41
1116 4197 8
3455 6706 1
6406 7346 1
1810 8468 3
5177 9846 1
5997 7741 2
831 5684 1
5761 8785 1
578 3682 17
6518 8344 2
8652 8737 2
1068 5687 1
1821 7478 4
172 4041 49
2321 6585 2
2991 6297 3
3114 6153 4
6657 9697 2
2376 7024 2
2679 7954 2
1719 6045 1
6398 9940 1
3753 7859 3
3407 5525 2
303 7218 34
731 8410 8
254 5683 28
669 1699 9
788 3077 12
6458 9806 2
185 9908 7
4834 7704 3
1193 4957 3
3243 4929 5
1849 4758 1
2771 8312 4
356 9187 20
7591 8983 1
3988 9939 3
1905 5760 2
872 8862 9
4582 5111 1
597 7360 7
6816 8226 2
919 5437 3
2060 8924 4
649 1428 5
3770 9748 1
1649 3625 7
5176 9079 2
529 6539 4
2202 4225 6
5552 9175 2
6829 7808 2
4827 9435 3
506 3261 7
2261 6095 4
1506 8852 2
7975 8929 2
4981 9269 3
2973 8312 1
313 2011 31
4304 5912 2
2249 8091 5
3929 8309 1
5614 9435 2
136 6344 38
3057 5287 2
6492 9880 2
3935 7986 2
4783 8361 2
6956 9292 1
2671 8701 2
1500 8003 6
4845 7677 3
8526 8668 1
2221 7405 4
1950 3246 4
6287 9885 1
4118 6741 3
7867 8762 2
4535 7413 1
4261 6295 3
5120 6741 2
2367 3102 6
3029 6356 4
4808 8964 3
6726 9565 1
3248 7805 3
1686 9970 4
2284 4943 3
1515 6612 5
8709 9375 1
2371 5725 3
2736 9629 4
4443 6667 1
3999 4589 2
157 4842 6
4122 5301 1
4177 9454 2
5343 6293 1
1135 4519 1
2790 3807 4
4054 6435 1
4855 5840 1
3463 7481 1
6757 8855 1
1627 6431 4
4877 9095 3
2225 6528 2
2414 4219 6
8014 8244 2
1276 1528 5
1327 7818 7
31 4410 164
3828 8611 1
311 1730 22
1786 7420 1
3947 9285 3
730 4974 13
662 6420 16
4843 9775 2
3078 6677 1
4404 6279 3
4524 5197 2
4812 6417 1
7862 9802 1
5688 7737 1
5796 8138 2
2495 5637 3
8283 8319 2
3344 3982 4
2142 8892 4
829 6606 7
298 1460 20
1277 6773 7
5462 6704 2
2597 8014 1
2334 4316 2
1973 5902 1
4922 6089 3
5589 7089 2
523 2567 3
3536 4977 3
6640 9289 2
2342 8593 5
8359 9547 1
3405 8437 1
5228 8029 1
7939 8992 2
2995 7789 4
5994 9227 1
4204 6640 3
493 4559 10
5133 5899 2
3969 8112 1
1563 8375 5
117 7206 45
5217 7421 2
5488 7348 2
3054 9718 4
2453 5742 4
2411 3126 6
1649 4324 4
8696 9580 1
1252 1468 13
6406 6894 2
1938 9137 1
783 9915 13
2505 3227 1
1523 6674 7
5188 7968 2
3382 8928 2
2081 4683 5
81 3206 67
4078 7418 3
165 7053 8
1034 1341 14
4287 6233 3
732 7722 14
737 8908 14
6553 9560 1
3229 6752 2
2996 9190 3
3463 3947 1
5304 6294 1
6142 7395 1
5392 6142 1
1227 9732 2
6812 9340 2
3586 7369 1
195 3788 26
1332 2428 4
6220 9270 2
987 7451 3
5095 8301 1
6837 8334 2
876 3626 3
297 8958 11
10 8290 60
3227 6583 3
524 6027 8
3125 8823 3
6225 9645 1
8114 8572 1
2096 4257 5
6172 6413 1
2305 5287 3
644 6619 10
7153 9637 2
4692 9206 1
2162 7088 1
5879 8655 1
833 7598 6
898 8531 2
1322 2606 4
2148 6743 5
2205 6420 5
2687 6279 1
2689 4307 5
347 2438 9
1907 4339 2
4971 8567 1
3889 5122 2
1555 5308 4
2827 4615 1
2588 8362 1
651 8369 9
3688 5166 3
2862 9598 4
1475 1539 3
2769 5805 1
3403 4116 2
1829 8262 5
2044 4404 1
5178 5222 1
1967 8347 2
8953 9886 1
235 6124 1
3013 9660 2
1395 7550 8
2902 8111 1
7452 7741 2
3469 6953 1
5101 5638 2
1851 6626 4
5897 8609 2
6619 8259 2
8550 8917 2
7899 8138 2
300 1116 8
3689 7177 1
2518 4946 1
8604 8729 1
5602 7141 1
2772 4060 2
5491 6704 2
2657 9920 1
3067 9208 4
2735 6350 2
355 1482 28
18 769 206
5933 9109 2
317 8572 11
1613 3682 7
4040 4711 1
5680 6560 1
7402 8577 2
2803 4200 5
4051 7484 3
4736 8306 3
2043 5878 5
3196 3291 2
3109 8432 4
6482 9170 2
5639 5867 2
5335 6718 2
8983 9750 2
902 3238 2
4182 5016 1
532 1066 4
327 3458 30
2559 7975 1
3155 5991 4
5862 8716 2
3654 3807 3
5766 9138 1
8209 8867 2
7784 9636 2
6333 8164 1
1784 7973 5
4014 9224 3
296 4529 7
3958 9061 3
2957 3837 1
4310 4422 4
6962 9443 1
1712 8707 6
650 1939 20
6002 9788 1
2628 6476 1
2253 4057 1
4653 4860 2
1478 2932 4
5365 8572 2
1536 1606 6
1333 7623 6
1341 6283 8
4288 9179 3
3897 3940 3
3288 4130 1
2992 8277 3
3700 9810 2
2523 7283 4
3872 8818 2
4986 6079 2
7934 9620 1
7361 8227 2
1086 9896 7
3056 8066 4
34 8567 285
3041 8353 1
1857 6945 3
2118 9297 4
9543 9764 2
507 3688 16
2321 9661 2
236 4636 1
1939 8717 6
1808 2728 2
4881 7653 1
3795 7783 1
3099 9967 4
25 5637 153
1724 3456 1
1500 8816 4
8208 8976 2
2792 8431 3
1947 5413 2
4994 5523 1
1059 1299 4
6091 7730 1
432 8166 11
3906 7251 3
2540 9366 1
9660 9703 2
3188 5093 1
159 8066 1
4123 7883 1
6167 6477 1
3042 6237 1
1086 6443 8
426 6800 19
4204 8231 3
7549 8216 2
3512 6378 2
4542 6369 1
5114 7697 1
4532 7995 3
6124 6592 2
841 3397 8
3639 5831 3
3237 8007 2
3682 7452 1
7845 8978 1
1494 2657 2
4290 8235 2
1993 6894 5
4472 5261 2
994 4471 7
3951 6898 1
674 2539 7
1423 2294 3
2172 2929 7
993 6764 1
3133 6577 2
7419 9737 2
170 9199 21
3112 9941 3
3650 6127 1
371 6780 14
6219 7611 1
6212 9042 1
3378 8741 2
6145 6384 1
6767 8918 1
632 8028 3
354 8083 18
639 2586 8
8059 9161 2
771 9354 10
232 8193 43
6200 6521 2
2438 2622 3
5462 7895 1
3394 4505 2
5023 6411 1
372 3388 14
4636 8046 2
5034 6175 2
210 2347 45
6381 9678 2
3058 6141 1
8741 9094 1
1237 3525 5
1533 8098 6
1699 6702 2
5220 6618 1
1485 7244 6
7988 8652 2
5046 9176 1
4610 4936 4
1910 4677 3
538 1693 22
322 1607 1
3735 5095 2
86 3957 89
2991 6073 2
45 7827 55
3951 7953 1
921 6574 2
3611 6387 1
2409 4223 2
6335 7567 2
6652 9485 1
2507 7791 2
1637 6712 3
3895 5225 2
3270 5884 2
2180 4790 3
4647 9292 3
1346 4563 9
7184 9321 1
2435 3738 5
2179 5861 2
4318 4965 2
3342 4595 1
6301 7572 2
2012 4997 4
6841 7087 2
274 8625 24
4257 9973 2
3045 9765 4
202 8274 3
6085 9992 2
298 5727 23
3799 8898 1
4521 7556 3
1340 1933 6
369 1418 33
2588 8492 3
244 7679 6
3420 9374 2
2698 2973 3
3302 8136 1
5002 5249 1
3011 3458 3
5896 8329 1
688 3927 14
2764 3234 1
3736 9829 1
4799 6244 2
7345 8760 2
403 7861 22
282 785 10
385 6175 7
6170 9893 1
3047 5979 3
523 7203 19
3767 7916 2
3069 9473 1
5227 5263 1
6025 6184 1
1437 7984 5
3956 6271 2
463 8887 2
516 7326 17
96 4939 87
2353 5859 5
1997 9385 4
4807 6710 1
5298 8684 1
1800 6613 6
3219 9596 4
2600 9352 3
2009 8377 2
4423 5290 1
479 3667 4
3884 7754 2
4221 8588 2
2250 2773 3
274 1714 17
4350 4944 3
7430 8376 1
843 6416 8
4017 6196 1
2598 4043 5
1755 8665 5
6316 6901 2
1134 5084 8
3716 4124 2
6794 6907 1
1701 6035 1
1770 2506 8
180 3984 56
584 4877 17
7635 8647 1
8287 9466 1
3620 6602 3
5470 8272 2
2678 4887 5
2401 7589 5
80 4805 50
2466 4848 1
337 3117 1
5786 9994 2
510 926 3
1351 5974 1
6156 9957 2
664 3017 12
3625 7602 2
3273 6152 3
1184 7251 5
1100 9399 4
3474 7168 1
1359 2138 7
15 7018 453
7117 9484 1
1358 9917 1
1322 7678 5
453 8988 7
1255 6405 6
1071 7334 4
8680 9153 1
3364 7834 2
912 4727 7
1737 3154 6
2841 3492 4
3024 3916 2
2737 7810 4
6276 8121 2
2079 4578 4
5648 7778 1
6000 7647 1
4796 5734 3
254 4201 40
3588 7383 2
1908 6269 2
8079 8525 1
516 9380 1
3752 7653 3
4236 4716 3
601 5564 5
3263 9978 2
2496 4387 6
969 8993 9
1088 6427 8
631 3070 3
5414 9711 1
5618 5925 2
7266 8648 2
7465 9636 1
2777 9236 2
1684 5920 2
2694 3754 2
487 9797 16
2358 2410 8
5457 5698 2
6275 9684 1
835 7634 10
2077 4478 3
5502 7561 1
3535 8096 2
2302 4135 5
7615 9396 2
5851 6486 2
1048 9659 6
8228 9735 1
1259 2474 5
293 673 44
1036 6789 7
4049 6867 2
3874 6916 2
571 5324 3
5095 6764 2
7876 9646 1
100 6317 55
2169 7601 5
4224 5401 1
1124 1805 13
883 8809 3
2162 4811 6
951 3430 8
3703 5386 1
7635 8146 2
