2
3
4
8
9
10
14
15
16
20
21
22
26
27
28
32
33
34
38
39
40
44
45
46
50
51
52
56
57
58
62
63
64
68
69
70
74
75
76
80
81
82
86
87
88
92
93
94
98
99
100
104
105
106
110
111
112
116
117
118
122
123
124
128
129
130
134
135
136
140
141
142
146
147
148
152
153
154
158
159
160
164
165
166
170
171
172
176
177
178
182
183
184
188
189
190
194
195
196
200
201
202
206
207
208
212
213
214
218
219
220
224
225
226
230
231
232
236
237
238
242
243
244
248
249
250
254
255
256
260
261
262
266
267
268
272
273
274
278
279
280
284
285
286
290
291
292
296
297
298
302
303
304
308
309
310
314
315
316
320
321
322
326
327
328
332
333
334
338
339
340
344
345
346
350
351
352
356
357
358
362
363
364
368
369
370
374
375
376
380
381
382
386
387
388
392
393
394
398
399
400
404
405
406
410
411
412
416
417
418
422
423
424
428
429
430
434
435
436
440
441
442
446
447
448
452
453
454
458
459
460
464
465
466
470
471
472
476
477
478
482
483
484
488
489
490
494
495
496
500
501
502
506
507
508
512
513
514
518
519
520
524
525
526
530
531
532
536
537
538
542
543
544
548
549
550
554
555
556
560
561
562
566
567
568
572
573
574
578
579
580
584
585
586
590
591
592
596
597
598
602
603
604
608
609
610
614
615
616
620
621
622
626
627
628
632
633
634
638
639
640
644
645
646
650
651
652
656
657
658
662
663
664
668
669
670
674
675
676
680
681
682
686
687
688
692
693
694
698
699
700
704
705
706
710
711
712
716
717
718
722
723
724
728
729
730
734
735
736
740
741
742
746
747
748
752
753
754
758
759
760
764
765
766
770
771
772
776
777
778
782
783
784
788
789
790
794
795
796
800
801
802
806
807
808
812
813
814
818
819
820
824
825
826
830
831
832
836
837
838
842
843
844
848
849
850
854
855
856
860
861
862
866
867
868
872
873
874
878
879
880
884
885
886
890
891
892
896
897
898
902
903
904
908
909
910
914
915
916
920
921
922
926
927
928
932
933
934
938
939
940
944
945
946
950
951
952
956
957
958
962
963
964
968
969
970
974
975
976
980
981
982
986
987
988
992
993
994
998
999
1000
1004
1005
1006
1010
1011
1012
1016
1017
1018
1022
1023
1024
1028
1029
1030
1034
1035
1036
1040
1041
1042
1046
1047
1048
1052
1053
1054
1058
1059
1060
1064
1065
1066
1070
1071
1072
1076
1077
1078
1082
1083
1084
1088
1089
1090
1094
1095
1096
1100
1101
1102
1106
1107
1108
1112
1113
1114
1118
1119
1120
1124
1125
1126
1130
1131
1132
1136
1137
1138
1142
1143
1144
1148
1149
1150
1154
1155
1156
1160
1161
1162
1166
1167
1168
1172
1173
1174
1178
1179
1180
1184
1185
1186
1190
1191
1192
1196
1197
1198
1202
1203
1204
1208
1209
1210
1214
1215
1216
1220
1221
1222
1226
1227
1228
1232
1233
1234
1238
1239
1240
1244
1245
1246
1250
1251
1252
1256
1257
1258
1262
1263
1264
1268
1269
1270
1274
1275
1276
1280
1281
1282
1286
1287
1288
1292
1293
1294
1298
1299
1300
1304
1305
1306
1310
1311
1312
1316
1317
1318
1322
1323
1324
1328
1329
1330
1334
1335
1336
1340
1341
1342
1346
1347
1348
1352
1353
1354
1358
1359
1360
1364
1365
1366
1370
1371
1372
1376
1377
1378
1382
1383
1384
1388
1389
1390
1394
1395
1396
1400
1401
1402
1406
1407
1408
1412
1413
1414
1418
1419
1420
1424
1425
1426
1430
1431
1432
1436
1437
1438
1442
1443
1444
1448
1449
1450
1454
1455
1456
1460
1461
1462
1466
1467
1468
1472
1473
1474
1478
1479
1480
1484
1485
1486
1490
1491
1492
1496
1497
1498
1502
1503
1504
1508
1509
1510
1514
1515
1516
1520
1521
1522
1526
1527
1528
1532
1533
1534
1538
1539
1540
1544
1545
1546
1550
1551
1552
1556
1557
1558
1562
1563
1564
1568
1569
1570
1574
1575
1576
1580
1581
1582
1586
1587
1588
1592
1593
1594
1598
1599
1600
1604
1605
1606
1610
1611
1612
1616
1617
1618
1622
1623
1624
1628
1629
1630
1634
1635
1636
1640
1641
1642
1646
1647
1648
1652
1653
1654
1658
1659
1660
1664
1665
1666
1670
1671
1672
1676
1677
1678
1682
1683
1684
1688
1689
1690
1694
1695
1696
1700
1701
1702
1706
1707
1708
1712
1713
1714
1718
1719
1720
1724
1725
1726
1730
1731
1732
1736
1737
1738
1742
1743
1744
1748
1749
1750
1754
1755
1756
1760
1761
1762
1766
1767
1768
1772
1773
1774
1778
1779
1780
1784
1785
1786
1790
1791
1792
1796
1797
1798
1802
1803
1804
1808
1809
1810
1814
1815
1816
1820
1821
1822
1826
1827
1828
1832
1833
1834
1838
1839
1840
1844
1845
1846
1850
1851
1852
1856
1857
1858
1862
1863
1864
1868
1869
1870
1874
1875
1876
1880
1881
1882
1886
1887
1888
1892
1893
1894
1898
1899
1900
1904
1905
1906
1910
1911
1912
1916
1917
1918
1922
1923
1924
1928
1929
1930
1934
1935
1936
1940
1941
1942
1946
1947
1948
1952
1953
1954
1958
1959
1960
1964
1965
1966
1970
1971
1972
1976
1977
1978
1982
1983
1984
1988
1989
1990
1994
1995
1996
2000
