1000
2 7 3774
7 8 1323
2 4 356
5 7 2165
8 10 648
5 6 2882
6 7 1657
2 7 3242
4 9 436
7 10 1478
2 9 936
8 10 432
7 9 2212
1 9 1032
1 8 786
2 4 2445
4 7 1445
3 6 1306
1 7 872
2 10 3404
1 3 2941
2 10 167
6 8 1352
4 6 2335
7 8 1290
7 10 792
2 10 3065
2 9 4882
8 10 624
5 10 753
9 10 813
5 9 2383
2 8 200
4 6 840
4 7 2634
4 8 168
3 10 3029
5 8 765
3 5 3508
7 10 238
8 9 1595
2 7 1139
1 5 2672
3 5 1271
4 6 719
8 10 156
1 6 5907
3 5 3511
5 6 2584
3 9 123
1 9 5329
4 7 1420
3 7 1762
4 7 2545
4 9 122
8 9 582
2 7 3249
2 10 1187
9 10 62
4 6 1712
5 6 483
4 5 59
7 9 1347
4 9 217
4 10 1360
2 10 590
4 7 697
5 7 300
5 8 2589
7 10 300
2 9 2944
2 9 48
2 9 1550
9 10 980
4 6 2478
1 9 1021
8 10 64
5 8 880
4 8 1194
1 10 7300
2 10 2076
3 4 975
2 4 1765
8 10 1391
2 6 1013
1 9 8662
5 8 2729
6 9 329
7 8 513
6 7 13
5 6 2112
9 10 1261
2 4 2344
1 6 5816
1 6 4830
1 4 7335
6 7 1938
9 10 1675
1 10 5600
2 7 592
1 2 1104
1 3 5037
1 9 2203
2 5 272
1 9 8183
4 7 1830
2 4 480
1 10 2575
1 9 6969
1 6 5164
2 7 4508
2 6 729
1 6 4971
1 4 5999
1 8 1313
8 10 1453
5 10 569
2 8 1007
1 5 1560
4 5 390
1 9 874
7 8 1582
5 6 66
1 8 831
6 9 1460
4 5 1927
2 6 1224
4 6 2178
2 8 3067
2 4 1105
5 10 801
4 10 1212
8 10 335
3 6 807
2 7 2117
2 3 4214
5 7 1045
1 6 170
2 7 2369
3 9 831
4 5 1543
5 9 1746
5 10 791
5 6 2456
1 10 5502
3 5 410
7 9 744
7 10 2125
2 9 3326
3 10 3029
1 2 4370
3 9 725
2 9 198
7 10 1573
7 10 218
4 8 1241
3 7 730
6 8 353
6 8 1490
5 8 101
6 8 16
3 6 1442
1 3 4069
2 9 4585
6 9 1234
1 5 1946
1 7 517
4 9 547
6 10 1373
5 9 103
1 4 7294
5 8 1125
3 9 784
1 2 1455
4 5 738
2 7 2747
8 9 714
5 7 100
1 4 2330
5 7 1810
4 9 387
1 3 367
6 9 443
4 6 793
2 7 985
2 5 401
1 2 1251
4 6 1803
5 10 880
1 6 6719
2 9 4874
8 9 1717
6 9 365
2 5 4900
7 9 1503
1 7 7823
1 4 56
8 9 774
1 2 1778
1 2 363
3 6 556
4 6 784
9 10 970
2 7 4254
5 7 1791
3 9 1529
5 7 942
4 9 1211
4 5 762
7 8 1307
6 8 126
5 8 1036
2 9 3753
1 10 1142
2 8 202
1 7 6269
4 9 569
3 4 3407
2 4 2170
4 5 682
2 4 2133
3 4 861
3 5 2629
5 7 1590
2 3 1164
8 9 1700
5 6 537
3 4 1413
8 10 1589
4 6 2425
5 9 1135
2 4 220
1 5 2599
7 8 495
1 7 2976
3 7 3576
3 9 572
6 7 507
2 8 2549
1 5 4669
5 10 481
8 9 112
3 6 1318
4 7 1154
4 5 807
7 10 1326
6 10 263
1 3 4179
2 8 513
9 10 1518
2 6 926
3 4 3713
1 3 5215
1 4 6059
3 5 3297
5 8 531
9 10 674
1 4 4125
2 10 3831
2 3 856
3 7 1026
5 10 335
4 5 817
3 5 164
1 5 2096
7 10 323
5 8 2016
3 8 3008
3 10 2402
3 10 1294
3 7 1764
9 10 1627
2 7 4309
1 2 1259
9 10 738
2 6 194
1 5 5711
1 4 940
3 10 3000
6 10 1468
3 6 1557
4 6 2221
6 8 608
5 7 2467
3 8 2943
5 8 1504
4 6 1991
4 7 1491
7 10 331
3 8 3276
4 8 766
1 8 7768
7 9 1139
7 10 1174
1 4 4837
4 6 1912
1 7 7328
2 5 574
4 9 699
1 4 4055
3 5 2024
1 6 481
2 4 1924
1 5 2623
6 8 64
2 10 201
1 8 8071
7 8 517
2 8 2147
4 10 450
4 8 115
2 7 4164
3 5 2473
1 9 380
3 8 1267
3 10 2832
7 10 1054
3 7 3565
4 10 749
7 10 1611
1 4 5114
2 7 4928
3 6 1086
1 6 1867
3 9 905
2 10 3021
3 8 806
2 5 2913
1 6 3689
1 8 3346
1 9 4538
1 3 5374
2 9 3529
7 9 804
2 7 2456
6 10 95
7 8 177
2 9 1951
1 2 2675
2 4 1120
1 4 6699
1 2 3668
2 9 3643
3 4 1859
6 8 820
8 9 1968
2 3 4204
5 6 2323
6 10 1698
2 7 1538
2 6 2530
4 10 2260
1 2 81
9 10 1829
2 4 1609
3 5 2170
7 9 737
3 9 539
7 9 907
4 10 1991
3 8 1990
3 5 2274
3 9 589
2 10 3398
6 10 1447
4 6 752
2 9 4250
2 5 2197
8 9 668
1 5 7734
7 9 794
3 9 1759
3 4 123
2 8 685
3 8 2931
5 10 855
3 10 3391
7 8 2069
2 4 1996
2 5 2360
2 8 1012
5 6 519
6 7 1475
2 5 3949
9 10 1764
5 10 527
1 6 3019
3 5 2070
4 6 2410
7 10 1022
2 10 1261
2 9 4358
3 8 1838
5 7 1608
8 10 409
4 8 394
3 5 1497
4 7 3119
8 9 1952
3 10 2108
4 10 2399
7 9 1806
4 8 383
1 6 7150
5 8 377
4 9 1484
2 10 3435
7 8 1020
5 10 932
2 7 874
1 9 1215
6 9 1344
3 8 682
3 6 942
1 6 5968
2 7 580
9 10 973
5 8 1319
4 6 1077
4 8 567
6 7 2031
7 10 2115
9 10 1314
2 10 745
4 7 3189
2 9 2332
6 7 1881
5 10 778
6 10 956
3 10 1269
3 6 1127
3 10 3197
1 5 1560
8 10 638
3 7 3431
3 7 3040
7 8 109
6 9 1458
1 2 64
7 10 365
4 7 800
4 10 305
3 5 3288
4 6 494
9 10 214
7 9 1881
5 9 296
1 2 799
1 8 3979
5 10 324
5 7 739
5 8 2189
1 5 4536
3 7 1642
3 4 141
1 4 1717
1 4 2501
4 7 1036
5 10 381
3 7 1032
3 4 4089
2 10 134
4 6 2184
6 10 34
5 8 2434
4 9 930
6 8 814
8 10 465
2 9 912
2 9 3539
3 8 3543
7 8 517
1 4 2821
4 9 2257
8 9 1358
4 6 1819
1 8 886
5 10 898
7 10 703
5 7 773
3 10 1649
1 6 4477
1 8 6523
3 10 141
8 9 401
6 7 673
2 8 2690
8 10 693
1 3 6424
2 7 624
3 9 1346
3 6 48
2 3 3081
4 6 116
5 7 1142
5 10 641
8 9 1843
3 9 1691
3 6 1541
7 10 231
2 8 1292
3 9 938
3 4 3398
4 10 858
1 10 1566
8 10 378
4 5 2677
7 9 1661
5 7 541
1 6 2817
3 10 92
4 9 1496
5 8 1673
5 10 338
1 7 5449
1 10 6771
3 8 3297
1 2 1963
4 9 1737
5 6 1716
2 10 3320
8 10 167
8 10 148
4 9 171
1 8 5386
8 10 501
3 4 2963
4 8 432
1 2 4443
2 6 1165
2 10 3337
5 8 403
3 6 340
2 3 1936
2 7 1410
1 7 3496
1 5 6946
4 6 1595
2 3 3206
3 6 596
9 10 398
1 2 3847
7 10 736
9 10 1697
4 8 904
2 8 183
1 3 725
4 8 933
6 9 1349
2 7 4586
1 8 1456
3 7 2260
4 7 162
1 6 3456
1 4 2090
6 7 787
7 9 17
1 6 5167
2 9 948
7 8 1651
5 7 595
4 7 285
8 9 2066
3 9 1239
6 8 1716
3 6 865
9 10 1457
4 9 530
1 9 7001
2 8 876
4 6 1095
8 9 1121
1 2 392
6 7 2451
4 6 945
4 7 1079
5 9 244
2 9 2673
6 10 1418
5 10 731
2 10 2726
4 10 88
2 4 649
2 5 1373
1 8 5063
1 5 3971
2 3 3904
3 6 1082
3 9 1704
2 10 20
4 7 2613
9 10 123
7 8 979
1 8 4000
5 10 283
2 5 1352
2 7 4277
5 7 837
2 6 51
9 10 1729
7 10 1943
8 10 1218
3 9 821
6 10 1519
1 7 7339
3 4 2723
5 9 2493
1 6 1529
5 9 1690
3 10 3500
3 4 1148
1 9 7056
9 10 33
1 3 5918
6 7 2551
4 7 494
2 10 95
8 10 13
1 10 6255
8 10 842
4 6 709
4 7 266
1 10 6845
2 10 3745
8 10 552
3 7 1953
7 8 2196
3 6 49
3 8 1763
1 4 2036
2 7 3183
2 6 1044
4 8 632
5 6 187
1 8 1488
9 10 308
9 10 219
9 10 1092
5 7 886
2 10 3245
1 2 4156
2 8 1980
2 8 288
1 5 2420
1 10 3007
3 9 1046
8 9 1738
8 9 1336
3 7 3573
1 7 4518
1 5 355
3 7 1936
2 7 1304
2 7 4863
4 8 526
1 3 4404
3 5 3794
5 8 472
2 5 4080
2 7 4122
4 5 3387
1 10 137
4 7 2490
9 10 1047
3 9 1999
2 6 2312
5 8 1286
1 8 5922
3 7 3760
1 3 144
1 8 1785
5 10 762
6 10 322
5 6 2111
7 8 622
6 8 852
2 4 1139
1 7 6981
6 8 879
3 4 3195
5 8 2184
6 8 1897
3 5 2189
5 8 1240
5 8 1502
3 5 1110
1 2 1996
7 9 1935
3 6 1063
9 10 1204
4 6 109
4 9 2111
7 9 1336
6 7 291
1 3 1134
5 9 1628
2 8 3142
2 8 1544
6 10 1358
2 5 937
1 4 4924
5 6 643
3 5 3814
9 10 524
6 8 1855
7 8 1264
2 10 2518
7 10 340
3 5 2111
3 6 1564
9 10 1862
9 10 1565
1 9 4881
1 7 700
6 9 448
8 10 1583
1 9 4443
1 4 364
3 6 1464
5 8 2661
7 8 2194
5 8 2056
5 10 179
1 9 4932
5 10 300
2 10 1451
4 5 1279
6 9 1308
9 10 388
7 8 866
2 10 3283
2 10 2557
1 7 3567
1 4 7350
7 9 211
1 4 4338
4 5 1824
5 10 393
1 4 2000
1 7 5894
4 7 3054
9 10 1716
1 10 4044
1 10 8573
4 5 1710
3 9 1799
1 4 1788
3 5 865
1 3 6410
5 7 1471
1 3 2893
5 9 2455
4 9 992
2 4 1318
2 7 2131
3 10 1312
1 5 4930
1 6 1233
5 8 2390
3 4 596
4 9 2118
7 9 1101
6 10 1940
5 8 1733
3 8 1286
4 10 2468
2 6 1922
2 10 2203
1 3 4666
1 10 4600
2 8 1231
5 10 486
3 4 3838
4 5 173
8 9 806
7 10 361
9 10 1435
1 7 3933
5 10 42
4 8 392
1 10 1255
4 8 899
2 4 470
2 3 3883
8 10 464
4 10 2019
1 6 884
1 10 4937
9 10 1578
5 10 972
1 3 2793
2 4 1837
8 9 1053
3 6 165
2 4 1502
1 9 1437
4 10 165
8 10 1314
2 8 1019
1 7 7257
4 5 2507
5 10 107
2 9 4197
8 9 676
1 8 1551
1 8 1798
1 5 419
4 10 2333
1 5 886
1 3 3816
2 9 478
2 5 688
1 9 8886
3 10 770
3 7 1140
4 7 1670
1 8 4237
2 7 2327
6 8 1841
6 9 106
2 4 645
8 9 1543
1 8 7319
2 8 3027
3 8 2732
2 8 223
2 3 914
7 8 315
7 10 727
1 8 3196
8 10 1287
4 8 140
5 9 651
3 10 2523
3 5 3433
7 9 1211
1 6 5329
5 8 258
3 7 872
1 8 3264
5 8 281
6 8 2014
1 4 1226
1 7 4011
5 9 1346
7 8 2225
5 9 2031
3 7 1004
1 9 6270
3 10 544
7 9 1350
2 5 4658
2 5 1689
7 9 234
2 9 3704
2 4 910
3 7 2481
2 5 2135
3 6 702
6 10 415
5 9 2192
3 9 1793
2 6 2326
2 8 2211
5 8 2579
6 10 305
3 5 1826
5 8 848
2 10 1470
1 7 534
8 9 187
1 2 4297
4 7 764
4 7 140
1 3 3671
3 7 3325
1 8 2627
6 7 288
4 5 381
5 9 1795
5 8 1077
2 7 4884
3 10 788
2 6 807
2 8 2229
7 9 923
3 7 1104
4 5 322
5 8 1550
7 8 651
5 8 1847
4 6 1078
4 8 134
1 2 1556
3 9 1806
2 4 451
3 7 2590
2 7 1507
5 7 1421
3 9 1083
5 7 2173
2 4 1892
2 9 2630
4 7 2856
3 5 3394
6 9 523
1 10 5476
3 4 2585
5 7 2361
3 5 1846
2 5 1442
2 6 2585
3 5 3054
7 8 423
3 5 2048
5 6 1314
6 10 446
6 10 1191
3 8 2058
3 9 838
6 7 577
6 8 1520
6 8 1129
3 8 1050
2 4 1108
1 6 7784
7 9 1969
3 10 2639
4 6 423
8 10 1003
4 6 1231
2 3 2744
7 10 400
2 8 3672
5 6 2452
6 8 432
8 9 1829
2 4 1752
3 4 3523
3 5 1414
1 7 1839
2 8 311
2 5 3112
2 9 1633
4 9 3037
2 3 1825
2 7 62
5 9 1206
1 3 1357
1 3 6077
5 8 880
2 4 169
7 8 449
3 5 2855
2 5 1570
1 2 3754
6 9 1156
1 3 5205
4 7 233
1 7 2600
6 9 869
2 3 1339
2 9 1436
2 5 4527
2 8 3171
3 10 2788
4 10 725
2 8 1338
5 9 2016
4 9 838
6 10 425
3 9 1704
1 9 7035
1 7 2233
1 10 1610
1 7 1596
6 7 1595
4 7 2867
1 8 1450
1 2 2195
5 7 2296
5 9 2633
2 8 60
1 7 6341
3 9 1584
9 10 325
3 9 1775
5 6 1969
1 2 441
1 10 293
1 8 6559
3 10 1001
7 8 693
4 9 725
4 8 115
2 5 2594
3 7 2377
1 3 4494
2 6 177
5 6 784
