7548
5696
1422
7575
3700
9606
6324
6484
1424
6895
1870
2464
9947
1160
898
9778
4494
7833
1017
8508
4411
416
6488
9340
5558
3690
7662
9764
3568
7525
4300
8935
532
3356
8192
1340
8260
2780
8769
1106
7656
2276
3339
3175
2874
890
7088
8778
8615
552
5995
4416
4626
7916
400
2790
6498
2966
324
6846
1608
168
6062
708
5436
1474
2168
1045
9415
1393
5888
96
3100
5184
9908
1148
368
3195
9548
8111
5188
2337
7058
7944
3038
9744
9925
1971
2208
49
7038
6678
9374
6979
5795
9779
7399
8865
6222
1183
2207
7555
2478
544
9205
5692
1918
2861
7840
6196
9014
2186
5965
7998
1500
8300
5685
2684
1949
1112
983
6811
220
949
8757
5505
3670
8708
8178
4418
8005
4848
1910
4839
4234
8427
3655
203
4738
3738
4408
6545
7905
8184
6113
1025
3348
9912
6651
8260
8739
3261
394
7336
1015
9924
1917
1692
7146
368
78
8649
6103
9170
7404
2432
603
1788
6860
385
9725
4090
3525
2909
2108
5494
3424
345
3106
6330
1268
550
2655
3172
1968
802
2501
7208
8795
8062
9747
8240
2187
9798
6762
9126
74
3712
3555
725
3333
3136
5139
8506
6270
6879
3297
3964
2175
5628
606
3768
7504
1268
538
7313
1860
8176
8678
1948
8530
2067
6573
5560
2326
8160
1788
3390
9072
9700
4255
878
3248
2135
3471
9384
2571
1938
6796
5836
4805
536
7905
3591
2305
6188
1310
6268
1366
8037
2776
8910
7822
8078
8241
1930
3564
5499
9576
1712
2694
3345
2332
410
2619
1505
7330
8022
6550
3528
4629
8610
8617
2517
3906
580
7138
1253
8180
7338
9339
8884
2916
8631
7845
5465
7962
4636
1547
8733
6124
8877
5124
5480
6449
7648
8549
1146
2286
5406
5060
577
7694
3278
304
502
9223
2224
5724
1796
916
8326
6183
427
3376
7722
4920
9357
2992
7518
6818
9854
6513
2240
4071
7552
2148
5825
4426
3823
5105
8060
7058
3618
4910
470
760
3900
5349
4478
8931
7335
7284
4460
3930
9448
8408
7745
8484
3074
7588
9036
161
9680
6434
5424
3312
2424
4077
7964
5307
5682
2649
8494
7236
3006
8500
4394
3204
9667
3570
7914
294
1826
7815
8545
9249
8912
7982
4718
2698
1728
5634
7896
9333
5265
3622
5172
9640
4770
3152
8716
4902
5625
2336
3148
3741
9702
9369
5748
9592
8120
3060
8579
1370
4852
8586
4392
9315
1746
1366
8058
1816
5649
7161
1158
5150
4792
4304
4532
7752
9863
6957
1862
9920
4664
7176
7775
4780
3460
6759
8718
1949
3648
9003
7977
469
8742
127
1701
2485
1216
8217
1974
1130
8463
1107
1597
4547
3235
2583
7955
5669
4311
339
2289
3334
3224
3805
2706
9812
334
8732
168
8850
3042
3904
2656
1824
7078
9447
2224
3761
7388
6516
7276
1012
8975
3276
2705
4494
5372
7454
381
1920
2569
7172
3952
9635
1248
6054
285
6160
462
3997
6405
8840
7608
9243
1078
3444
4218
8154
3430
1739
2152
7648
7470
1895
3380
250
4892
6085
3375
6357
7523
8792
3925
5680
5718
8298
950
848
558
6155
2860
7110
3452
8885
3494
8342
1464
2037
3872
2820
4078
8682
6378
6411
3573
2106
7693
3437
8980
7228
486
1087
7460
8091
9172
1663
5931
500
4147
2786
3003
77
6200
1896
7105
2080
884
9912
5574
8238
5187
7710
1736
7876
2334
4376
5376
783
9354
3776
3353
915
5344
7090
7305
6814
350
2594
2745
5786
4963
7808
6489
7665
48
8128
650
4216
4571
2825
2704
8552
2926
152
9150
9065
6952
3693
7596
8562
6534
9345
1834
6335
9546
2754
7937
170
8876
9737
1533
236
70
6949
4810
2836
826
7605
9362
3150
5127
9456
291
4698
2714
6364
3130
5052
620
1700
1630
1152
5780
3100
8112
8311
5278
766
3024
3341
4704
8336
6416
9378
5270
443
5079
2608
9724
4204
6605
9485
1712
8158
8242
9675
152
7744
5540
8994
6934
4672
6767
9867
215
2039
7615
1608
7035
2674
4088
4554
8144
4216
7665
7940
9104
5470
4505
5460
2772
3991
8708
6375
6370
436
6904
6012
1110
1700
6102
8378
4116
6790
1874
6565
2142
9534
2770
8898
5446
6294
1582
5275
9381
9855
8289
5491
816
2688
9048
4998
485
8781
9672
9448
7472
1785
5548
2995
3626
3652
7842
2050
3728
8206
6392
4161
9799
952
5783
5210
3925
2666
6876
9500
9080
4493
9525
4885
8094
2383
2163
9614
5150
4339
9205
3248
5270
4262
3579
6162
1479
8690
1431
6930
4950
9700
6300
3426
9870
5764
5506
6998
5111
3282
4855
9210
492
3864
1687
7596
4588
415
3132
1394
7188
1878
7766
2650
8072
1060
5485
8350
9715
4189
7346
5056
987
6006
1616
656
7504
2716
8466
7164
1065
8394
3248
1772
2054
523
9330
1107
5723
956
1375
9996
2097
2991
5194
4842
4654
8838
636
2578
7400
8364
8070
7284
594
1827
1358
3390
3652
7350
1116
2440
6880
8583
5446
6394
936
2286
3730
1020
9664
1634
4679
5049
9584
7615
2634
7053
1482
6075
9315
3376
1050
7407
3638
6513
4268
4209
2076
8217
8067
6976
5894
9376
1520
4565
3085
3674
622
896
8593
2373
434
5506
8727
3002
1099
1088
6730
3912
9766
2148
2420
5942
4149
2895
916
5632
2807
6712
4312
1068
3111
8124
1802
6797
3014
4975
4872
7605
7566
5260
8884
8484
3138
6084
6201
8265
4614
2884
7754
7632
1820
5120
4375
2230
5952
5487
3768
2202
7290
5416
2799
4430
9340
8856
7194
1688
5730
4924
5487
1862
9790
8172
2072
8775
7006
8454
3534
2145
828
6224
3266
9940
3650
122
4520
2035
9115
3195
674
1932
7135
3138
7507
6936
7807
721
3033
5211
2678
2871
9054
8454
7602
2896
3566
7555
2744
2120
7665
7914
2605
1788
1861
6084
8918
1657
4389
8035
9873
158
7397
7125
1720
7986
6560
881
325
7495
2727
2984
2368
916
5186
6240
6740
530
2615
