1000
15 656 350
538 706 8
102 123 69
367 736 3
118 870 50
67 963 101
472 813 27
90 234 92
211 625 13
13 198 409
118 143 30
153 297 3
529 570 28
189 223 32
405 816 26
229 962 39
134 821 56
374 434 31
97 541 120
523 789 13
127 361 74
150 429 49
119 412 42
536 977 19
355 623 34
100 486 56
176 792 2
604 619 23
357 787 29
60 789 42
487 759 26
12 884 610
198 611 35
19 156 17
190 796 18
50 421 8
50 88 117
549 720 25
43 274 121
46 324 227
208 451 53
551 892 8
83 623 97
604 889 5
221 582 10
348 863 30
753 787 25
695 925 1
575 666 22
845 953 16
221 753 43
367 799 12
342 700 26
123 968 18
505 930 29
281 773 24
178 820 23
239 445 55
749 752 15
42 111 3
25 307 383
932 999 2
515 795 22
704 732 23
353 737 24
295 407 24
287 524 8
193 666 13
141 699 68
183 472 64
773 976 9
43 770 80
296 899 17
656 735 13
391 697 18
694 838 23
238 253 72
372 500 14
109 775 70
69 394 23
20 578 136
39 65 84
216 944 20
467 821 13
371 577 14
262 906 39
208 988 16
160 495 49
13 997 216
668 983 4
635 783 3
520 814 8
395 573 36
478 867 2
543 888 9
809 979 11
578 714 23
263 891 7
107 594 41
160 989 31
345 781 15
20 995 441
6 264 957
141 335 20
282 586 8
269 715 46
108 201 109
463 897 22
129 635 62
660 852 23
837 960 12
867 873 19
92 969 79
22 111 421
499 679 20
614 913 13
549 738 9
895 995 14
588 1000 5
742 975 20
161 718 33
532 667 29
211 542 2
151 321 79
200 469 62
340 584 44
242 310 63
413 547 24
280 383 49
265 649 12
670 977 23
258 439 40
420 601 12
450 545 30
71 984 19
785 911 18
306 323 2
687 727 14
16 611 307
527 881 6
31 253 322
134 199 30
132 403 53
201 415 66
420 937 22
252 916 8
749 887 11
11 96 764
320 898 31
5 875 886
317 817 40
42 500 193
204 768 17
367 879 12
443 979 15
665 902 13
155 952 26
325 518 33
302 852 30
551 803 4
796 871 11
215 408 60
523 758 26
186 321 78
568 645 26
659 992 5
594 607 5
112 144 28
344 438 44
36 60 283
197 509 6
71 94 238
741 793 24
385 605 26
268 388 34
369 670 40
145 627 23
107 748 35
321 830 12
73 442 72
899 922 16
2 352 3088
116 779 70
524 969 14
362 440 22
541 701 16
320 830 34
257 818 43
155 637 12
641 886 13
327 941 18
152 368 1
18 789 540
984 992 13
515 977 4
466 567 32
890 963 5
831 848 1
573 982 14
333 993 33
784 984 17
331 819 42
293 996 7
30 609 261
66 758 42
53 191 50
389 949 17
147 280 99
130 770 72
445 886 21
436 550 15
189 323 28
236 454 48
277 821 48
159 643 49
163 806 25
136 880 81
47 708 124
241 356 46
235 567 16
157 569 33
574 944 24
853 905 16
10 696 29
83 824 69
561 972 14
423 937 32
2 171 587
207 926 1
8 737 1015
148 345 45
272 646 4
627 920 9
146 967 52
460 965 14
88 412 40
54 885 153
130 788 6
176 245 64
158 877 35
118 831 38
639 980 23
192 334 47
406 835 25
385 397 43
210 475 57
73 756 75
431 617 3
9 790 258
51 157 139
40 349 230
637 761 3
170 323 54
136 667 80
245 684 30
370 567 36
78 778 67
284 836 12
218 602 17
105 387 1
518 783 2
276 795 39
591 802 3
141 447 88
169 900 13
325 715 17
501 940 20
410 773 27
593 733 3
193 829 9
316 517 19
879 905 7
13 784 19
125 754 45
716 910 8
410 668 30
463 836 6
332 881 25
430 858 7
160 372 39
677 769 23
107 886 28
330 651 10
45 762 107
740 776 9
116 769 70
420 552 13
246 446 49
303 894 8
639 656 25
500 932 18
574 825 11
11 356 773
270 387 50
750 998 17
353 718 23
635 854 10
390 559 42
314 808 38
720 967 4
208 809 26
249 512 53
73 108 50
87 412 103
223 640 52
714 750 1
717 762 2
744 785 15
181 956 62
282 872 10
282 371 54
206 583 47
68 706 136
423 545 17
506 844 30
414 951 2
500 560 3
168 394 29
238 419 45
475 504 3
20 391 173
510 856 10
128 593 48
378 673 31
331 490 39
227 991 18
714 816 19
272 275 29
41 450 52
496 688 33
111 863 49
833 920 18
196 522 7
65 122 55
327 859 33
461 851 20
500 748 2
552 996 9
432 623 2
396 981 7
379 441 32
70 477 90
443 759 10
251 510 13
113 765 98
67 269 161
31 732 234
140 794 8
417 942 31
768 919 15
160 352 24
50 418 52
31 828 6
453 727 22
456 823 32
132 219 69
387 409 21
63 334 85
399 625 34
86 616 13
406 815 36
409 924 22
180 246 61
199 996 39
100 909 70
159 763 22
389 405 46
567 590 33
727 739 12
300 820 30
587 966 16
470 865 29
630 990 12
740 825 20
148 328 28
4 756 1309
150 875 1
46 151 50
79 524 1
471 594 30
133 422 92
765 951 14
412 871 24
275 713 1
491 890 12
96 247 10
892 921 15
458 486 2
355 473 35
116 665 27
786 989 6
83 339 18
380 956 3
663 960 24
464 550 30
423 674 5
157 448 74
627 842 4
148 206 59
852 890 12
28 569 116
154 160 107
514 746 16
368 978 10
162 938 37
332 359 36
666 964 6
205 717 45
329 818 34
616 773 23
140 800 34
245 380 60
653 697 3
81 100 23
38 530 47
491 676 23
596 732 20
352 967 31
85 214 81
539 634 11
337 834 38
486 714 3
111 510 2
426 921 17
351 739 11
540 722 16
142 485 34
562 632 18
316 373 43
775 789 2
57 555 192
314 651 36
629 691 25
171 317 6
242 876 27
850 975 5
309 735 23
613 848 5
196 854 10
90 880 112
829 849 7
398 692 3
135 413 63
426 876 23
599 748 11
774 828 18
765 840 11
536 863 11
102 685 22
294 453 2
750 989 8
208 983 1
243 953 5
475 758 14
368 436 20
248 892 4
187 188 40
307 846 29
537 967 7
888 913 3
514 867 25
50 574 107
154 275 3
125 922 10
180 424 55
13 989 497
226 976 8
672 981 12
375 942 3
591 966 15
166 695 42
140 593 83
730 976 1
602 657 14
541 992 21
330 637 21
702 882 23
318 871 14
114 377 108
171 752 25
522 726 4
211 345 2
394 977 8
454 975 20
199 622 51
68 363 161
423 789 35
145 241 107
405 885 27
576 849 21
11 467 99
34 107 16
312 546 36
228 812 34
118 961 75
171 371 44
340 452 7
55 810 155
387 851 20
333 497 22
693 728 13
598 642 12
828 885 22
545 788 14
5 714 539
16 938 369
271 937 25
151 454 23
462 559 34
570 881 27
179 454 7
52 761 53
151 190 28
177 504 13
23 227 257
761 791 25
220 611 21
395 805 13
152 252 39
754 947 20
46 504 101
628 969 8
306 858 15
348 457 37
149 243 12
104 181 75
693 788 23
284 693 12
409 739 12
160 980 17
67 959 38
69 885 114
78 601 26
357 523 13
25 637 311
703 706 3
96 963 109
100 280 35
452 454 8
514 541 3
376 699 5
66 461 121
769 894 23
563 632 23
716 861 19
365 814 22
225 666 27
702 960 22
312 592 22
218 820 1
422 671 29
270 773 15
183 669 25
369 821 6
374 741 28
48 393 107
433 981 28
574 936 2
359 741 34
737 856 5
56 978 166
252 312 19
481 910 30
188 535 50
272 401 16
139 417 2
625 649 15
403 447 34
307 861 15
480 923 10
740 905 14
174 839 37
457 528 4
284 386 13
329 797 32
581 704 7
156 659 55
81 512 98
230 254 78
507 519 4
911 956 10
376 985 11
18 637 361
28 362 254
463 658 16
233 242 10
507 792 22
557 789 26
612 928 4
46 790 89
218 549 11
21 56 363
224 648 39
311 609 26
73 964 116
907 911 14
508 616 31
380 529 29
263 401 37
504 904 2
99 995 29
539 835 3
641 880 12
596 604 28
295 593 3
57 296 2
112 223 63
202 297 27
152 780 27
100 152 8
71 184 79
247 812 9
599 935 21
674 710 11
302 970 27
560 838 16
214 537 58
661 880 9
524 838 19
20 51 459
13 631 620
370 797 16
121 906 54
227 611 15
565 569 23
550 772 19
79 772 65
223 421 32
327 673 27
92 654 122
250 484 8
682 792 10
579 778 27
81 814 1
135 775 77
274 373 26
234 253 12
306 592 36
813 857 12
131 947 22
93 638 21
269 382 20
114 143 116
580 723 26
449 552 19
66 194 91
210 808 42
532 630 14
65 653 87
102 270 112
192 970 21
242 295 50
738 817 24
34 859 10
54 306 3
10 961 568
267 273 56
164 763 23
56 793 105
341 910 28
357 423 32
130 706 8
507 762 2
477 699 13
88 667 49
647 948 10
673 969 13
9 658 525
387 884 34
73 126 39
161 430 17
15 311 419
225 345 8
87 463 113
361 642 28
678 850 3
507 714 19
422 870 21
379 866 18
718 732 17
698 715 7
707 867 20
224 507 51
804 843 11
162 249 51
488 825 32
28 641 147
186 747 56
653 855 9
256 793 20
355 685 25
300 787 26
306 670 14
38 245 215
417 867 33
201 746 56
421 517 5
60 832 103
33 622 179
340 984 28
176 696 40
493 772 29
730 943 10
30 516 110
661 916 24
62 288 11
716 931 20
746 972 2
331 607 38
319 801 29
157 387 84
88 152 11
141 736 43
382 575 29
11 762 824
541 613 5
35 881 46
338 494 12
60 942 129
664 684 4
775 979 13
349 682 15
188 811 5
122 828 78
270 414 56
133 393 32
104 811 35
203 320 13
344 738 23
425 432 22
462 910 1
510 531 36
660 925 4
80 439 65
410 824 30
202 480 30
39 850 27
595 600 30
314 416 37
541 563 29
379 476 16
342 628 8
683 729 8
200 898 26
104 196 130
198 747 53
390 841 6
641 864 20
362 603 29
378 955 36
419 653 25
391 912 33
594 602 13
585 825 25
95 912 37
189 726 39
257 480 9
131 603 5
176 676 44
487 639 21
62 861 98
60 160 109
176 898 26
384 506 4
71 819 112
572 670 22
241 547 37
174 946 25
160 481 63
327 469 48
33 118 52
381 578 8
146 618 50
813 826 2
252 973 42
662 666 22
93 880 51
614 915 11
442 831 3
408 612 1
441 469 2
752 862 12
155 995 55
331 715 42
131 241 43
22 827 408
325 738 17
88 747 14
196 227 55
317 756 19
137 891 34
167 183 107
265 698 15
686 724 8
640 873 20
375 601 11
114 962 82
543 658 2
380 770 34
455 586 15
345 385 29
102 428 39
429 510 26
576 978 17
426 888 25
300 950 28
308 417 51
235 640 33
740 786 8
608 902 10
93 391 76
83 418 24
65 320 39
227 568 47
583 887 20
472 889 27
145 940 53
480 982 1
722 823 4
324 701 34
54 831 122
45 268 97
329 900 30
57 883 94
329 924 29
84 433 70
21 491 222
309 542 43
219 795 56
43 409 188
40 66 363
732 883 1
226 994 28
251 280 6
44 53 341
125 365 53
323 742 29
6 178 1383
833 849 10
513 801 23
523 692 10
45 498 185
24 855 147
49 409 116
13 678 732
594 666 5
565 879 21
59 967 157
403 971 7
127 703 19
91 623 14
674 841 16
85 855 68
699 796 23
803 860 17
180 193 70
489 989 10
65 315 110
537 599 32
197 205 51
124 388 90
49 555 35
613 808 6
664 770 10
117 641 42
416 866 23
256 918 37
251 779 49
59 165 40
534 766 6
356 989 37
281 861 1
254 356 54
747 994 15
226 441 11
170 697 30
762 909 12
323 704 23
117 871 88
199 936 53
146 502 36
311 347 57
99 425 58
593 816 2
64 619 103
483 485 37
33 271 126
243 432 27
451 678 33
334 995 38
26 822 73
414 720 25
687 949 19
220 277 21
332 678 7
333 812 18
32 72 308
185 700 19
441 460 20
234 780 16
120 847 92
799 956 5
275 395 37
178 700 43
206 950 19
309 363 30
383 832 14
214 427 18
102 588 56
572 754 30
144 677 57
168 488 38
235 593 16
367 572 7
231 528 15
256 764 14
411 888 3
537 861 18
11 536 880
173 680 34
469 966 29
8 153 686
83 422 135
414 704 25
220 532 55
508 662 11
68 131 71
371 674 22
389 998 8
680 877 15
340 495 5
17 450 434
261 834 24
2 486 4676
216 509 14
375 396 47
153 190 103
378 772 24
578 674 27
13 214 177
229 537 50
754 811 1
80 885 25
594 788 23
224 974 3
75 998 101
549 892 15
131 649 66
47 813 218
330 711 5
195 699 24
176 460 51
582 601 21
10 196 976
589 765 21
99 183 2
227 265 80
171 220 41
245 495 29
380 873 14
643 803 18
115 607 14
80 98 113
273 628 5
323 533 47
713 959 5
75 354 46
21 639 309
486 933 16
25 392 245
635 863 9
761 905 22
96 107 46
626 831 22
409 862 27
531 550 5
391 915 28
79 957 60
815 918 17
220 635 34
381 391 18
187 684 42
785 848 2
212 420 51
700 846 9
254 361 18
119 412 81
112 635 71
656 777 11
273 952 8
58 855 130
201 960 50
583 947 27
156 229 57
586 616 13
116 263 35
263 778 49
34 851 149
130 418 95
843 942 18
