897807894
689848217
1761050600
370905438
1847974234
4000830588
1229303942
985623593
3576482850
400932216
1788103179
1210364124
1728877868
223257306
4556520050
1612439046
5269699917
1707396759
535067530
834665922
2479343802
632323773
1191585948
1924817744
1080852065
295713720
92168838
2947622770
2321531322
2506103613
2179153550
2438231061
3988847740
787460010
3209549104
1689332030
502636723
5395496556
3063361231
1927178700
3651573684
1045175576
1874294727
8003599385
2175854290
1327625192
2181609234
1552820815
795611697
208694975
210241092
1153089990
1126407966
1363952748
2687664010
255664648
39056438
35541269
2716409620
647782431
2735418255
1003084332
1346924999
1049961957
1711827195
652492748
1416560708
1508203110
3493585205
637705913
777047410
283613845
2724385358
747143043
5561870787
1989974518
739097523
2740853660
1868127260
4928904099
42115088
803064750
1844565525
1985621444
2869841730
322769750
395122764
140564184
3016869068
1296077556
1050799530
667511870
253918154
2990271260
2059543208
2285960772
248484280
4251970896
693231866
3807664164
1920648009
30367376
1020619692
4724603076
875042073
1558334566
621900257
925732056
1053389234
1876539740
1316193656
702784947
5715587877
988058574
203515895
1898743272
2159529380
212442410
747050235
837908646
1497340305
856913499
2133863238
260968998
3295342385
4408822053
433276792
545234097
1047454531
424537224
1166837200
1342144248
2176377844
3899131088
3334671704
130042988
3022548339
1674596934
2492211642
2614090180
956507758
589419261
477413924
3294700947
799216316
1243023440
293545035
3674115179
926329690
2199914086
1027470051
1539899830
3893194968
2004524936
3019020916
1252994270
1737261855
1078920304
662412007
373569680
4790327841
992308512
830244018
992871279
4846091025
423354717
5388164796
1897527310
3134732552
4106384478
478413155
504130804
1001999719
2901504622
1756792821
1045118210
3405875742
700458830
1422605224
2167491594
4738310340
7831667508
750375604
1926282316
1620016764
53751410
1787113428
2129651888
2759454448
917800875
2825401059
2869124433
783222255
1962643132
1773847978
2035655766
753323709
1953029838
2824194863
2884632980
519891865
2689400168
2014968662
1467940736
3617438190
243625029
1013488116
520934408
19507143
2821802552
621944634
2622031290
1614740253
1161007332
675292298
1119168345
474764863
2770047204
1820647458
3188049888
1434096008
2548648572
982985943
1869184432
1062342959
2441678271
1584333102
3717546460
1412633097
2169917139
432946304
1845986724
9114622185
258175410
5033763555
902974152
139365164
3424783138
1557535456
1937332074
1875829625
2469722328
25272089
1543510236
4023994398
292354370
3266954085
262909385
601210592
1385566950
1878028299
9461583
867164889
1917849232
2569402905
2683984908
779304672
1180476436
1103515690
1537148496
184813548
434701285
1647898338
1731989253
1719001318
1837974368
1156868781
1112678267
571601772
8001205385
1945516410
3899462075
6113505645
451078730
510207951
2030251916
409672974
479754634
3486018366
1359899247
3302262370
599274426
2580170388
1055031790
2092892169
2684879375
221285957
265975728
2713929489
2275076846
996444304
2065590513
2966842902
2672746104
2094791126
2714636375
1817990739
973104759
112086604
3297473627
81458343
2114726724
259752510
2175890877
1705068386
3434647517
1860832267
527584472
1336326165
1372785430
1426178116
619167990
1915904837
3113567800
932250356
49282988
1140137621
9870112805
6496336
150573993
1543462722
3346169946
2216983170
1068048023
4861073856
453812438
277362285
1671432792
1457084746
2333120448
2162720211
1076290041
6573066428
170501525
2548100529
781638802
451090718
770345316
602443108
1719106332
290827246
104317400
1571162634
1317047814
921549540
77395098
946492162
1627458582
134800940
4188838986
3900012487
240813935
487022664
2681757340
1957070331
2608713348
3294275008
362140018
3320597716
2378083203
912541644
1247528377
1214345632
982551348
2171297898
134561521
479236765
695197472
343871742
3049619526
4222009610
14646582
697122689
2445880407
8473100615
2285033376
1141988852
1698111298
1497391918
896578617
2652479710
1772558724
6609742660
2277798882
2618160012
938457098
97488638
320916506
943353935
4222463748
766228757
503713652
697908580
1062827555
723791604
1812703756
3178518842
1586851585
9461097
1079810314
1568727228
3474280264
2428387284
1961663163
538283658
172566045
863982116
2344235886
765553964
794105211
3406934535
847850411
791904312
2536749590
3415282934
17131161
2519322339
1253824749
1033702843
383302844
4826134962
1464489252
1150389495
4504660155
1001672755
919572396
1928025780
2039378958
37723135
1453514444
1879142960
3041226570
4080592488
434548652
10171927
2883607690
1571997539
3134495532
729455778
163935578
3475607384
851010856
3947095827
3080382240
537111065
669787169
185803859
348651126
2834892678
1297431726
1882920519
2092841500
187797238
3613955170
3254265340
1670689755
392677208
1777769140
3048174124
910164592
243392593
400234002
829640108
603989793
3849586317
1001663469
506012741
1686328306
2790447285
1740388490
565575175
886225098
263773346
426052284
2520562074
683714424
340300617
1003742109
535999214
1907720656
232366009
1158953887
1794427895
4057020693
3129571956
2494049349
233709018
3471593824
2052239895
54443076
1308154164
19773532
4809640964
2265951965
1521015642
393359310
2548687926
1317950175
752983772
2284047730
22069860
1699105035
744866587
3492135498
3092748155
2551163980
2592404092
2339635304
2372469555
998186427
2731637315
3293817620
186190496
581276415
4190682390
1902386960
4787478981
467039339
3715892380
213354305
4038811416
1518223905
1967148225
881778896
1641150261
1034841146
1414175706
68175112
10742583
845448280
1528257226
927617511
1868186285
1692314811
3603993368
1018227315
3166574486
2123349428
3054274104
3163013427
2328282081
406009065
1019349430
1589068817
2478941968
138362745
2474547424
527944065
125727033
1606187062
3084180085
32800615
443087225
1632766688
3081793648
132433197
821925631
1377013464
122826789
780670940
1799170
1148000283
5564390452
982884564
1589033275
4945429251
254484973
483950214
916479987
1492130523
1134559252
2953242309
3008099838
3040947300
1273544144
787558616
918505923
3924249138
1054191808
713341444
303297484
419840172
141929397
879882704
2059764732
2044632320
1480023945
2523186536
47512791
3264980715
1316625468
530579570
507533422
1684102120
2280151197
1354314488
672578001
3479197127
4434006804
1841475452
683822775
1410890368
678596634
202492375
466059145
326858986
4954867428
1915935108
190041969
1840737612
1701250664
268098474
1707943985
1283665225
2476807806
3166564280
321682264
150884004
677734923
1871045349
4516933274
152864988
1411422956
1238472185
3355197140
1161802393
2967724868
729267213
148722424
683487396
183865132
1091907072
635306431
4693656830
586672565
785406958
2864916891
116823998
6652898220
148433800
5274190488
1331536539
4413267820
2117605808
537582670
1092568406
105440374
4328274565
2582627356
1832633156
5954802945
4746150610
2108818236
3817657953
1480944428
2002430432
2028326346
183394186
2929928281
403781724
300998696
354404056
938342362
633446822
217891398
1011400074
1834658164
2703673105
543933128
1905673176
40919172
1110144430
2271898002
1749658653
2117301298
1429176474
2423236058
964342694
5409654275
3829230162
907827244
785698833
1038789123
4665778628
1380002784
1163686025
569169257
1067710702
3336739332
2455112198
1145157597
860439676
1219304634
599256081
1374043435
2686147624
2102508753
703308911
1762017813
2776653526
1135052746
98226568
2635539190
4797597704
2268037258
2122133409
3965725017
2081131149
3335828211
2035979442
1144725640
547675899
2270617929
699020653
167546823
701016060
2269271712
1658127876
1466920885
1309647174
2700886512
353453408
256049668
2293611057
617325754
7533022916
1083707895
1140492264
632141980
1757949871
1837803726
1735515550
2988590385
3874837140
3541657788
493294333
226068284
3953126892
1625490906
4313651657
3284578076
636191046
4015026757
515633588
3825919992
746298709
93278226
1028143664
910316953
461998070
410060700
1382267397
417940709
2302437150
691067565
2317922257
2376473739
1791831747
4403850507
658386968
1863429069
812116089
2036229280
322132258
119607861
120393132
1930907062
2736528195
5790591417
2455132125
1662206384
992416876
1196858796
196193928
486944078
1459510926
84821424
1827924270
1727010285
948035328
45095544
8197293955
62002036
1525826248
3156786596
905339180
413770668
2106041470
3556772562
2691495124
608309040
1654600800
521167523
1046395702
379974475
2043123081
1453454336
2042949392
2393420574
319144035
1614187044
3116068525
989495498
1233407564
1174126046
1021439322
976542908
1128068760
1221244941
2513271112
4377584433
226115608
2263538043
461344215
3176119760
855350730
2999370100
2719270185
1474260906
3977230385
632965146
1217343580
203291030
315381587
143519787
1585717140
1908509713
4055618632
3068635426
1370313321
678826692
936138062
1312208888
308572952
1230324714
2006768820
546239065
4830004377
2384942301
638458208
1167346100
327613791
2040748612
5895782139
4126018515
2123129276
2660676492
4514334576
2203583950
1016169459
456885070
635307918
944454657
2126888368
3090302887
1354640726
1863769958
4064913732
981398634
98945035
327982629
3732418428
495261885
1527646582
174143106
922525580
2438469468
1405210439
542920704
2951633500
472426506
2420006044
2070948996
3161513907
3649452736
4507942900
6652193988
3155735184
1752256074
994526350
520952226
2941169829
5581116930
837858015
1143929199
213057321
1630058598
361974248
1023815240
1825952805
1970576230
1250016159
1428278535
5534692068
989405657
2375042463
480892442
2881559310
29760010
656366351
1265141344
3844434507
1590675054
2833488792
140405259
1112852977
1710301220
2125891980
3442080008
1636641772
2159154184
1221378724
2535811131
580548054
2801025470
3915179000
3430615950
680754854
1916892636
1344758052
2145676226
1240470509
673645055
3712759587
1449253520
1639359029
806686807
3406325950
795081279
351782478
604396258
757699182
369338157
1274915518
1539853636
595884561
1622704833
1732049788
881986300
4348557048
648224859
569775354
312740814
2923562244
1968203456
3741219064
148204827
579712891
1114821998
611219502
1163803280
3733990040
3559599930
1059400422
4566921472
569513690
2119407549
3243128874
4388308119
751054311
4452183606
4216527753
1701285894
2492359624
1485082732
588528202
1137914746
529892995
990519658
1177981450
1352068609
2437013131
69138025
3980060808
2525477350
959974541
143224440
1039919209
1164486933
718566250
5216122220
1179327328
3299914230
2339574472
313285174
54312504
617838369
577241240
1844708142
449569609
573067808
1475504740
3170401316
3809112545
322192621
191113420
951399654
3586326295
440597032
2461575096
