1000
2 10 359123158
1 4 517386163
2 3 880525300
2 10 148362176
2 8 692990338
4 8 500103824
1 5 983443154
1 4 739217695
6 7 936697890
4 7 128871070
3 7 681182164
4 5 423627443
2 9 864438934
1 10 200931576
8 10 797391009
8 9 335924802
9 10 995387762
2 9 853698380
9 10 101068312
3 5 333866370
4 6 619835951
1 4 474242830
3 8 446844731
2 5 962408872
1 8 945745557
7 10 63367227
8 9 19201842
8 10 515833985
6 10 464306265
3 6 417683936
4 10 544788388
7 8 566017925
9 10 753449018
1 4 590595008
4 10 802387276
2 9 844666015
1 3 335091149
4 8 674437070
7 10 656434550
2 8 722692013
6 7 956364537
2 6 348391859
3 5 749717892
5 10 800359939
5 8 598359930
3 4 553177164
2 10 872643694
5 6 465846246
1 10 716050528
4 5 73043242
1 7 180206651
3 4 480454163
2 9 563203983
6 9 227325459
9 10 507669869
1 5 204531719
1 9 34716834
1 6 29617725
2 6 905469874
2 3 323891216
3 9 607870724
2 7 501542167
2 7 673462500
1 7 899967392
2 5 855913598
1 6 543743957
2 10 566624284
5 8 414755856
5 7 998167201
1 3 425137276
9 10 146775622
1 10 255252461
2 4 681096340
3 7 284625921
3 6 926978465
4 7 639634667
7 9 164243895
5 7 783101046
6 10 373625453
6 9 821484017
3 8 15793158
8 10 140536332
1 2 922282763
2 10 794248578
5 8 789206476
3 10 118348909
4 5 138292967
3 10 51540202
4 9 921821105
3 10 475228437
4 5 367779836
1 8 584072887
1 10 228526339
6 10 598054253
8 9 429071503
6 8 476241828
1 7 212986526
7 8 987064673
2 3 346615933
6 8 793263368
3 5 768259204
4 5 10628583
2 5 510309846
6 9 787433847
3 10 320848760
2 4 389583642
1 8 544162725
1 9 822872939
1 10 948050311
2 3 938269870
2 10 526477463
3 7 267727600
3 6 952597980
4 9 301906787
5 10 20351590
2 7 949371636
5 7 617008395
5 9 56651310
5 8 205438816
2 7 418954324
7 9 332742290
1 2 428456750
3 10 782416521
2 5 130484500
5 8 906219157
8 9 918504595
2 6 144425598
3 9 121163133
1 9 931070695
3 7 161728466
7 10 250036544
6 9 223690708
4 7 699550021
4 6 974782773
5 8 917034719
2 10 52017196
3 9 671677409
5 9 446559182
3 8 934579367
6 10 522818036
1 3 637671839
3 7 224540672
2 6 159137975
7 9 732155766
1 7 685042557
6 10 248604689
2 9 146772518
7 9 816470040
2 6 308776564
2 4 549978522
5 9 273992015
2 8 577462437
8 10 681309119
4 9 612493730
4 6 754755229
5 8 344573425
4 9 530830012
6 7 282574366
1 7 567781721
7 10 80050647
9 10 904839705
4 9 303205379
6 7 217444863
4 9 303377336
5 10 484609103
6 9 70559120
6 9 898027467
2 6 632509104
6 8 653069282
7 8 953267825
1 10 430571840
2 10 201652322
7 9 222666605
2 6 967168208
4 7 564683408
5 8 287407508
2 4 851468936
2 9 350229415
2 3 711302613
3 7 825711084
8 10 829204310
4 8 978958439
2 8 281390852
4 8 240785290
4 10 405004191
5 7 15357546
3 5 714845371
4 10 532412972
4 7 886967502
2 9 458900438
3 6 470900177
7 8 666046745
4 9 239317912
2 3 981321567
7 8 411786139
3 10 746407114
3 5 301329484
6 10 390605968
7 8 655616664
5 7 824180851
5 8 142970264
6 8 560291702
2 4 503742166
2 6 489313579
9 10 683293881
2 3 121812515
6 10 202697623
3 8 195350403
1 8 17068751
2 6 940600851
4 6 155486159
7 10 561863849
3 10 592071426
2 10 464402933
2 4 168823075
5 8 307771296
1 7 406941312
4 5 969516521
6 8 379301555
5 6 956414967
4 9 438196002
6 9 424774762
3 7 374470836
4 7 600809283
1 9 944304853
3 8 915629352
3 10 580922138
4 6 929386615
3 4 588597125
3 7 826635101
8 10 75765604
7 9 410219273
5 10 911462219
1 4 193631558
3 6 838960593
4 9 275908769
1 5 111492132
2 4 856195785
2 10 623014183
3 9 430518239
5 8 515853148
3 10 905564854
1 7 21661791
2 9 771755119
6 10 804798880
7 9 64967638
5 7 933415453
1 3 175272924
2 7 300605297
3 9 307903767
1 2 939014150
3 4 3942326
3 7 330348529
3 8 719193463
3 10 942114399
6 8 559163523
3 5 311721870
2 3 590238219
9 10 208441853
3 5 614859399
2 10 73925420
1 8 380363625
6 8 343312155
3 7 659805431
2 7 859500659
7 8 426672622
1 4 867651586
1 2 556339134
7 8 132693269
5 10 800120539
7 10 416896374
5 10 389946208
5 10 611350565
7 10 96659729
3 5 204083181
3 7 773429302
1 9 364153755
2 8 179907988
7 9 774670749
3 9 302199833
2 4 825565593
3 5 239709771
3 10 946062476
1 7 904312963
3 4 872038405
5 10 268487938
1 6 184404965
6 10 53195146
3 10 995107479
7 8 528142839
8 9 207592563
7 10 442626540
6 8 618092271
7 9 593943579
2 8 785546673
5 10 271463638
6 9 302998457
1 10 875794284
1 9 99632537
6 7 863624046
3 8 30546879
6 8 440568068
2 7 129876256
9 10 411001610
4 7 548057696
6 7 899550541
7 10 398749771
3 4 219826864
6 9 222721028
2 7 686392715
4 9 435776648
9 10 116953954
4 7 615826556
6 10 622713560
2 9 466125178
1 10 44354690
1 6 950114685
5 10 987011281
6 7 1701422
2 3 75286997
3 4 643109468
3 9 743593322
2 4 554245793
2 7 534024012
6 10 972214771
2 6 151270813
5 6 83208686
3 5 668573118
2 5 728542374
4 5 816592157
3 7 823893415
1 10 968661037
4 8 821633304
5 6 51150457
7 9 566244562
7 9 173697511
1 9 400969528
1 10 693310785
4 7 193642428
4 10 429776584
2 9 145413623
8 9 21732793
4 9 480077472
1 4 987785861
1 9 819155147
3 5 30958039
1 3 630994775
3 8 610296968
5 6 40440283
6 10 837767797
7 8 905360041
1 2 120406968
1 10 438320398
4 7 861993432
4 9 597993713
5 6 782614005
4 10 823568752
1 6 301783349
4 6 830149429
3 8 891781201
8 9 190112843
1 3 831685585
2 6 404781878
2 10 393020540
3 10 796142563
1 4 100921141
1 6 399363971
1 3 463464982
1 4 257903807
7 9 677693228
6 10 844401923
1 4 10984937
1 7 597533734
3 6 407646735
5 10 847310062
7 8 530454177
4 6 285497214
2 3 849055650
2 10 598956768
1 5 717262894
5 6 795743913
3 8 664709522
4 8 826217833
6 10 455559777
7 9 581813336
2 7 469228550
2 9 48744319
1 8 280801943
5 8 259422332
4 8 527807969
1 10 689605882
1 9 447745469
4 7 224327758
5 6 318848266
4 7 232647301
4 7 582654780
2 4 794629711
4 5 555398055
1 8 8278460
2 4 269952579
3 9 348606051
8 10 607999047
3 5 971354914
3 8 735623686
6 9 89713944
5 7 49304585
1 8 755984352
5 6 703270766
2 6 255184655
1 6 661754343
5 8 936906997
1 3 565233608
4 10 197976079
5 6 761024878
6 7 894478864
1 6 14275968
3 6 419887057
2 3 626912375
1 5 826962275
1 7 328545295
6 10 965226993
8 9 305101928
3 7 438243617
8 9 938470866
2 5 500836378
6 7 240840391
3 7 734486012
3 8 764767109
3 5 15089255
2 10 581405778
2 3 939571480
7 10 651691409
7 10 874412676
1 9 386265469
1 2 5085964
2 4 720901923
7 8 364928001
5 7 895570152
7 9 162101284
1 10 147542021
7 8 806837429
4 10 212752715
7 9 877132407
5 9 821435265
5 10 53711107
1 10 602808453
1 7 159260451
3 10 127838746
5 6 850467804
1 4 973073795
3 6 313820087
8 10 366247263
1 9 166930879
6 7 946512069
5 9 867804091
3 4 696120731
2 5 196338605
6 7 465606204
4 6 762043531
1 3 606776395
1 4 182544445
6 10 80046801
2 5 414820055
1 10 543590814
6 9 641597720
4 9 306063838
1 2 253006371
2 9 843164154
5 7 797270653
8 10 304567986
1 8 494878279
6 9 147704184
2 8 98915005
1 10 383447056
6 9 420093679
4 9 208912741
3 10 124776894
1 6 836451758
2 8 200999706
4 6 476930164
1 10 209129409
6 7 303535542
1 2 897213948
8 9 845212645
4 8 391196495
3 9 554233189
3 5 93483607
4 6 867898456
3 10 752487962
4 8 6805385
3 9 290700926
1 10 17796179
4 8 601205121
5 10 226595197
6 10 304203129
4 10 98339828
6 8 530976651
3 4 549145906
2 6 250994591
6 10 456809546
5 7 6305675
5 6 509731511
1 4 558649941
6 9 582022584
5 9 824732842
3 10 935426793
4 6 648101023
2 6 779878435
3 7 903797927
1 5 798549142
5 10 273163732
8 10 576418084
4 5 65166675
5 7 166078976
3 9 931262754
2 3 951193480
9 10 904301587
1 9 415146080
4 8 464486548
1 8 186685017
7 9 897513649
4 5 531378367
3 4 819645095
1 7 755810483
4 9 501462580
1 9 919858797
6 8 294619940
2 6 22725038
1 5 8594067
4 9 258331419
2 9 764128613
3 10 340126422
4 7 600488450
1 2 846157406
8 10 630698839
4 5 356379561
2 4 791643622
2 8 796256036
7 10 654487308
5 7 903718122
8 9 485058767
3 9 90224237
1 7 873728083
1 2 794534409
7 8 575468672
3 8 51886030
4 10 618636856
3 10 193579491
3 4 52386265
2 5 803093531
7 10 660895733
1 6 27333846
4 5 155080529
8 10 285734170
4 6 770448412
3 8 49662450
1 9 730600561
5 9 367203590
3 8 46060047
3 10 286246012
1 3 1199447
1 2 574000142
4 8 695548807
2 7 491442282
2 5 794516638
3 6 824238209
1 6 212070811
3 4 201645923
1 10 824831989
3 8 559548946
2 3 567279627
3 9 656276069
6 9 501349974
6 9 506824551
2 5 636772072
2 6 262519539
3 9 204112428
4 6 981062285
2 9 527095905
1 7 611435524
3 4 126373952
5 6 125952052
3 4 59137250
1 3 586588470
6 8 429117653
5 6 613389697
4 5 518008381
6 8 525663862
3 8 17817297
3 6 544163453
4 9 402302227
1 8 464257124
2 6 169177808
2 9 842051061
9 10 430695226
4 10 338578622
1 6 560481668
7 8 807670761
6 8 923751418
3 4 767281439
1 2 341911388
6 8 293935494
1 7 581654258
1 9 179993223
5 9 124282440
2 6 108952996
6 10 990973486
6 9 319322518
1 4 142531477
2 9 920368807
3 8 637968999
2 4 67024619
5 8 469684597
5 7 366761493
2 8 928802928
6 8 659700892
1 10 289514038
4 10 37721001
1 9 602431043
3 5 748418140
7 10 967914273
1 5 122291991
2 3 705711478
4 5 433465265
7 10 718970817
1 3 774534929
2 6 989241623
2 3 364633607
3 8 55770910
4 5 239220590
1 8 160881991
4 10 272976769
1 4 476479824
8 10 821389946
5 10 58667257
1 8 687231089
7 9 636648198
1 6 97353332
4 8 831612278
4 6 37108450
6 9 879031749
3 7 507252016
7 10 945700247
3 4 882335754
7 10 115196287
2 5 546284204
2 7 52720187
5 10 432827457
4 10 645656840
4 10 458158290
3 6 992467158
8 10 830576357
4 8 263602280
8 9 795345407
4 10 370236107
4 6 500607609
2 4 507081587
1 3 122262791
6 7 767362169
4 7 129786984
2 7 150499349
2 5 177202029
1 10 844508126
1 6 527872352
4 6 54472850
1 4 758550056
2 5 917329082
6 7 708104861
3 4 226638804
3 10 698746831
6 9 6819862
3 5 444057773
6 10 454379601
3 7 666536631
7 9 470511399
3 8 535941179
2 6 807745353
1 8 843799858
5 10 540965428
6 10 765846033
2 3 453913623
3 10 288089572
2 3 519394562
7 10 999809706
2 10 552001114
5 9 310316274
1 3 379446172
1 4 800783027
6 9 556123222
7 10 526095471
9 10 216307546
1 3 573626451
4 6 304826159
1 4 449442061
5 10 137404344
8 9 559614090
3 7 800955716
1 5 562647129
3 6 293669636
2 6 925551176
2 8 425644780
5 8 27012306
4 5 922438717
8 9 999499522
2 8 850513972
6 9 353688902
9 10 749081392
3 5 832452460
8 9 694964211
5 7 581708412
9 10 216225955
3 6 91279317
5 9 605498114
1 5 559216523
3 8 62830059
4 7 225326592
8 9 472764941
4 8 207265985
5 6 440076267
2 5 654823587
8 9 562684691
6 8 73636127
1 10 230444702
3 4 955671275
1 7 529136361
4 8 941627865
1 10 975337106
2 7 570246132
7 10 135458997
1 2 878974936
2 5 918901864
4 5 607430443
5 7 853882968
4 8 484354643
6 8 737845373
1 3 328862889
2 10 90427314
6 9 658854483
6 9 270915151
7 9 958589257
4 8 410572260
1 4 477143285
7 10 860362876
2 5 257816795
6 10 765183999
1 5 597038968
6 10 18655645
1 5 822514932
1 5 728253563
1 8 404248312
3 8 153772763
6 7 362022414
1 8 365698121
3 7 877118914
2 9 345533783
4 7 745046441
3 5 950589496
3 5 716732700
8 9 917468856
2 5 329193485
3 6 310571512
3 5 324846436
7 10 436334847
2 4 80533065
1 2 59803931
4 5 42137597
2 5 965453531
5 6 820958459
3 6 965098570
3 6 409188688
4 6 415551597
2 5 496208439
2 10 478743519
7 10 42041556
1 9 432839181
2 5 729755464
2 7 42410712
5 7 522264078
7 8 400913102
4 9 289677462
5 6 13528664
5 10 819729396
4 6 15500509
4 10 381456562
4 9 964573683
1 3 603559454
2 5 206885335
6 10 421208294
7 10 762165550
2 6 897165042
6 7 159319035
5 9 441226881
1 6 434306270
1 9 930129513
2 5 189987238
3 9 454027352
1 3 968969558
3 4 851228914
3 4 997258573
4 7 102582011
4 7 518845836
5 6 934820559
1 8 865808561
4 5 431692647
1 4 880594535
5 6 306431797
2 3 488271454
4 9 344687677
2 3 610622471
4 9 767943951
3 6 729597406
1 6 188429674
6 9 377256341
2 3 230672108
4 6 794029941
7 9 190077941
4 8 374921263
3 10 997065735
6 8 307137690
5 10 397723039
2 10 253186059
1 3 811562387
2 3 101645515
1 3 210254392
3 8 53819920
3 8 594643928
1 2 954254857
7 8 941482897
2 4 767158857
3 7 522024122
3 7 258600645
2 9 468069031
7 8 304619921
8 10 54000268
3 8 461371769
6 9 334461471
2 5 273119533
3 6 805000730
3 10 874478845
2 7 319229105
2 9 583673050
2 3 163806896
4 10 510187154
3 6 982630357
3 9 916893004
4 10 530782320
5 6 798202948
8 9 940486370
6 10 440716790
1 10 914552514
5 6 137065521
3 9 141179538
1 7 809532564
4 10 531722092
5 7 882943682
1 3 903093818
2 9 931884979
4 8 508114217
3 5 392559454
1 6 82454196
2 3 163991315
6 10 746483686
5 9 132069837
7 8 354632242
9 10 32893698
2 3 461262790
3 7 928940751
1 3 936806960
3 7 206826936
8 10 516535863
3 7 179972002
4 10 605001511
3 7 788932952
4 9 966018139
4 10 912363185
6 10 901588580
4 8 831524249
4 9 964252418
3 9 389390239
3 5 397810541
6 9 86825371
3 6 490194972
6 9 930186156
3 4 349107506
1 5 915143360
1 9 189384286
8 9 339595542
8 10 63345493
1 9 910057992
3 7 695601069
3 10 722544618
3 9 277781369
5 8 392776597
6 9 922448679
1 4 742054243
4 9 725707420
1 9 427459949
3 9 640346514
3 10 10912004
1 7 562599730
4 5 442799470
3 9 854318780
3 8 596503145
5 6 850046638
1 10 126364734
1 8 973746355
3 4 712625509
6 7 556781234
8 9 717100003
3 4 681934072
4 6 539788546
4 9 373199056
3 8 950929174
1 4 435411041
2 4 700256368
7 8 908880840
8 10 600357792
2 10 272301942
2 5 958446319
4 7 432243660
2 10 858270491
1 3 826980340
1 9 598795605
7 9 825057687
4 9 442827464
6 7 429355937
1 3 537791205
5 8 936739637
3 10 291529802
6 8 73288016
2 9 302198130
2 10 303079673
3 6 61556360
2 7 637457759
4 5 538948774
1 7 510758196
3 5 649081933
5 7 494871369
9 10 166597413
8 10 760997483
1 6 540187383
2 9 284887677
2 5 156370407
6 9 487260375
2 7 984101728
4 6 935304766
7 9 32934407
1 8 507248780
2 9 557410999
8 9 127337397
1 6 969836067
5 9 995730678
6 8 741583320
1 10 953460380
8 10 799211259
2 7 284756845
3 8 794777832
3 9 720695306
7 9 975179582
4 7 241410314
6 10 890436721
3 9 937006168
5 7 486081684
7 8 578583485
2 10 594033093
1 7 504452745
2 3 568957374
1 4 397419747
2 6 330173220
3 10 431926532
1 2 676034305
7 8 565735192
1 10 62224223
8 10 696510641
3 10 926008362
1 2 479987271
6 7 37511164
7 10 222839831
2 9 582243467
3 10 263474292
9 10 985267531
4 10 294831832
6 8 687482131
2 10 935829789
1 4 234963881
8 9 11315105
3 10 226540735
4 6 144310311
6 7 483137847
1 8 393373408
4 5 200573733
4 9 450848672
4 10 792600330
7 10 816238403
1 8 281918544
4 7 61429314
1 9 845688582
5 9 956353680
2 10 176238813
5 9 656420027
