1000
1779 2365 156225872
4179 7748 523111465
1702 6225 867170537
3006 5610 883630167
4655 6278 60320562
2625 5434 677415587
2305 2462 498820612
1982 2124 894905219
4423 5069 163837582
3766 7991 45283849
4030 5078 259954613
4956 6325 166695263
9212 9354 130441129
838 5623 472323974
1981 6258 407756488
3035 3459 783102288
7924 9775 796638136
7470 8146 754179483
6704 8993 331380416
3858 5308 69155792
6125 9557 605502567
1158 6224 931456923
6606 8772 881568080
235 775 574021100
5288 7353 355359572
391 4477 166741294
5379 7152 47676385
3152 4279 411409095
2028 7223 24738706
1472 3259 524737489
5345 9836 935287056
4255 6686 669914903
4190 6855 588590377
1167 9073 199565394
1357 3492 645233198
1871 8514 467535013
3871 7917 9199762
2946 6033 907413079
5914 9692 872819393
5523 8321 264958928
3851 4506 371312189
3054 9180 405607894
9381 9977 343795200
8682 9448 946742536
6953 8667 602357262
1847 6012 879428252
823 6301 968387161
3521 8652 769365077
483 5892 531692249
5121 9733 735169480
3105 3556 243379436
4938 8694 627531984
6918 7898 700254188
853 2557 936178510
1033 4115 143303439
7438 9488 600698406
1885 7666 287899779
3181 5935 356190583
6527 8089 778153930
1123 7854 181447194
7212 7228 928899411
7841 9460 386354270
2598 4637 287801179
2299 9585 494058498
957 3290 783827971
4802 6016 555776883
3009 8813 989391025
855 7876 975546439
3647 7281 883937964
703 5956 155600634
6600 7657 953220339
5245 9858 379823591
1930 6776 31227742
3290 9219 849697162
518 1576 928968952
1675 1946 798406645
4220 9475 780265883
4867 5166 198981520
906 7138 232711886
1316 2776 359940886
5989 9057 113517532
580 8928 504386764
9184 9436 415135542
3670 7868 611832579
5909 8166 731245322
2207 9062 931153873
4465 8328 871199524
3856 5433 835360779
3506 3577 560760324
7606 8022 258929543
686 6596 220655425
2086 2758 863639184
1554 8488 418640158
3475 5749 551081642
5314 9612 677054827
1631 5149 577777800
6348 8808 839944094
4566 7046 233405771
586 1174 992763441
270 5080 608283900
791 1914 816750910
324 8535 900742220
8919 9098 711630938
5425 8203 618943370
2388 4599 988786607
1084 6942 212725478
4720 7746 37766237
891 2205 14131685
4482 7588 103658003
3725 4779 506852388
3019 4158 334785001
8852 9945 136409425
587 2023 885846144
2733 6526 78088807
99 3111 707512668
2530 9076 761088554
1129 4792 925002113
6134 6941 114835171
799 6029 716327246
2254 3879 349673308
1157 1388 522302870
5699 6483 204023070
226 4285 428071429
535 8560 256931306
347 2716 785597618
2341 8013 992884854
3966 9071 758084864
8370 8874 267201129
606 7329 710065594
5058 5262 929662874
7753 9087 900853871
1628 7926 345394308
4182 5208 617084427
2578 3898 873034765
160 8871 358867638
1068 5260 49759865
7215 9153 438193906
3980 5203 715240360
5299 6839 20863984
8525 8734 84796056
489 658 991402803
5476 8499 768808471
2796 3743 920328040
1122 8746 510848200
3800 9875 709686405
430 2108 807141466
1286 5861 476211488
45 4476 234465796
193 3092 786668818
7010 7062 163682883
2407 6283 558697805
7356 9702 549782488
4013 8616 804009210
5124 7315 760934909
874 5672 134265814
394 1944 790912487
6021 6236 761059279
1059 8339 924423041
964 6877 476302298
337 2044 856852326
5287 8606 829935128
1384 2499 73602592
798 8709 663967529
2207 3918 840982176
8252 9723 838271184
537 8509 351557630
1112 2567 897850824
1838 4407 718353522
4089 7833 545700070
6127 9662 616040850
5655 9215 498787696
5248 9262 7400398
3991 5780 356813501
2089 9910 220611370
2006 4347 327902990
1974 3304 644133179
664 1608 207112107
2095 8499 724452452
5314 5902 590739010
678 5879 198037073
5366 5695 928183676
186 7244 191718324
2160 6430 116644065
212 6299 834980671
3979 5834 134690286
203 4678 700176354
4286 8986 715253877
4518 7176 60820039
2007 8050 557833269
1268 9742 947701131
3565 6781 90637754
6278 8873 115208510
4910 7739 853859447
4041 6566 23679133
7017 8666 9035809
4912 8617 561905423
372 3769 190988111
3366 8450 299041246
7481 9812 413164879
811 2279 715295031
867 8141 446557515
1824 8307 459508836
2596 2931 806210717
4325 7086 601793352
6236 7804 714154096
4586 7188 471219995
4475 4561 177138328
1517 6818 539589736
6538 9224 723641267
4328 5914 328696389
3648 4523 212018816
5057 8513 769167057
2642 6719 28741247
2307 5561 766428403
1923 7146 471848907
7636 8584 702587217
6732 9095 712997428
2647 7756 489662607
1823 2357 290198433
2084 6728 499350730
7068 7887 903699365
4416 8390 434917972
1182 1785 391619167
4138 7383 203753905
3582 6828 867000471
388 9111 424970962
2767 5864 417162518
4801 7637 382213009
2734 7138 496321350
1995 9735 429739373
2844 7011 689343244
4328 7256 337012871
7103 7500 987061218
3930 9687 969227228
1834 6531 332937528
5789 8811 379674309
2649 7417 814828556
270 9593 133551020
828 5566 634255303
7130 8599 932673553
3335 5609 11597916
2134 9573 967899581
1374 2859 171718044
2186 4205 267646789
1855 8859 203194844
6199 6324 567325634
3702 5131 500363722
477 7854 516573135
5519 7004 236764555
5833 9318 936293315
1964 2040 580159258
6566 8962 212658992
3820 5712 42608605
3303 7868 954503580
3545 5440 713973129
3199 9348 733726335
1340 7066 255116344
3285 7387 306701950
2016 4608 516041
1330 7090 377652710
3002 6581 383646839
2926 7416 654228075
3280 6629 165678269
127 8783 810600994
431 8037 886311529
7734 9907 609860540
6587 6636 259270399
8034 8219 193944069
6924 7324 273913169
7877 9475 82563228
6687 7775 104847964
2086 2605 348470261
4341 7830 651376998
1363 8281 903069325
6447 6941 905625941
2459 3298 520436076
7158 8568 16745809
7304 9866 967686624
6627 9959 96644254
753 5064 24013944
2277 6732 444844468
2866 5119 568717119
884 3827 137125024
5956 7538 466273594
3345 8823 258033823
4714 9806 320848676
7787 9299 190853881
1262 3335 264561513
6890 7157 948484891
1123 7467 878151009
6237 8129 145125368
562 1648 199569358
1117 3805 48763042
2510 8115 871892633
26 390 663579172
5343 9310 410884552
5499 6700 363775650
2740 5748 461191107
1628 5817 76242868
2586 8153 343929032
1396 5591 875227136
1103 2756 985982892
4548 9907 920018966
126 7528 912429524
7967 8546 621214353
4978 7604 955113587
3597 5159 2305899
5961 8633 243846406
3627 9509 363446432
839 6363 468053773
2678 9057 73380359
382 6203 942338828
3176 9852 2733165
1659 5298 576892097
1578 2710 127447540
4177 4451 475906727
2773 2811 555101099
3288 4334 920306859
5905 8935 16222829
5365 5780 165707310
231 2765 260899583
6150 9678 37744955
629 2331 277812069
2111 8240 329186058
7947 8055 467278213
539 8234 400663477
3197 9187 296192768
1848 4933 684164922
1971 9381 406491725
5414 7131 359390129
8679 8802 360769303
3958 6132 341336271
2096 6665 844151768
6015 8133 56806555
6315 7784 920086710
3280 9675 627516783
3830 7119 917902749
464 3609 326223665
4109 7604 805355423
1657 2224 996076499
388 2651 247680393
1683 4871 572322058
809 8385 373481414
1204 1429 55173963
1978 7353 632834424
3068 3174 995399179
1561 3493 147795669
4350 7333 759577911
7323 9227 472882367
3324 7201 92042738
5322 5485 158850983
2754 7834 340126350
2579 8419 703058340
2791 5436 568489421
2911 7480 3404751
5519 9984 726887769
5241 6654 261816034
4684 8918 224757634
341 1039 847454481
2178 9530 736735799
3401 4572 185128744
4810 8919 345925447
5878 7754 742095078
6130 7071 942556120
3683 6515 6857881
6758 9689 200187176
286 5622 373929978
2202 3060 969814148
3083 8635 580929099
7648 9091 219680391
1156 6190 579106223
7445 8331 825742740
4168 5729 524973002
1135 4860 406247829
2798 3473 947311514
2 7126 386513653
2454 9400 971464340
1634 2188 718317788
194 8446 41728259
153 8617 771767467
3032 3136 486622621
5910 8598 678205111
2324 9511 763897447
4153 8727 250916425
3038 5190 597388491
141 4060 230971094
779 1926 296799479
562 2444 396532859
6758 9954 420984440
3817 5470 105346493
5054 6814 760655896
4949 5879 597827199
352 7822 352823029
1352 6979 519890499
3687 5685 825182947
6523 6957 881478566
2202 4596 248132099
8106 8408 854808854
966 6964 778715556
1381 8974 975258837
534 4220 414112858
3515 6539 936622131
1754 8973 365181277
426 2285 380183048
4077 5892 739823909
3874 4243 714658928
4579 7527 675732803
862 8427 875954123
1345 3877 248380290
1622 3310 337863925
7203 8899 511678014
5454 9188 907233473
6717 8282 680833540
3166 8373 650034364
1324 7190 243838571
5490 7412 944918304
1577 3366 316564018
7794 9255 135645206
512 2497 911040667
2985 6325 549356081
867 4114 686606856
5635 7905 536342568
1281 9449 686820820
1914 9731 707572690
3298 8771 810432371
1070 5822 506494055
2511 9534 13445325
1239 2201 36475894
6236 8855 206311895
2057 8757 320261154
1007 2661 113993075
6812 9291 550820897
235 5376 109778315
8041 9449 237034999
1536 3665 617006185
175 8289 882093295
2028 7033 822215513
1984 3926 709540699
3219 5654 732721281
526 1980 846325644
617 7217 514067968
5091 9343 588913172
1267 5950 275680839
1566 3140 309009211
4264 5433 700785076
4771 6976 763476928
870 6745 38278517
7367 7699 709940946
355 4100 507847067
3991 8362 569490254
4288 6868 708580477
73 6821 658179642
2201 7830 787310416
7013 8213 921344641
7302 8212 69232645
407 8648 51263473
1552 9110 720062050
8525 8745 388335987
4501 7117 887385188
5527 9137 33057929
2121 9163 136039380
1230 6372 703855118
3081 5290 866480936
7164 7362 306944553
1690 5191 844750748
299 7228 554631570
4259 8203 522783889
8598 9762 884118025
2073 2716 919420454
1447 6425 445679124
4427 8659 331553557
2087 5509 465918457
3452 7375 799244752
1683 3861 387089915
594 782 92437724
3179 7688 907484121
1374 7419 321045102
4358 6165 418501507
5887 8817 535553348
734 2322 302339359
4876 9182 701000389
3045 7405 548783676
5497 5621 84422748
3599 6816 187149910
7230 8056 721203218
4133 7732 599333514
3361 3679 611976299
3935 9953 661491355
1482 6620 341115267
6015 9722 975333157
86 7798 260537192
3434 8007 690758944
3921 4544 567045050
893 4498 621911705
1268 2002 264579201
3378 7361 542126252
785 851 564815951
4068 7424 504571588
2880 9425 519770007
5724 6261 585643287
2454 4891 867451725
6158 9366 110444637
736 4053 900021950
7683 9211 565309136
3073 8903 691340977
1264 3687 188937321
1024 8452 316059071
276 5152 598683737
2647 3733 501524977
837 8296 572023238
3677 6025 402894232
196 5954 994723271
2949 6950 829102449
595 6728 575847586
8234 9760 17478137
6310 7770 575152197
2347 5182 414590989
8578 9198 895974915
2044 7600 508627142
2803 8960 797591952
9878 9916 238751380
9172 9648 370231615
4168 6130 734965146
7042 9209 905697146
4140 5743 787581257
4737 9939 302346115
7681 8797 677069632
554 7312 675834730
1783 6491 505401187
3825 7640 716895054
1162 5871 71614778
1847 3524 436137944
979 7767 102704268
1438 3953 84886005
4331 8055 475301692
1208 2761 268911571
5745 8753 320159332
206 1681 109840671
1942 7190 659297968
5278 8008 533128829
6854 8054 261530621
501 945 651446856
3061 9674 586978354
797 7776 163892363
91 1981 420369246
215 4853 805859904
1238 6421 188196626
5012 9630 515699144
107 1885 933858050
1012 9900 180947626
3835 6175 925855959
6764 9626 647238801
908 9133 788817751
571 3676 18880384
4275 5625 332074681
618 795 843164504
3966 6660 44319810
5031 5467 6051980
7051 8799 354097444
4924 7956 649179683
4683 9426 106639512
5379 9219 840786671
422 2014 573121850
2620 3528 542943756
3312 4896 655556005
2649 6042 676718236
2400 7124 218435152
9614 9877 308347073
3822 3914 654451879
5496 6695 529456603
1795 5174 507554157
3487 6009 194080260
975 6139 580039762
6140 9036 136472265
613 7448 475654352
103 7230 453024042
1902 3300 984289355
8957 9754 657620
2665 7192 736461673
2973 8807 381155997
6511 6933 659690671
1507 3141 746908737
1920 6174 143245917
620 9501 122047324
3774 4480 767753612
2168 9820 970232232
1468 3639 606412933
4015 6352 484548728
3957 9984 994153060
2791 9729 84296565
2732 9598 349528558
6024 8321 646773911
4012 9305 403889583
7857 9643 406628711
5533 9911 152578392
1030 1497 200188787
2306 5056 663994455
3008 3679 217567762
432 2985 350312888
6446 7337 682615130
1762 9977 481554236
645 5266 229218399
2431 2491 909290936
2933 5285 641209006
3103 9364 720488624
851 6800 948980489
2776 8120 721636660
2615 9045 869709156
1038 4362 363732987
1223 9506 433719328
5189 6983 258099389
7477 8194 711117958
6107 7057 778862294
424 4337 718584967
6770 7156 830802201
3460 7897 383199667
5601 8862 206716145
6647 6801 727166328
1914 3877 393085631
4550 8532 424920732
3025 8723 559416175
1745 3413 215097853
2737 9678 12153180
1188 7340 777306247
3498 4719 487545447
4888 9731 435263094
7425 9272 846493011
265 3554 709655502
3463 6186 963177571
5009 8611 195481624
832 3380 471225654
6036 9079 691559263
4122 8593 569282530
4789 6962 948057194
2881 5039 413696336
1291 7347 594866235
278 3427 406434520
6318 9975 989650120
2409 7807 165615902
5264 5892 607983353
3530 8399 905066539
6519 8669 448966115
1981 7774 996938959
7166 7244 412464451
2030 6004 259005750
7689 8104 690997565
2550 5453 173705929
207 2723 262247253
4095 6413 291514696
4524 7849 176257711
6140 7923 411456293
4586 6700 285276547
142 6498 305260324
3233 9453 175309284
7472 7801 849297200
5119 7546 541106610
1556 7446 463908992
3819 8392 527227869
1550 4644 891825387
3150 8168 876555484
71 4006 355926408
3443 6478 187366509
4707 8016 11464841
2455 5609 72380559
117 2481 100822106
1864 4169 719358397
3149 6654 765513718
1841 6960 563148908
2183 4196 144836233
2344 9337 402201031
7992 8027 915137612
2747 3810 837219754
5301 9028 466473629
5772 9308 632091613
1229 4401 812702046
3395 5067 838290066
2744 9467 804690831
2282 5513 738588705
649 3498 240821039
5069 8745 532438531
3100 4875 546968144
302 1309 68317453
5740 9527 707051897
3777 5088 610159854
432 9913 14970689
6217 9045 41732842
4531 8101 786323241
1088 7585 320305624
2351 4792 203941818
2370 6128 958906203
1217 2223 30885344
8236 8966 559531101
4812 5865 744906118
1510 6289 442233553
3817 7341 164909938
641 9140 936700074
5704 6615 641692258
1283 2064 992516630
3608 8594 388989800
3425 4052 722199808
2682 7824 377615747
7389 7624 94947781
6719 7717 86337152
462 3240 752850230
2204 9528 807721744
7046 7789 248239566
6592 9655 123285033
6809 9657 601994293
584 6313 257324962
8117 8456 33864437
1328 8457 53095946
7334 9781 798332795
858 8148 111640521
2439 7234 723991122
2838 6855 210072954
388 4538 893939355
4889 5301 321636744
1367 9727 435027664
291 8455 856398088
7210 9057 156430010
1749 5292 895578582
1884 7503 478301872
1660 9927 558303218
5755 8724 596077586
6288 7305 379017757
505 9404 132705541
2779 7970 811452848
5026 8345 392452976
55 124 739441084
7763 9114 924703031
1888 3293 297838440
4195 6231 298457527
351 471 695865735
4253 4372 481386115
3844 5974 598395257
221 4755 751222621
2497 9019 58256708
9797 9906 918915447
1305 2362 691272947
4942 7593 21976043
4242 8329 421069614
1473 4638 906229112
375 2492 303389978
315 8759 537550719
1882 5975 312681844
2701 4819 33437246
1577 4962 807903977
3796 8647 334713420
4554 8822 823696824
2433 4101 418943317
2940 7493 214734475
1371 7866 665690647
734 7624 12130962
3633 6858 462059420
326 9027 140548322
1355 2064 533920185
1997 3468 580651789
3972 9320 307656904
6847 9915 854625538
6679 7994 786462370
8609 8932 20771367
5784 9224 851614431
3933 6007 442383285
469 5706 933449810
3203 7099 139648084
5486 6904 110819263
1866 5977 331363575
1697 4009 410413023
1939 5726 122032377
1722 6955 814404759
2927 4805 166700409
3058 7898 394609524
7121 9874 148191731
6821 9461 185242987
6562 8799 884648480
4807 8737 61184463
3037 4227 635052303
7090 8029 762404498
1544 2868 858434437
4073 5759 255589824
4561 5517 201989010
1598 1890 119029817
1274 7779 232398708
1006 7954 831641007
7873 9241 979080113
5384 6700 99597792
2806 4910 719181423
3917 5740 80093460
296 3582 457259543
146 9514 3034
2495 8396 658643755
2878 9113 409799166
5813 6269 135910756
2873 9299 260172495
1161 3656 641228815
1497 8892 725887119
4774 4972 947909034
5375 7237 77825851
2433 3024 209562298
3852 6889 479188605
4559 7810 280285168
1684 4182 825103086
9104 9178 580104573
1132 2918 325346961
3117 9865 590108593
3849 5717 470070924
3001 4220 937835227
2346 5685 104812585
2863 4301 346071132
1154 9636 716716301
2777 7530 132408078
2858 3099 2308279
1392 8344 619718868
2259 5887 93694781
4386 8443 297544578
1152 6570 469729602
2306 7447 477230832
821 9745 526029626
1588 4319 559950425
4831 5784 257446882
6859 9717 557810426
199 7804 254655483
5122 8686 602055144
7680 9022 912693574
4840 6741 216095025
5117 8179 363826885
482 5360 653017655
558 5709 471701040
7289 9162 898947913
1833 2497 35219126
6057 6953 88539267
697 6903 278429430
5038 8848 542136808
4037 6163 75127869
8264 8348 12434621
1231 2521 86047489
1182 9527 627414569
6203 6752 548055197
3348 5576 273159947
2020 6818 513524815
651 4057 150091547
2506 2701 973032815
1654 5736 226708804
2907 4457 845381874
3575 7737 935026496
5746 7818 587149855
2100 4718 917639798
5847 6111 585792144
3923 6962 375851536
9127 9530 375690093
1402 3854 59639393
3123 5570 304459748
5653 7249 905556854
700 4567 174552811
3368 4066 619336955
840 3310 38514746
2875 4553 572678992
6100 9768 710378115
4546 4565 487421932
5076 8397 181593333
814 4034 434246386
1726 5146 131690992
1799 6579 985198097
8408 8579 590056202
8 2977 891530401
247 7511 143356482
2159 2707 410185468
3147 8500 985862788
3845 5069 930512666
1414 3657 482788701
2472 8384 220953200
2184 8293 218901504
9126 9379 263785226
2236 2531 148776825
4560 8190 572100071
5432 6251 122978864
975 2516 410984597
5437 6865 668765345
2126 5948 530356750
3182 9940 441082714
1074 3594 159345362
1230 7830 131076662
942 6386 536348230
1308 4009 701585624
5811 8326 833741644
6042 7251 950122091
4898 4902 338453539
7091 9467 733170840
155 8828 964206464
434 3151 742217672
225 2304 682995950
2940 4125 985436828
4454 6403 655149155
2054 3432 970544298
4519 8942 214535460
2743 8993 603197561
6335 9728 758956508
8189 9217 276045503
8629 9696 205599223
8125 8762 478787802
2625 9802 224835140
165 1991 743745677
1692 7389 768470731
8942 9448 708905212
8974 9149 34665963
6561 9071 103832298
6897 8577 191186104
8570 9512 722454577
3163 5049 687425172
343 4867 743326338
6414 7578 927879692
3225 8134 469068127
5088 5265 186102517
1845 8874 75899222
8812 9394 602175432
1375 5429 885172864
63 2457 62664762
2330 7828 779667514
2444 3758 179249952
7535 8183 410277410
2058 9613 327153538
1506 4332 944377429
2743 9241 872464637
5788 7269 315074279
7684 9724 55322462
724 6554 917619363
7514 8859 379028861
8146 9843 809143044
7683 8927 527205207
4096 5909 763637107
3962 5523 164937584
2781 5345 374259139
1582 2883 682593639
830 4595 489287147
7650 8572 660546522
1889 3230 378774275
4868 6565 441502589
2702 4508 688319362
3003 5439 840831350
506 3577 763459765
4997 7883 406584571
153 3908 709969283
644 6535 725513775
4405 5063 51517023
928 6130 975972410
5323 5959 637994638
1746 2030 161986727
6461 8439 309960347
863 3029 651995138
4524 4620 178736152
8623 9667 955301810
876 7027 379625623
102 7437 221361428
1517 9559 44412392
2093 2342 585120730
202 223 943399317
7707 7832 293263779
6285 8329 138973083
3330 9912 609927899
3241 3753 915877994
7797 8109 343248596
6660 7553 194048543
3067 7581 454900006
57 7453 575310592
41 7385 186493508
6997 9659 31041849
5676 9387 816301407
1763 6934 566748118
1575 1965 52999040
5489 6251 480444161
4057 5327 481179617
12 6103 569372029
1048 5537 115021196
305 5865 731254114
3093 7756 782092343
6561 8392 150871067
1133 9122 361549407
2220 5858 198658973
5490 8516 556520611
4949 6624 887612650
7399 7686 572255844
8137 8321 880924614
2172 7362 81381786
1787 1790 298245047
2479 6557 511071736
2929 8802 340938307
3884 9934 608143172
4247 5162 377769574
1458 7104 820206320
4387 5043 394186066
1511 3068 707891454
2808 6472 638482539
7011 8922 684864018
5392 9198 28042370
729 1599 295963865
1036 4163 243982416
5708 6341 111967386
5320 8350 487194166
5961 6156 431302426
36 5550 95374132
