158690144520
1420358037124
1159322206275
1731896640522
161267361766
1199308089000
594073888588
918416224658
387067358469
115931685352
584336507560
463281000600
605537541366
344577413578
614589316817
1266336831867
3486764972725
2939552209440
1272928811264
154572208496
2260464073875
909918022320
3324545034744
104543592720
1093229436942
59983929434
146438283288
746916450467
39180298872
532310396992
3239425469260
1742239888165
1532012474730
206391531999
630808834794
717296510968
23946185718
1797353224197
3206556074140
879691260536
771183015354
930413135814
1662391475064
4284395755880
2324179991394
1242880938638
705109179002
1927601012820
237574020957
2467198129977
403550807324
1978014536550
2583090954690
599154521299
118374181625
2505160982550
435675968975
737832533289
2811284904376
178314412909
3355181583000
1656636808200
479347367400
916262502617
581367698406
1484718419200
2219711066553
752584512420
2148262684043
97868473828
3379314886200
1300500532170
46930179150
2062564885220
362861495206
719106487550
2279761868820
498751552656
187183368054
321973996344
409296746413
274930075180
1937930351616
1531732995100
2507262343867
1652873248595
2532650779835
1884409848000
993147000574
1011179726172
137185218758
1031702365848
550110683766
1193817505950
2317566018120
715873258394
3103618069128
646893422058
388943911246
156533245200
457469345431
281357561016
3205403084628
2021412673175
1555545322932
199549544864
110798903680
9020105325
292172062532
1061264662125
585722197810
638922581505
403352446245
150454514184
68010648948
1506320330900
845483497961
373994726006
505518726730
498660372112
329836623987
618880311955
91938046842
146622131565
241877832731
1799165765154
2092255249768
1153327836870
397738285203
2400384125604
3769243164570
466681162948
1433142455304
1355556978776
56414040480
44230220352
1768600496910
1613239783420
62364556282
366287033508
278598906852
2560706298489
1473401687845
508207574094
1954567509125
288723484800
502354531824
10459822950
142994010537
575992247250
972523943020
2301820262280
2201586192202
2295485542735
101742537524
259549419962
2331738816552
868835758653
402807984184
248097466968
2718449613672
65592140360
485678304342
1187652252314
3742169610732
177618738624
697013535096
932037632440
1466792737593
2310068275324
1749141201795
24797393024
842559801760
380686367060
450219015194
800209223800
98021313024
1217821876375
1652468985258
120422310306
2564852914480
34785645228
189036882000
171304834252
318686275460
136280236036
2076219846916
168794440812
896325165050
1063675777164
211823383935
423635541362
2565459763881
59244062463
35039948412
1758232016548
64696380372
720076230900
1753963211396
428127470400
349979262123
687650683104
1110290926756
1616542270675
2476827276800
1319742996898
400207813869
669737899766
2769404794272
821766401192
428239701312
2440509074861
54514695108
1250023385064
715440083760
2840660136028
2764204304400
966526098812
298450889471
795260391500
3369924854532
1258695143010
279049487325
540398973396
2039335192062
158186926820
784418689240
1126884089819
981541961578
713342564025
1397276681400
914898114296
3601343655000
2710924497030
477532880811
1326620188179
1590764348907
35078778270
463830439320
3635978054487
24261998732
1689278901342
159582246216
385074983020
311724352713
1776261441403
1076252956310
232464612015
730944163840
3359252424249
581692409672
806094456764
97617907320
2220936777216
1534131364000
1749026480768
287497475700
697518274050
792638784
423946637100
791085386394
1373209159168
363617893920
101501749244
362643061665
2649127762464
857979747744
788038108260
975457419804
355162614975
376984439640
403838312654
1820001947244
1057140237244
3027455356086
733383685333
65356756062
4062258025408
384609005463
15758006904
773909414982
1045180956388
98514180804
1551814096336
626158153185
1021726737700
808942876241
242323950958
3330112550418
857438690669
512962863336
83788009872
42124379956
1673035879090
18485419784
1395042371658
1098851801931
856549355960
97007355984
675354577656
977978424466
777095628192
2868146931516
113132673360
2561685497404
2874355183744
4899290253
859968213243
954389825298
347046075558
151693057413
339194166790
6568399936
729466985016
127220847020
1025733310531
775162883562
1721521320672
57716485660
461475882920
55882118292
142044034650
141139216059
553297222783
1871366364405
202735719340
702586828361
920043268447
662437164465
1106199377151
1577115299034
821374870348
1346348342080
196505186712
3208324149345
1538325038080
2286226840440
134189712224
2148680567620
946302973410
83885768780
716092030863
275619897574
36080458034
995575113316
1553868223218
159894180649
2074260246600
1930888348854
209364855214
429157430335
693326737512
1388252563791
1048638419027
7136007934
2583881606371
767976392256
690436541960
217889894618
1306556623746
361138590396
1081105599990
2481891573488
3095333875900
16138984060
797075607904
101835877572
1244709354780
1320017335494
912584762120
564406925460
3246868980393
1266857314656
374419991425
1468409006205
773244326
1891084456602
672635936600
7917178412
116046874818
752109748760
2377375594740
1426929442691
706167258129
1145325359400
31488857430
164744463199
181428709370
1694951989920
236890505137
2207976590484
1606676942424
118903692536
588964215840
1846714238112
2967943891572
370055128200
3528752839710
660937922568
1167436920486
196462114254
2141650514003
535893461706
136609073376
1783781606148
1447581243342
1924148765293
685150809412
248121679325
368086566830
2037161696306
3105799688970
2525498553372
1493603852038
272765676528
2981121275884
340088933052
574110148905
387340437504
1115259296925
495050620614
1765794924135
774924988740
1131893512794
1942751395688
458075634900
26736387255
28932862854
755020039468
533565655799
83322127489
2165183243466
24726249035
1031015521382
668089881350
151210408825
1297974251028
935784465088
1503290823603
352290660282
292273697164
1940949314356
288527191099
323154498240
1674533855292
2163509391744
29536367760
2673048923399
166292779575
1538778341100
1871876899328
47552142184
1352913935279
3485772187849
267663956364
19930839247
955221964640
1687114490325
2447155409993
113861135611
234595177530
726812479650
1687457385660
1117230889194
1077310788450
159799255928
1465833028468
4044434044356
1081383656640
526488903942
971382818709
705398518105
1879683374750
470507790654
31295963358
2041329944357
372441036030
1068711078915
1890780856596
168837313592
2233157196956
1185258409125
234666050480
440884855776
2748749824296
1614474848048
1075186098129
1865716931915
413265905052
3624745248960
22173037548
1665042007228
1193791237248
463544525106
205647221780
1255491994146
230916048508
1326931535124
1147510130650
1752088071924
1417894794960
410437233638
560846600032
2368331804184
1579617650669
177918253568
288914577408
162337821588
776998145932
435000273993
920174081578
188875063468
1716975921900
314876385355
78077276960
2005616248460
669897629012
3977763814710
819968605596
1703207733108
1181695647242
1741565738160
1824192913328
3614638366664
1895106536981
970331997165
2776731641568
348219761404
707112773812
1828880324775
69487030698
528729159179
89312929607
89539281644
1338943172445
226089623221
1110618610514
20178401224
1008519319596
1743796815488
968669061092
214183511010
1365088344343
118506396245
36822344195
165975166800
195378378214
1700403604290
94650502180
167486887524
2219161000290
2571822843990
651606678908
9335653576
845011466775
294424415616
110292437340
15859045215
1386220641905
1975748707128
333778403889
2857303391580
200288176504
817365568824
1342197283536
1247098442052
392467094292
1502378795386
1266185618574
1598304774755
676592931025
428337689098
488166828825
499184015940
269470024117
46018615937
1190364269244
3070929852
1432321177760
847332981876
2215365287466
760973481126
210102518400
71047970000
1573431462198
1724207958832
634571875560
1192241377712
2818492624896
182853372551
743570142074
2260335886177
1132397190480
1760672362220
542538397995
122246768496
1052133957330
360164372724
132434908848
2346036338866
721263539492
131757714915
1119170992940
1211521193624
1679492329893
717944866692
1495082587144
1765746609035
305659652400
470061586088
768461489993
2780505157972
2550273924291
277662801128
2891046047636
922096176100
709730608581
2444776185846
503873308611
1261330306600
1258856944917
248459085941
25934243699
795545573328
987356511570
1416388090728
3490654253176
175101034300
2138831095326
619151926019
322580801660
2507644496196
1586107463213
2690372963576
758496870803
653345595486
104567271392
3829420967346
304948961562
1691505234384
2249839700210
1670783402208
1574197995760
1486272212328
393124925970
2726692578136
301888137750
50484477141
728682268860
505918128300
1423526408298
776942404282
42445537228
422400130605
3241748783142
1650624027596
597337011636
1383991420053
1037081987150
1993377349904
24842877067
421310262714
34016156919
123627778294
11291025681
926901941240
1636583035691
820073836610
208041519786
753706889952
3665337479944
1336750655976
1558192791879
2267602321140
781053019373
1704569208195
1712164320216
1192344128276
132536340409
1708814853570
1043035465875
16785033419
2534918953140
1323588590496
6198464304
153784601031
2285232835763
304845548224
321748618664
1639573816260
24303935422
2402488729956
1970108097285
538620275190
414205353960
561190529045
1965763303560
785738474211
988806841968
1340837611450
755086404510
356322910872
310144551708
305400122280
1446769359516
918472902984
483014442624
2404266371289
137592981864
140267045632
60954210640
3346431842756
86777528124
1320845930433
421891420575
319788369652
818190743490
521500157278
240975084243
628037585631
1178281994538
720723676248
794145724740
2067212879415
1281352832115
63613734455
1672333572595
1231225291408
28491458710
3879770631912
357543227871
748407011740
140981886045
1038031919512
1400201974996
158710503796
113945358791
4526668727755
581387896935
65797680603
1183632007992
1014111790836
98959139250
163486345050
447624658872
57890816605
967096282935
883099215544
2482173676092
640334644941
453501671354
777705376584
8126054546
1097974543950
44231192630
436998905664
736108312799
857359468956
3461743596691
2862159403912
91067134928
3030616732120
1051674383232
404668411077
308284630942
338875963842
471333391572
489507683719
177086731283
1124348902690
303300610528
873409306132
613180052700
734298201370
3325656111183
189755687784
1122613575372
2870962562500
863149978932
609890021130
504432009361
103184911832
254466339400
743028339554
4162715007971
297513352280
1284814999560
186513485804
125147002688
436394
1267084447610
896479308934
410001533603
572645857055
565268969871
930609518565
2319097064988
240074385750
282853049865
1184091061046
806968124649
991262126428
2651904729058
265614996436
1397948385774
1081533373656
1645235024932
174191464206
595006688276
738906464266
268681235670
3433129630
740528852256
152998755959
858998411406
462557150208
840465698480
398388516869
650374310268
677820643872
2243118914883
49428689426
1940397561752
3787255268264
608896393600
1145393562929
288983242240
240003387126
3649667207058
37245372216
286652144501
176313879033
1740845106000
183289240869
51664536496
71209481962
659873119962
1772099691296
571946194872
800594136620
84234558513
1265355051128
291208286354
1487800788206
2286704021424
1945138617348
1338997287600
1751250756900
943235257213
1751682692240
61357580022
609378759390
2876623982793
105988201200
1141504526096
25928910840
1009466256750
2668835934336
1110464238015
576800342280
294369205834
170308512346
1392124077693
2505862278136
7117897424
34290534031
492864570911
2264605979478
2035006245690
492503335044
422445560424
378494011896
1220240173139
176699907246
1683678334800
357854179368
288961397352
2029404052815
831053123620
1063503615890
132101821716
140265136080
440532884580
692183452536
2853796255596
3132788720196
829549623060
2972826942386
146905942780
283284370810
141005615616
1698775426740
1721250469098
1259051360424
644114828985
1268071940122
2912155009295
1197159622154
938810546947
2021558751875
465598741125
114494663019
1060086675456
3257432785896
157169582269
395365431150
731169042588
3257713054460
1337170652123
238267062880
3226027419630
1083443293282
481818282660
116125809210
2738602286556
971435575000
4051771542
1400486792690
265622862596
1609649772170
554654185428
1057519874592
1845709277685
1015404924852
239326708764
598596641284
1541178578604
3606936197842
2177201994084
1847696738459
381077500440
684780205221
697567874841
344610855660
2670851313456
451647424520
1234338655810
1167384271424
1634948211897
338601607828
1243664821626
104584299948
425435939572
121377475590
787064883136
1794063371781
152211695930
1134406996359
438131849532
409620929328
4354361604522
295765500600
22291122126
58156421956
646999393016
100464221269
1139329386048
497873679325
1521682974504
1593286220088
1364917737951
686877765756
993504302280
32552480151
7606066374
125971713975
2888559378672
796813436419
46730883300
1404402337177
1108407606646
6821287404
101388764192
212351564895
1729681397058
555611510544
364448924004
319979224920
1858228755560
2514724234750
2159342701894
3624551745764
136664170908
266854651690
919567233427
749403208144
1698594682726
880392011083
993613477050
932908750647
716977580828
1252524096720
2689753954590
95350240800
148577301912
202475264832
336398730829
1585504704000
1306831606416
3418685244
