1000
644448836 934660080 313601093
503245345 556525335 456073556
197908424 757926824 579322647
425791201 764229805 733395474
137022334 681682118 752338310
494643857 779839744 519193256
395592339 533368056 722124575
370876638 966960160 734409370
17658683 262433197 510672548
298233681 833077982 101695224
36561868 320371145 598786057
19131501 544273357 38133369
843697059 962600995 687891887
363670594 883317057 224511189
510166568 666704464 807706335
153501474 493370805 350582632
454098440 799709638 94538122
516790037 920550896 139390725
668807683 984402403 233563456
121683609 835520601 317630743
91336357 834489744 323643247
273928599 454726815 267247614
254940193 553031993 599819485
273042541 712866754 258760361
129619565 894825742 275684968
258909898 857171668 416087920
443652251 703314046 510693628
534788705 552706650 250354229
316770820 675829348 760015573
224154043 529071637 595874746
418093191 655815844 257698295
355821502 936773774 447332933
288219075 688978246 540883435
89580882 793435409 810074482
207750465 526906659 901865148
334746677 370760424 459401560
468470398 477524790 585185073
44551140 680530195 641632992
415718590 793182368 510227020
326217365 499943007 815810914
42159979 255877791 128862723
935398344 970397807 832170369
287945323 523479314 580633406
594522202 793904066 576950089
34037630 452532339 476548370
12829834 479684679 923511175
708323063 922770675 786988860
877717541 881334343 72458344
258606809 428652989 602762720
722975859 879681038 843062101
394167426 495084056 857261186
394993223 855516664 569549838
172213552 613715010 686851141
753082174 901764552 970564357
668484936 938910206 948649828
64464046 232537293 58096893
790679482 928065416 785168879
167687746 623439078 701676516
234999740 848030389 819947975
783785862 909462791 408215278
420753129 434685990 152474588
807149854 888731291 579581426
102140580 110895043 698297509
453573130 973381981 888693257
438072355 868064515 977480672
41637006 497476612 144419173
29513622 518983843 84683660
264775260 382682157 313381488
118489810 321960268 28540963
50107983 725991747 126360101
139299663 864986483 360703005
448732131 457299475 585346483
35049205 151111905 886076066
28169265 396352369 200054608
371510452 430913777 626139535
374803623 376327061 649022043
79116760 713794716 638731948
416244855 657817406 31179957
275220689 335774590 147009067
626703791 736511935 44061025
203649391 575961592 193591908
341598442 537744088 192576091
151967704 957427479 458658512
91816019 815972311 619791798
675804199 723232321 523357763
738442572 959884414 791487993
439020015 860468627 534222446
336880975 953021765 827408827
746355809 903028754 652768917
442415945 686403469 278259325
113958039 892585011 505252749
640892699 958079551 598107336
332151358 709605009 505168122
233704587 702509420 37957512
284060833 964758706 740558790
217269276 574352019 412671143
152622449 440771227 331419108
749156491 874248378 611599598
239160511 634519982 695692615
807962735 914256098 410378520
829402823 896204345 255485469
443610116 787403485 726210616
19156183 368055903 573192273
177816828 952021641 33537357
475482122 920426944 279460416
429918629 774834254 201424932
798659871 801064048 916369083
125540156 752779483 111055726
255759378 712797886 78575165
619978781 746277776 711257121
594317695 840964516 38904686
41124315 402684288 202812436
221422749 692145445 548187864
684780254 923098474 31240150
339080645 658856607 7543784
947878389 997594171 921662415
804401046 912258816 901527337
370013420 962369304 938414234
175010776 910445495 33081788
203373832 596105713 518121634
679072438 999668692 496469531
387086781 539604588 752747259
139975168 657362339 678053391
65435742 282925125 349477252
235282204 434829323 148669423
230174280 684946368 720961082
528521982 751355505 373683994
76688308 210116592 847989215
401046638 566569164 457754552
657384691 918976777 697160139
451859552 998471715 822024621
531875719 565882735 857255698
112821363 786317159 430544606
477552242 729833970 247026904
360310161 433152170 50660520
280437317 832319195 288778225
227039338 653534972 654379677
699920862 824682185 769330621
5817349 357216436 971748482
542467345 683139102 169100866
255129825 847757219 264308102
354838867 467613927 281004426
196402985 615002303 242744516
152753757 534017369 257721920
404623622 640454174 92286203
148413261 970286661 372456838
641229425 689193994 630436748
739868178 799773633 315751450
53766284 993072369 93607605
492312679 813742794 680723625
355220522 388105922 280003341
58289778 742784953 625646962
380504137 393437890 482033728
154277534 832265730 918734111
47829453 137136817 397640460
784194705 851990360 991015136
80532043 186636109 236371579
309697264 959144576 269661642
470476705 890630299 311414882
55868560 247158580 841809263
18253012 957656925 312099610
120715376 565215689 390393790
359350721 773607993 398463614
496425707 678844428 393060893
679192300 748547393 291019302
59311577 539476930 786346437
546232493 560753315 570182883
117267823 722862298 942742878
68428886 243973589 421343098
720323746 940525215 671296475
653301616 676272947 863074468
153320659 406485552 686357655
280442374 871100172 607190086
146465628 218021246 254410417
18185807 649813965 780041709
400101636 992570105 984733093
238609061 256830058 431957133
261388371 417419469 498870572
492929611 781150821 276031355
635354606 770283685 28395605
346462859 797572113 60788905
446567766 865588605 217321956
267362413 533671596 497353761
584612128 720199305 866242028
357129883 757150937 320765124
184995299 580342233 514047656
55460456 897404016 840115780
96970041 337394035 527442078
528208836 692261853 107603038
483975459 628677768 858282999
557625143 733931522 565248349
245483122 837110303 733716249
764994343 792335690 647460300
69425802 921661679 954629766
758135816 893762632 843514747
430628400 521593509 234868218
934940258 964586775 898526134
1762682 733787790 787083455
257848663 886047391 239621824
99414021 689545336 44052308
765715980 793067916 375094934
9855576 590840039 862080574
462677779 538105275 355626210
298239698 573761090 143296046
170353472 851581111 372517437
385326547 987578173 818674004
284123122 326894929 465127594
651013521 829822496 482287619
605497994 870684793 120485199
636971581 986420791 515262599
66261999 837118616 340855670
432960330 478376101 813240386
222439613 708964534 528197828
226024430 237604988 567775245
633845501 803551897 970048696
106200319 610113524 12649934
523341599 869336103 919850343
432561147 917736705 342558038
225506535 787462988 267020151
209156518 667254469 942664318
571185 749788562 356663129
239639713 971943321 648845441
71311189 616295571 741647307
663022194 695824153 930145948
87045516 563556844 102443406
498945804 937100339 100942308
372140431 434924408 697867875
693160883 904363100 488565863
513636775 565028758 320360780
18917012 702740117 82172807
537539136 588387180 963342849
528937398 701824903 310088595
285818465 874752206 981452721
349797570 694191455 83197607
132134747 697326430 120792827
58388931 196063518 105750214
253279334 528987727 932912939
180181522 672979529 926229813
366535525 848520564 237760697
4342414 828402626 831548187
62323035 556413221 28740352
303788610 572021961 698363223
39967004 96248931 720679228
131658212 640269699 739088801
119723235 586948768 655850694
109276027 431061498 27772132
150560478 667939591 430681235
168399125 703316597 226283738
78964721 332523535 856463850
679186599 815074106 700610281
269319149 685858337 593820773
148207685 661932642 432399422
284471634 958660395 946159403
340759851 661514100 419032873
409727597 525299033 126243693
449141740 660487749 643688888
303367244 843158652 327740446
41856271 708125177 854841751
480278669 637029650 994119927
594987605 703462865 714793254
806786140 947115165 801648298
629080807 674908055 978996700
301811536 648103074 298413669
563330282 661076769 174889948
440463323 781502098 357127819
605092256 692770249 649842901
453596629 658804751 814795439
327904552 571623619 319717919
506621912 860482803 814013649
197371897 394789440 943569427
111865334 980149866 68213724
21859844 313468761 63020204
559133961 691896314 741775200
801352633 904559790 349851996
601352082 853586820 160787597
37740414 701828350 751185456
239800208 697527484 662911600
267575779 734176658 984943655
265794422 993195534 578711409
82249675 894015779 686771407
254465322 521488377 666865676
3221572 811105189 709446946
453064507 484510384 570040527
364320181 685681962 52005792
319112169 873717350 949443477
510856831 856335320 566099374
532187783 759206350 734902785
586058829 704491447 12333613
278875944 998675641 704939838
29764610 289179732 730602334
355146946 402329813 921464565
419638743 423700162 679885302
142073078 819822391 646157711
297625941 357808179 337167230
237413050 958934416 820284845
945640082 986003410 250742765
68118496 175939315 546019557
402619364 523504304 339357832
635711720 845385448 544611774
432723347 649950239 194518009
42192590 674914541 808561390
255067874 562304842 455830959
157385367 504398527 495977939
285652501 888384065 105716854
202015045 385611980 640253999
68887757 545389371 456200278
719864082 927121341 630976809
283359192 627334358 393675185
273282056 645460805 799638400
410239235 782212326 587333528
17720909 780861350 181171474
125901751 402853608 900039022
286053936 353698815 536526733
419654327 769421792 252628416
427309240 716969616 361921140
501339583 843034324 19017827
340423862 703457029 840804949
562637919 768757893 949869520
376283808 614624885 234007369
416770349 446439766 209053116
89475551 689815140 427821741
51282074 385199119 251152636
640122350 812290689 365626911
321361400 369815281 141461656
686142262 969745189 629192636
347687309 373404217 424263213
42973887 855427443 920243096
454610331 600922672 996756360
583326167 641382412 128753277
122941364 267281264 910300033
5045845 125579177 508013033
873782211 945892338 767428629
35598598 347456508 456256834
264635887 588286404 391963080
246414616 896157223 584558172
700569861 742014903 63811129
684359118 785640792 701977390
893483459 906607017 5963782
62429531 458079949 603525328
402332364 529455792 446202339
272664447 976125575 815872440
63699469 841879108 141620982
824457052 904397144 461694262
227414052 436752887 992218229
602406625 950307265 963140654
287627725 678629789 311468163
354247161 904443819 81746708
675317603 900743650 30744135
267775176 325507959 757045549
287924028 385520266 646866767
602801933 801248376 356398340
139861609 195179718 845471268
261685809 758085948 735789611
19392929 892204511 393269806
86526418 173227990 67084340
307353118 738353272 789784266
522244315 747559974 436708079
28078593 72720056 89128874
96495245 299729053 499197926
475670468 922556410 769770605
115193414 307602645 860219157
98951214 154977386 399467903
705561616 725297627 518234351
45148064 348609493 957267506
59498976 143299650 843300750
2645287 898692392 484639261
281930040 804946527 449633081
151740925 537963536 326088118
524290912 988687972 747230236
65583545 966240861 920491563
127828013 517177973 931644739
149002399 828976584 352021126
595488255 678352890 917921496
98949744 189904318 825892865
113738826 391027449 186155422
148275789 281143959 943301542
646156545 799444734 602517421
160338891 255397909 283898667
7309363 525669967 761877616
282542368 978236242 517094669
82235757 110745582 277572572
280453052 928635585 693278699
545419728 681944918 455895283
440772907 684527197 916643109
83288321 873071582 664933752
771533098 790709043 378336438
717886613 856622637 957031156
421514759 473371416 612737102
690703781 945379322 524417770
441270640 774194289 26169780
574306248 656694506 771160151
515428940 566440305 258834522
438254075 818888704 162505837
236608476 606652565 335459393
66474463 231091002 969724048
146448403 334326877 353060880
66099265 677390425 563109776
380058188 397914931 834106993
226304183 608299305 929426985
195614889 324235555 617538731
543381704 805723811 990528185
413920554 834367578 275702406
125452403 937861448 941557313
544935135 892338703 639461723
345965600 355732100 577205918
521153811 755214829 911897209
296785470 363648742 186381833
273518593 602100856 421276352
5687365 169021821 87363532
587771361 712784794 929423225
71078969 286037799 598763590
51698125 673357264 754208884
211257526 961881050 961358370
104754117 779794627 234087781
190999143 340037392 503514836
581850929 604392923 70041216
462598515 797009063 137744981
209863923 724874185 705963091
806844541 819082431 831106080
121747054 126547862 492508387
273069908 562639970 888029548
59639329 415890587 403906059
833055461 844715879 52544683
74818495 711869834 910028049
896443711 969729222 383118915
224867826 251018300 362296202
43938005 518049842 203414156
312995903 847185385 879195504
510032067 734226728 193776906
100112668 857478569 369608321
318100310 322992195 948063980
498887165 850171258 739416795
243221689 776496865 556831941
701169597 799553402 973090517
70805100 255513737 867742602
400137436 634237877 293688352
136215758 653444793 292209356
66953731 255302211 9004063
255917283 810027251 901048375
250766883 507280953 424339332
14865017 332114680 735482954
96113856 425688315 82984236
497162027 913779347 801335384
296349978 603333929 800608316
211269883 277068898 346685888
152452375 723363407 490207612
340511227 985090557 587764329
212189245 913181952 680497140
217280594 553336907 168545409
271321955 586196670 655803077
353045321 983805262 503981431
112679697 481509812 201175114
573497117 576302505 570145846
157544513 692285580 720709231
132346274 319131602 64586403
465375908 582457661 231666769
147764832 483653718 358710873
184822542 768406595 737405719
831774851 883462834 495683236
476466712 816539653 368067088
281043849 647861772 785457084
527874632 861367638 736816143
1657712 373220563 940680515
73415262 667396657 499709443
193041911 247425499 228226049
2240381 220762928 306177242
52471642 551387254 999241950
629010955 651195590 759681175
69375133 835364229 967477537
65550642 854300750 391013042
80255662 989435434 319995880
675315023 813896892 146662832
211818839 825115951 206763752
364129197 564769906 315491844
106327610 363975907 25431142
470376178 485516533 5827109
463085842 982663217 598068341
70746995 718748968 769302000
439581778 990957016 840063857
122782605 336546830 878447425
222891146 731614559 632008636
710227904 974605898 340756940
313353609 832326344 818728121
628164913 782624179 106458177
137088610 418214379 556141318
505451119 600908578 961531552
306556910 421619650 937776126
92739877 815311329 523747802
52082974 401289842 77339758
376560967 897184272 34192042
182089198 920441143 515511447
260522608 720033631 715131826
778011845 778573906 747274084
69714108 97711312 589929689
127343344 647028333 316814573
79420044 788399622 843677668
664604495 952442946 659140652
744239652 964930885 151542356
275183057 476495354 659650558
566712736 708437390 778286720
290618949 480468401 430309725
93401211 852099509 24980978
881891746 946220553 809551069
430078329 789582220 54775558
285392032 647863780 919424356
263172280 560599408 441596865
4962265 609897252 352349230
333434647 712639215 707949552
450984931 920538590 11576321
339988631 772824843 451615874
53602406 918087974 869649837
427365476 792663361 250073639
694731865 769092900 60031431
158546081 406899032 569144617
259740993 622552748 857757094
308151246 699639313 592435338
430401676 707464514 676952990
90133900 230751486 489794143
95420792 441731842 670044796
117365045 712698115 603764077
233206073 705533657 376879170
452115204 955833534 441454082
427017778 795845666 392390181
240372691 471818986 141524502
34749716 997731550 224745924
86069005 692052737 574626978
17933164 554321660 909619114
235057846 757161549 619520575
286524671 333670235 628611846
365303227 943284014 271053571
177216726 438542737 893648553
872563955 897032756 549487001
338522296 509693899 59535681
61047799 269426652 967938464
112558771 866038554 161398484
173521018 949250131 293555525
595139605 941169365 606965120
109116420 738843472 330581540
160064427 974808369 597632370
4125401 543841097 886845788
233265465 302138655 441218084
476455493 740053946 130955505
344253797 554901050 70442715
2881500 570544895 86087782
735059712 835878874 710359137
236548036 334685607 567678619
401154233 752298544 549650431
873703753 874387949 836092644
407369222 852062401 839708093
616075670 895127459 894085995
514376483 987233841 621098974
175010400 192307862 210437833
471149169 615203660 643428246
434500521 434971752 869996767
592987919 676447541 488026382
609699636 628023604 504878330
784359607 871629037 27361947
438203913 490532508 114578727
530995931 605624840 180435258
6307373 300987187 49072339
259648171 422157057 35851343
437282386 500833883 381774504
210259145 778437723 932373663
116494517 495469959 583512996
354223262 427290282 176564876
753264852 769003287 466513786
315924565 724714092 78631311
639830031 764320978 922897966
493736309 615437253 261084411
43057149 896585514 220087532
421714947 481479738 85650417
522688626 868111177 350721577
52310677 107982834 829254815
78309620 898872893 705960701
472537933 842225814 114696381
285505440 291384095 246678463
510907156 789384811 477936458
535269623 561405163 887938018
224824855 598275759 686057858
822036230 827149156 391956240
23103560 185721968 479778596
81652392 440408178 878545797
937123302 998696922 904327650
298821534 989670178 389378478
553869705 757255303 499177513
199227327 970294278 312920322
160484912 888012358 641108755
5490956 168854850 436300832
113270848 669332848 303988137
708099441 735331680 828567082
516520578 853170637 438428509
568612607 748411435 187955041
84573428 374915601 141962696
132286667 621062508 58672898
278233582 548430227 544314785
712346261 871224153 738471520
314400270 989095863 410828542
887888908 998380524 167755074
467362036 874167056 384023246
851611130 965009096 172458880
598170241 781959793 396675478
168736929 582585468 141042137
177092622 800967823 897513323
84416378 316601558 250155031
348655617 988275150 138162481
727149117 804766841 475895910
364598200 744991775 535251218
677168329 835769350 159630833
415705686 512863383 512797250
463435733 798777096 45875902
21476021 498920527 695459313
105014556 879807454 43958988
249248318 540100835 491303825
329565115 880619510 576865899
499580170 691845682 27868234
342549979 350396732 688327132
216323410 560817978 280279483
745511687 796685143 216453673
216822165 556626641 996870642
116363316 405944253 456261447
123720342 998716158 547884718
226662669 344252676 843669354
691477391 763539100 698361300
73426032 580890991 530955687
364170484 995084531 700191024
319710949 459453471 639722449
456247028 867031562 485621613
470943314 670673771 132329869
208845752 996126148 870289495
216025440 668115993 53948088
432077836 626585357 491903567
130756085 868469242 974796538
486091419 587606263 65538831
197123726 541392425 946075819
13799699 439738477 6011297
71549360 125719986 719900903
622594337 967046798 630281626
133388295 501501449 891765996
561666187 690595441 399671707
342398106 395824113 200779452
151894046 994307717 962090249
404401050 738503234 12202736
202726231 203838409 112303372
789919215 912983672 426223578
841738546 875456082 850695366
403230528 743091517 111555551
275680506 587364432 345259221
728251150 771240045 905565459
604297802 823955559 120604172
572119067 856954175 59895830
549888190 641404122 613100910
206843500 278627942 152237615
473631663 746470178 245885291
149371747 722875522 646543015
49070102 121707491 606768222
118821053 565293637 28974951
134823696 158154434 609210951
516213814 930680928 323543253
185676461 696253551 571981253
44667260 409466796 794578156
20654212 855900519 305307735
771659918 812283744 733272474
464359795 671836683 571239892
524417050 569346511 384921183
810217113 897802754 186769192
525657076 530251138 681108771
772529041 806808784 243623505
138476761 911655319 352257111
770599864 879706608 679543194
321089381 960138074 436974160
106139138 585172175 16016406
14903074 896304722 557448161
36585313 228369089 149283680
100928499 621634670 951928887
773473046 922391433 417047185
359569137 924883264 778525689
37225043 978385164 395910274
381084740 721681081 342111136
208365430 878008816 351830852
244846709 261259509 462016788
621761158 990745976 978874077
89456658 140673065 877698697
162345994 757622145 975157572
42903410 950993148 147871896
404603803 556232011 363388831
285914539 353289763 676513697
570244743 990807214 109315259
606657745 906886976 732061792
492605480 793519132 956897997
124584305 395268348 443898830
148218492 532831454 197949544
376928355 693114701 319397947
268030683 560441271 96268479
243355008 799749465 285747626
41841385 948361674 361301276
22850293 254372153 42640236
729727270 806239846 844891041
307859053 407472237 61491456
171683773 713455367 636909373
320611404 788229295 33801257
198024630 696548227 227087602
48558156 632717302 354336849
189197380 523582610 18547269
80322392 642100145 644166942
934982827 937980478 533717766
365535399 641770819 20259411
168958041 757557412 460105794
241737422 316282632 646911210
311791784 701384074 529790086
59040749 71775428 455911791
517325374 645568726 436350294
471782676 794390866 753765278
352935043 922215281 343099372
502110085 905392893 824345408
619040668 794861089 164799798
24717576 543983935 277605443
210222632 588879147 828732682
125607692 302144064 222049305
351382846 994755110 285977772
37446252 570246176 927485523
839987396 937852924 743525507
290469262 750093946 543235709
366023445 789009444 74077463
226253980 789603895 96715068
852594132 951343902 116455246
619543422 736212537 52826279
786120751 980876810 461270504
18641401 30050376 517680099
330303879 827830366 840784952
100287417 688649385 845097474
75369135 473303415 615257637
137826036 717639054 69562909
761565763 933026720 52764000
531317148 909928574 200141999
604460001 639133867 878567400
444988024 774792787 239371829
82830424 763052577 501451195
449827358 905291225 241335557
627631956 687723113 432053214
260909184 733416025 580413547
270497040 932382830 705873040
109731483 530903679 565140234
776711783 876672363 590490315
117588491 228560357 749215345
142504679 466162987 812383483
370058001 481899675 464730621
117865169 501655264 807861506
453233389 515548400 695034095
137862284 806270221 273368941
80743902 754520575 33429966
406219205 465999421 870162928
388965710 616265894 493828350
196031562 435178106 671238952
89749583 996595865 462173345
350755030 559454050 146651024
654571819 757569769 304637359
170144786 982705783 949255108
56131263 921716556 587894353
35461380 726901900 370078198
753586638 888599507 321295747
531594754 706671398 949152943
332185 430657526 638695401
350666209 898514474 189509319
9220893 776164713 984496113
161573817 504750444 990008998
8770059 900513723 517824299
631200707 706622384 578558653
415167590 990492115 607660774
273402060 396786053 109680448
96259608 801663472 605122059
308722118 796862614 122765605
256082849 722843414 326089278
356544331 584363895 185072738
862469250 883204917 102746163
185922481 555495792 931784547
649586796 701945624 907444558
239774376 587797296 871267274
84988047 192101036 870227583
514450655 898173445 831511659
315552205 942584545 6871644
2225844 932491908 410796166
182497881 752968874 805256832
371683507 410324958 423156807
136277816 660225169 632004643
407577852 841378004 467731580
838350105 902914931 197023227
378284001 652129783 429446549
70025401 975904824 796719442
47838084 347442518 627514850
138957018 762673783 977053288
688128783 922455336 641335048
390595192 897354580 812707340
210988290 443986897 274512581
149765140 400703948 624754806
253096451 754226667 196858085
461406905 492568525 811570535
599950556 767619492 373315204
133687236 452620547 26259844
797375820 994219453 129044614
592332184 975295803 906472687
12419420 974595223 461495635
387213641 975338070 755735335
579772783 841211629 860877272
126119015 787320460 480546338
373422694 505663770 451581371
233346403 549373607 776092841
165654179 502888925 213645022
442653693 569551017 709085684
789287507 946923124 636340759
564144368 795971518 65670
728620882 947396998 867182382
777658532 802077080 627452490
581821906 807251933 411859479
54527038 539847169 583026671
651229512 672926023 532053361
532316065 833942505 460093825
411639130 677023244 344600127
322477242 384014266 559631433
370861044 622099364 153047782
204939749 611418886 964239335
465474911 474988036 324076391
411252092 919331730 53842093
242329427 671338587 938228957
438475405 767700407 85067582
392106715 943170955 844299834
602720452 606450194 24030056
227690399 575345076 768415294
314532320 600740387 480165950
138544069 536273327 667075256
548153412 753091672 902957946
50040583 523580363 548239617
113843896 769829219 192626194
181241286 213575957 57422774
191871127 531140003 142557720
309078829 313617423 213734326
9093281 288082538 934757848
29491772 450676473 560989276
13490428 891991187 940325932
274199750 712993962 496554237
207318107 852842106 239929379
73169932 661472850 51196836
821893726 937881384 335498707
730342535 980933254 487803661
115986448 397306359 397188218
710298185 778954805 964614111
523412930 757241164 466180060
379253187 895919549 306282287
15612822 547603233 785029849
537072489 736438170 926018098
53973052 167950820 335890253
552289489 922363944 192560961
250179027 487171502 937125165
381345720 683525101 311672339
377436836 994979866 750764767
545493085 893923609 262885174
42524492 899595581 126195418
52024945 252744944 309538510
37600299 996384709 661191807
636817524 726783299 528921234
72138594 781052697 637745718
104898981 440260570 388505860
984626062 996983607 388446413
670821043 693351831 958302193
142529180 767675635 659673614
43887053 132824257 747444777
373005467 597234366 560328863
56696167 127831319 571012223
421796714 452371221 921479966
129689330 195564657 344686595
282063547 941745935 198306941
300007832 494906840 138944383
766047042 860332621 812803483
335809327 841527023 177788464
580007984 825343763 352179748
39048034 855209376 655920582
395184281 851964662 657165995
77503929 320265069 767736223
673150787 893691823 464524294
795234575 877227473 269139263
192051249 575401632 712497129
126283988 531988310 828214803
35629152 968137394 230003910
466429764 500958263 471229032
15434975 147538261 307920100
330612318 566322369 9299878
65992658 198775314 778304702
736048159 800086767 377027025
465578742 870759716 625596575
369146305 725383557 248113730
324092119 465371095 378590075
155703899 758978626 515045794
506599956 880419166 667968784
379475365 585521790 926905127
420472354 633943714 353886526
15829730 806481936 643930899
361127432 793903271 248550051
186817882 257975086 984633962
505596450 793865819 273146490
469745974 944245354 705470451
105559976 763509031 914432950
245378425 982673424 943877234
280656607 299507547 494965083
40750375 997739738 789582884
5329720 963491103 250183197
467600362 514047389 330511227
376796914 485464689 434233659
95438995 845589413 441789724
477828105 744147530 776607901
232702444 347510586 686789910
396240263 828507108 661055021
121846084 734016749 964274019
163985959 930619697 57375347
465328651 963554893 287156133
437701605 961043171 932002932
267645926 676255414 548433946
494827161 515571690 522235085
482608025 676019128 726095840
22326051 156460762 141258251
232313383 859152848 905693808
22292482 186083445 619690573
84533718 684165052 979920469
361234362 673500887 881789981
373094602 769764025 415769900
414065589 542241455 69159051
77776613 113537019 891705058
205124311 882977599 335105675
812064990 842482541 615922729
121396323 134552217 751134609
602768032 709423531 766628923
22737645 223590968 410839915
422045413 566027068 986287571
899492891 999971682 905296223
138266644 489889044 588852072
110550432 725015741 300252806
61422666 211905624 241646253
130135802 444187569 106549095
252137238 781079809 714361158
260453634 740566630 891377367
4268815 601016607 563999948
246748425 987505355 604396049
385355101 661173923 868317699
326447370 579199213 109049361
271644955 996814806 708021595
188149334 376656245 469142070
806002751 857472208 663595685
270652471 691289740 528427544
76450880 397808543 713280535
97919668 747521338 36880038
323337093 678876215 582955650
54092671 531443469 498680964
248647872 327552752 83613906
411232650 756103064 374146468
403970340 641482915 445008583
97136687 555256042 117183524
135193547 261577759 283703538
2364621 708974597 800523367
259652954 654350811 450867187
89131814 285685528 555466870
493514999 761845981 963229938
267682355 837697475 319977113
388358739 482718466 264068443
317544123 975827991 543706418
68547386 166416459 199519198
478009389 553892826 949176282
217446588 922644739 96851622
749914135 993172895 709522878
148639146 272700713 870435032
944881848 950755668 521349947
262923099 852097526 437893968
135454855 833875020 768438457
704679264 919910149 954813080
217268187 610538422 435217093
306170268 409635733 903639081
627769888 729313273 949698419
288012124 966985032 885860069
282702922 846699360 668473586
631457005 781969634 145183445
300131347 502804591 209484657
688139041 937297313 2246175
164855033 654731517 631369777
549351302 581536347 911733067
392298878 464192912 259611627
103762304 474838587 503084215
307530227 423710629 843215461
49156150 600524079 224826712
251107793 373916661 188321616
698407173 732221004 366908084
573887684 775488889 256580708
227504325 897236958 83862556
750867989 874819236 495609023
184968000 247727566 290876206
55907123 191200744 586922362
345511476 475962614 686753162
153269068 776945591 531126669
331573337 536203502 2173396
350866334 377982031 350604517
261913034 360475397 413611498
648968983 764699308 141990596
538333881 842245468 228631655
186691572 676702724 444373337
