119621052705601960
120527931182871045
90913636320505136
200541496601277535
85833987570786224
157142180796931840
164017354593008340
196867094389968160
8449267838425610
22333698025031532
19650189045748744
704775359563977
309288388110483003
57836319095424758
233437154202568320
41044772896648725
27381563784563716
46135584051094394
93014523483915986
33737055478522731
26644146838312346
45685626565487076
104667710773555086
51085713882103082
31212843753901415
82738117240994412
138931832362778088
68046288530955750
163919404144670500
93819025771695515
65795932957076523
115354680434031602
109913147229592950
65205337611346428
134379371222258760
80816627228897679
138382887988173950
26829105175607220
139169872504673570
161047031813892180
4664326905886105
396353051256958002
107860736819817849
196133386611361048
15085879055808220
11539845869871352
315365972558042315
31864362025509583
97223501122092641
334555401345588720
188125746293207272
153908540946702103
92366316175356944
398292477399523512
370423872007260864
2932274835585126
335220611605128788
92722723839634136
150877526794106804
171850530474247104
32599531681791000
245156659114382974
37127757540457668
274961694266528050
284588498051145490
5548769886083058
2364837724371402
49043081202482160
2472038450273180
5922854135725281
43276454755657320
132573748646379675
25209191720241585
5261453147666595
124919003007993136
121874591613300911
45492076633912120
7948776752262766
22234899668689390
14918739355108095
29126339693974928
40228683082503832
60153426727597728
51151115612481139
182838788595247183
330338115337438488
155299123616466270
205940846000155400
266738090403248936
74857530885938390
51058833620161497
229681014367069494
114293749166385453
6656439717922947
162513677865398762
65052367098035856
37572170662279127
246744641356519953
120836887574330806
176017352136589175
110051717179136054
206062287297167950
10436964098662044
5024954904411792
87616659358655346
55694246021050693
366483557650605600
11949199203852037
14789652536038674
240863894028549024
13547555713905220
7567670790809856
91961924069596164
12281717194048542
1688806750132170
447974499237169563
385376604779776512
250798441737343640
4856186936704456
78567462364884952
200761797247969980
169667258121983619
78248769201830912
18572746015230750
22697732361237848
124207235370628200
115943024173236525
47642361187739304
107492344271575788
267178102141538295
255715380295629024
235039144993846600
42479622007938855
71308779854728124
9964610660524410
60574524411708276
110263998680864850
291267338055956328
5562414925010617
51130205898707845
51833695055367525
56691872587438011
36135695773911380
30611641186092798
22883763681649338
47944093638756978
209414411927999925
121352042118038592
4774438545686524
208803308839121575
51931629391332730
33815188013865354
93240493181609488
119574454267701470
14100922070218536
404675072062241760
13297651867607285
63129614575166464
95869990805754542
38359717447274080
5590208159336760
38832846736122816
97771900028061942
112705901671515167
103629837519708643
42019687434664212
157768938363722216
95122037136307964
22516646281762603
273830868105028185
286794830432973456
76411471212001943
128812028482922976
22288843554937068
13799492992294708
280802705434921296
53429749437832432
80186268450246084
83422148916343117
9886542569102845
14682894243408144
64020183576456192
88590854870986932
279519439228626560
77839698239278459
72109957680944540
43881297470528640
39727922570962668
32238382510895508
234704882202230496
179111605429842903
139273047173208073
251999644531404850
61633299468381264
346001949664566664
55401424368232881
426589740737755875
1384053117193006
47858782137758845
3827582035605008
146127981116819364
8356902362679024
88470750307400550
28119906602668574
52881104846883776
226919080963413840
70702183585713340
175943961666215289
43029592485346786
199428578116399879
20929135521671727
184823753950376310
89432441030932770
65768268503370008
343727298390775828
1144251301453378
300496574378322993
100709443383297336
46809816777427028
150110872893813588
203565554323920
124734848801011812
47402801831540235
315797227727046195
7724182238990964
32865807586598784
139954032942574188
191713463129099385
86194430409040025
1513716353904444
270610228323360960
93528648212048874
211433169961992795
19351336063086960
13418323198274100
4757753596496502
159783314350918720
131643627563165224
60858631969192800
3592097043589038
1610766386356470
138565581862770270
20352211349536245
80710637904246812
65217738599170140
2421074960316957
52915804172504010
30744622357280625
54652129414482501
259559147400627438
114834653656334110
52361174128337325
207563415764923992
94243016605279005
29059459449943644
172086264061785282
73117976321826240
33783588296248376
272219161571526455
230411501938087845
349252838949853000
318756018047211803
61448892938266818
53192943282032286
100601548276773414
209889405260248591
218883795861631673
66620796401089464
259570940561481975
124160844050267307
6849061829138820
1287806255334240
229383079302155568
148658097609323490
56726281537043400
26903338771648602
118297360222398096
193151617941919549
121344584826475826
51727758337034674
114044881686885744
2276492575557452
133463618469457584
12372785505714576
221924404360121100
181136587176266640
229930094103341709
3945775273714341
153677087111906352
19716698940704530
173819952839107557
143340107019095536
78242409791209426
54781933995190935
156099261483569360
121033536994632168
26812878347643040
77233161264851452
197614343475412000
50530396929860736
32108049953349920
79985500969553916
59495528602125675
22850799525787597
84875975516666180
27902294270881963
255688223822121888
76842619102768848
153525547913571680
158054148784145495
3139280223557164
86334740146216584
84851737654456752
68600729054522144
96900299320257440
5978855909107708
192886520989597435
308585384985391197
54616210793354595
45060894643593718
33884452007074680
11366405496853866
130894826906435382
24323620836910912
252827680372089809
76385872285178051
37654770157146054
257973499291662224
39332725105307040
76654677610418544
2464336566174840
348569339417273760
14732671409553034
71544004808185193
112978263294870870
22994245661979081
256752039035505672
2683694574586584
33158754795178078
102006850688090460
173886973447809666
8386620810467455
199123873036643440
148382618291319132
355101141669941500
62919381418861275
20808421203347079
11865839474182662
111222316538721960
106619903825489142
122601223053532632
68886430592583245
143136138686789556
7464407313962595
3871016465744296
171395945416210962
134268518821133695
1805482394693604
36438997883561735
241592138339402032
72093480909237844
24124578658207444
185344834488724034
38263329577541536
35454562006156800
1278247436656040
93882893340846960
38594685474257850
256007773135107968
56531993932785355
95488847069170381
44460539753003920
291084551741572560
53727267724921152
16402171571478906
91573019990886732
215301611357246235
27964116219904514
5492468119138204
113359666007500254
13099307936674308
149332800419996292
138156629153875670
245774894851776539
50558127286524931
147741018755775522
373788780748206291
136622175102991075
209300358563270068
7355507644132640
236261624799540240
69850637757142755
46391157132460032
57101597337420500
50061460526619876
35955340145735439
33912031395135155
162142737578750356
153300999033650384
75343940093356620
321449037635174405
76278146440760076
104184463207259720
216346350470987773
101236429654408000
281194089980418582
30457814827866180
79233306658693323
480693581672035
299399630273244928
34088641197673010
36211023674906250
166521209043274800
21617641702748169
61580890704287200
20763989855535971
40318838639134777
114892708533133932
337810309833067390
30560403355448538
163258690414384272
21067566071912621
22038426406039113
61611478448002730
178465887553235990
42972779657307618
8238841153096940
200944771321653634
58320196607575179
33134001503588828
151940333036900625
232470207312330402
103130191710135250
363515777323078761
48109137588309900
72055964405230568
32937446630905726
477602924046768
175231729360457355
71209086891987825
10464585566748102
6506799923112000
258014812608095127
159108284452149864
41556629734695944
61724561613704375
148729712098868307
117168591833446665
26295936290826360
121634892988302930
130939677434910916
18369616505121063
163887394154126880
92494637071421417
6042075649217412
59929367530216356
40600635095094720
109863951638599548
212360623282098842
110748070079091328
153959790507610974
241157341377901554
1552481818140960
33050647729203122
24748421040475431
679062315181965
47875857982790974
243064192101872090
61972227928416179
23804630754218610
23754677972843030
54130166968897692
34849979339797471
69846820879824039
2092696948140036
1392173505339931
188245281425015659
49548690359148035
255803899034934824
79026701253591970
107974112051522968
139995607388183400
186382329614177397
37097434018375681
57418981671907500
263970113705862949
166454078939868050
43611584592238053
3565342668246294
9069000565547217
78366052408119381
136808095675263856
290799009917698062
24001832280043744
33709727307632848
60872845326569364
258022500815401195
63673343001356525
115070028068600530
245043253642086848
77923121531443174
2102763412527585
369529432792843840
15250804627697712
182154895738181420
79088239095818680
1734339267240580
160812722061502966
3504058658019421
106633163175967378
44043832315032836
69436214962835098
21912182051250120
64934327628947468
157205512724757092
126738570112621720
181153168194634136
31746534482510600
52578459175043224
60841584303720535
66056343349282373
135497140783744200
109047319901292542
22536957229245563
7547004515129876
43987009243153900
15801157076541212
111124885283611772
96902249187728033
71375380333177636
112790440977810799
243046119366057436
12110650711425616
48174856027478419
16077258554907537
43065725444184696
221295103846266500
31430105630004060
82167675597744582
3631050547190115
58080233952435150
37957184837069284
14965660286293141
246815421340500
277833578663161344
78676520184257920
143809757721224486
365391597614719832
231426645666995896
326268680238874277
210041303725557208
19281561507561600
171674805071480808
189109462440256008
154210037470660171
156190683028379324
11296308833003852
26518903559941680
51050581222493821
303164545519165
5763740694529104
89126313017099462
154349635118519375
55036034483373316
34195416570067716
177520790994178332
17299982733900228
321425459020492016
71525397482073990
9042108243958116
19255070942321148
114423772673917962
29222483868384989
50853194542825240
34719001171599577
35572862354245920
148238165819253100
243306545414661641
112112373325793885
161600572632128380
9858242475223040
60515667639426240
437211158399567484
89370191623635582
159683795618453127
51722308264579329
87140013584151024
2320256780473716
29449304988688896
298888455377008800
141058624758000558
60731942941915870
9796400686539216
6398712697123350
100473640037375983
289412595261509841
98010399128363610
78836379276072240
116951363536042912
78017888697410936
134438783198878676
18454077239958414
130163958205794450
16671904346237868
35608669546604184
181790250381292062
131027108787023400
59714365275383650
117738672341323638
13454487179899272
14319324272653120
4124079976070448
83789207619855210
138341594462666100
8084568943622138
119228215297584540
43753894764332088
83361655036185662
155551749084446715
41263868824189284
60312953724669054
115307587362893496
253408696981415646
34611048688231872
186672487096408248
120603948085669818
145171604723845524
36611488283276436
150254265699497064
8806657050348960
125795292400282600
110781411885265155
17434963689975216
136715268782473026
80430069053707
32826395665738962
238719673724926481
93959892549868260
123797056586488686
36860885403601878
126769944943671898
3188688125213250
11414559632514452
180506680030543740
365061577271802994
29159512002074304
64777708994239728
339192844859485950
42044760443255252
20548783937986057
181518027172245660
18072774581838000
71250785854248282
80036812663513349
21219063583813532
2844862605199836
44338409054445744
107430066785722752
83843991682229436
32000779668003740
6157305336166632
290174574966026880
156849599411346723
105075587872143000
79541663393169510
179793683596673776
96145637491660608
42347074225999960
279138185410874592
105145128292187416
1438966397816542
8171816470988042
4707445357837367
82656636584944191
175450453641029876
201569241573160404
14197594956882903
85319989479452112
59248724140600560
58395914142748846
373947891361224312
47995040412720474
130375578589973912
6070348950665890
85115439984276170
106906521714796023
39565247094723789
266102769521275328
290830024206707600
42049332706193975
22954497363902424
77982075091497125
17455043114275266
53314957872124416
14478556963671370
894030943944647
323626161731029460
10783444623409289
88137789388917007
7703626769456700
35014514651995605
15979584209804784
2577655187503420
45988214610793744
249907807742745249
4718182258998942
63562277922911796
88636807118505504
114350893867556218
14768861812046825
125314512693135112
223110046387135892
87576106553504998
266253868578822180
57351906676933904
6563506095025464
128386102508967344
19700984424155272
74257349621283708
32590727698629632
329466018743907852
113745883372605598
18521785927028295
17008526878208260
52362137676904692
17772292854461142
201290585194321805
5955720681307499
198509389676731494
73979126907938109
40001564016156435
8042902006408632
22124523922660640
67136908592551128
272932913488451802
67658931219511216
37468190633893656
72523405447520766
141779326778495532
111698888748981120
147999799966558320
51391635929207379
243184684428720888
58171397692932901
88664091155121201
97276895823545322
77103153006749718
167637618570950800
32184169799964129
2438331482547072
188851765551416063
117757705485124040
90718643914738086
38052961955001532
31616389514357790
106975632919121428
137674047758276484
31105001140149231
12513044498704140
131015250319193058
287952198495223604
212001506406865
47799605157739351
8971353053453043
121171703524425519
4497548269482684
192887273218652896
177768773409524345
17753773689396180
52004394242325720
27317180598651302
61661099066021807
40981900666585450
44834004020162952
129797072924776042
306150021533558200
148380272432314800
51274447470458416
271985448464170350
1624517341871465
912190862939148
118288060328745561
82526058162956196
71392091140207200
128425521251554508
85649495226456960
102813339728829787
52055398004695592
26386102843763292
114844133632148454
252764823625906425
221170008674223752
39261411822749010
68110024129894600
37305459666622318
193348066207146965
125715131581272772
2710133583515784
57101207670697959
334051480196652616
5659389640200660
209470350799789938
295471107757960462
52238128329218680
96998936538855070
127108953403540838
26621825570247602
176614798454493294
273928539553157860
21681196350976
357162165213308774
247743062200384884
139258879454405302
28874282599824320
176083064598973147
149492426376303140
88215002803545228
98093805967532052
35560354621266744
148002449718649078
76187663151447881
15298895309015024
167058346388938311
23740533977056319
233840547473434765
7264040529624228
125352900638930197
99127226874643360
73445078146407955
286456308644051704
25040968669220264
19104155458305704
5629859462624082
20093907474754977
33271123425603833
8239923908677605
15528406109312632
12496404348668072
98337060021967250
40014537149308770
3372963086578712
146959363293787440
204216628292305986
35658571776382304
358375323867287785
144278132789056904
81611453868198552
11916770092088562
287598190994494524
13719949170723376
66519254910043948
154901769841056952
76291241840436840
205435959796794440
89057236984298381
5124172922163836
13354780074324640
23956952637630771
179524486298424540
42116223242451402
32912055773397920
192429808574463110
326733313432327569
79299697824536305
24656338543406129
128654173908549567
22427215751573655
201135711771718680
26877965068649151
43043226722422896
25952341011428440
329371070697872066
42674048512273997
119963239833314800
24494035304498536
177409962129913304
47908701378488766
178354142385121927
112260834715888800
102593457834572913
84525507922367750
7903964559545184
113820144419131632
4302613592674850
1941329295392502
38560466566985052
144539462869391745
189788270235410514
60700101262843515
72327791168710168
66543324947076939
214797070983696586
213420387841234560
89462320523111898
9997029342866230
61694777194558928
106687395412096118
84369032807224350
221299282355207368
84802970871169848
185329431556705500
71714456645992998
30913219601113125
1326070999143880
80929813019492887
92119043791117485
37887702474483032
225979996097997610
95720600541122960
177192744407363141
100765959677661720
7999199823038815
90106789568260136
280284992099804835
105164489895346958
131860827332859516
204457841011667275
2759914944888090
165621135784419600
12336543952280830
73726819963990704
207330475435571394
104480949414002525
16237289328263577
41158717287356429
55780067622168512
254682251413874258
47935969622907933
249829523703969376
8479251359095860
238457610155624468
428691573968226948
63497125330100152
28801433642603328
11507120090847186
10723991721340320
136162862458849960
171756544830823680
2390631603112130
119319384034799025
211399621147098344
22766984424460530
151142267434103260
58864473011029070
275704505315715680
102779990323893095
45740511600562460
3193019564997416
127679592169974285
24482997415919100
11818729905960384
99658527110090850
110305799495349360
9687997610633014
25286066340401615
1886641911854364
83811965288549102
37736313756466534
288488751679302681
64910407225903810
56831203352890086
130262173106591019
9686587952079168
243540112516104726
17043326576089560
303168261302183320
83738136766023907
247070260575556992
87984082449245458
89543287836978745
380988304056786240
69740682868169910
158329018421118996
320400991412226400
196586145782294200
141675619761185002
50719796138866962
39371496015833442
891306945743029
83148501084653718
257558132513115376
55197131203957818
42839777259210112
150257196466000247
10215427488226700
28290340325625848
131153951543377944
84623954784726664
15219916653301968
200255349094352753
30803260776624000
25389304822660736
137480821046877774
67992350159203332
445287076070824
63795961030866617
62742790842818778
49845585869518101
75087109099969332
65022170060161620
