16524776025031736
77975806272889790
246495840707135316
232269769715059265
610583254523919
47472340620149231
5495115339214060
88720073359328430
48245826652494920
63670618627233462
191989955314948269
81176072313177546
111610655259428556
81634015110335766
22022398256701955
26627660829272076
7735400820020224
4869908773469460
161126143816129800
84689481254665770
159399141837611583
179619053767513701
195483260986063740
39908632469159900
122382441314922861
87608532662392428
54781085050953140
45684869749928122
52433834617516280
277119855857971560
58272902450545300
179666193556191395
83347756807743070
10238446812709242
15765646874646768
13209824706060416
49450221769293696
63450120011132688
238586129344931264
28971183794103575
401503828427581200
92610868977800982
32336092319698174
49300648691377050
9367347546425184
114900081142234579
133212569262071904
1813399560145480
74661393764697068
18064430524311938
50622883992852336
220718869495912526
106444761650081280
28965652549758400
8095734777589344
293674662235505250
12246436274890472
32045506227767604
42141249554248467
64457222407216976
73867638899200112
12575125626615477
105673047774602859
26039696368552623
30658593009573360
16601530039598107
39266808533324550
35203087325181695
23290131133545660
9472232949855285
249068320630016493
80789253840453312
112511160853681490
44958733381711193
378738150460282176
50375900461279725
112926421725495456
109097563898742323
143010541720533269
319443398846931450
261475295750495393
98372284685634869
164595387151326930
99764895688104326
70713928008580192
159796915184513079
62938807999418022
69290348774527980
10011903599155822
32757099800355168
186593999369341308
113415465239844031
89430786178089355
194000665496668760
207104539666458132
116019073088085455
40779597886816326
40540163283533550
225442446668877394
177229716781489288
217800361240666257
68482119627316145
118390266465699060
116743911264929920
209341208603059763
20701508843507338
142012236134465550
110579537205397020
53777022560016385
104655333692107420
321575362047193506
195541494285197465
45462465746771656
54463398968831106
354253910537545823
234026929368247008
18334569338230662
451452476826051172
38839547677154706
10414535406607479
24898038498591921
87215940615395200
128976850432905216
51235285757525916
8576515651514720
183410692879614408
40178156251687008
18048761621172200
25797562360465202
13760313013465990
183218032021495054
359391458790040300
344400485432399393
124317218888354772
290804175227847362
227660865457631496
13771878325510305
139045853550074800
14053210240736586
139458780629118200
42586143633246971
79694531436113253
252276521279227704
55979518728161351
18432668966974822
146350713984846072
116521679334218241
35579659180267704
146494421449000192
38289538537411227
38435720018214300
65536555594509376
159008934529359730
8094883380482036
49692268545359748
5273760701533326
68437689172665798
145735404626896252
119371524307414588
103416859047084593
133414712334640192
168337246455741175
8562127821130515
13457843616810502
2493801969888470
213052695828830739
173955401668195928
226852867002409856
151023874395954050
132312972141713745
31825316948067358
185488664586189712
43572252276047592
249361645372319176
306292960959593664
16804669305563496
38906748741621328
57626231672465566
12884116866243614
89653658750561151
266545013698711740
30354580382131749
16034695053297312
171923818116823080
170327770131142080
70085064439308060
218483956262117472
41942798097319371
39481692176648862
73093035029797430
395138697542189496
29902207361907348
2052917991459391
53450843943582002
10127982136337059
22248640705938675
80055337986668804
23860488720730246
226479732747833383
20040673974201300
200018017091922733
58566792480813056
226334961332272
57621936872827546
245932017640649874
24481073925224202
85642796715321940
147293339153876708
10135825891459196
81806200275879432
108921904631247795
219200522306787872
190099119099649614
17664977474450832
26655576596770208
18393902079905982
3723368440811356
156333245296431274
21527065874764394
119905599755463240
204853577029007739
101837205252653130
4760472391491531
59828916239003982
14825934044041788
66258153004070886
30348460973303550
29370040939881592
14301143841383024
5020262281905728
276438945122902396
9984861037675260
252923912039845094
73624195233824342
184502966065641791
6753142357683650
74703064852465056
172749053243170490
13881326834081085
113781451322451589
87431147268550800
72652239996723504
251951113930346040
67376254979856576
37744787375310801
178362601135324566
95302281975905475
167887025535006090
20616154347484592
43730358991879378
129943966810666580
33600278836206768
46994464118840612
6035619294961610
384328222209207486
46805574514881480
56562596776731130
164449336056865182
136855339655136612
162459045535456354
121435669516811650
22295563227158760
59742833038936146
46091932914889620
155989418151014784
75796618315886769
21270529483689808
64471602294886950
178674855243313520
21461973014930832
154369255306955976
244964089959535098
99483787396293948
13725359227666230
89578588842938296
185601037346552982
125080393162405212
84526618228494381
190126594604644390
150367470365432448
16736566457538868
2209105120135874
186190460674210680
277159215017587401
15550792495440972
7436085891233076
41203366237499040
4675306015977140
87621332006956736
116823203482803844
224656366622850936
154751663788219960
19660940233990028
6075494492755200
29585314036424797
2625627711529956
222710582837073298
89926742615723850
87889155146018448
66153586574197113
31203167280350394
33451816555263636
10173531085402000
183318361042812924
25308216996930900
3136941725223587
34505314098483140
197722851534628476
42112532289565850
72293240083843341
128794048303336605
12913664589481434
34431778489949444
9931302440861468
47649912898211385
145572144531600648
218165630101648428
60291447661397700
162081739907850888
24982943080120500
130320163451742312
181582949990630760
8226642712622520
14644155432457752
68769378860125952
15471584876085336
172542220562578425
17063229901077716
136389388615561368
18334176849177003
213517951364563065
19024098903689325
132616109885258960
266878427948432883
214501075519090738
4891169325402360
48843660724939886
17551993207459030
332278234100779680
18688728121230810
30612448368743544
168908336853773448
152529603360198555
21141854062031835
22917703002147310
46959705257997144
35746539994751046
160425161519517096
37383702773857392
230385033183364608
35791840489240599
260925810224109027
20169534293701356
94476964970866751
53683970183998370
39477283911028180
16458914636628030
207968666661051516
25974855822507800
18912661535007734
165241432436537819
255213623409406365
191399359624604808
35570582680725598
65705236532817659
26847798206331654
147796623741396384
104701013574142329
183791737356946516
524385609202922
295052611078844256
9628705850473268
98119746230193335
117202997614322156
95334338820825252
98684231544962658
98474093566395786
22558064409092580
123017117235124350
4292979942665568
82711562779029576
32487171689680950
93922670751666120
199160925774740985
456978301021722006
46465019628791127
20567819045644332
20077635418479647
269554486586161706
20347537776464830
144032303295307800
116162266472545216
164267944063341300
2926619193961215
236474510699676576
280581392733589804
38805148722499698
106027129196844612
55766789288926793
139588282073261043
109577121082139865
206691562227444924
234423074094356736
112547886227102480
26348561060333507
2455908101322790
387993044164991244
21954825655171774
42805317026583380
20110157135512757
262034384464161504
35548997021316576
90939449484209320
136000692183121948
52162971910060635
431544879669328
19294138401372677
181083065426440477
207185667329806164
66090247059342880
330966548720443284
30600236058535580
16078665897866070
15937340490919650
75953886735748030
121356743050384362
1189315093087170
36123230734981668
105252791736725795
188966464647050014
95087704642678090
33139723026987920
95152523605492262
108659953999098959
200534769514986816
125795469778467296
164320222161608190
43756510261872892
122362599785439261
187127241344609293
27827717339423560
6370110090097302
34719388418854432
36307523076169904
5307430335972519
16289494527288216
289652306055515155
304986901907587700
31634038376112714
56660710131529260
10127658466017317
159395525531666479
50285695805311936
263801589598151134
19493633206497350
13444220438393162
4493762792403816
43343405059256160
14991543898234085
13394279200434076
5761193640029208
32834053355293992
251683756253975100
266345632223036304
189573949979306392
72899993724145194
89769753291845264
35849105702430000
154004525512616736
111170070965178884
149192949218687959
11912627864778458
137138748961499538
7474344800644174
26929514495392317
422327329740916560
42507550785359184
39432253896559132
186623271204987760
67419293445749322
5703242064661152
209808972646521376
225467408968955610
248181138624206804
68569943749069497
547364371763166
81669818663070638
189993948690164400
254173175042704400
19908367437248862
16306358667313440
17362616398039444
5922176056896920
51011612597384946
81975536780988384
171452272920529383
55175633235420387
117372692251258960
5803350431634903
30322153062431578
127810050293457256
27455393812940922
221712104590770
182531672519763560
536414845047906
99659333851371878
113425844651581689
115962232554647133
110160000741711957
79945683378667062
137944535142061890
165925971335651079
4837450540844784
159929535352033513
81681257970565760
38822871997327470
269474938492903594
194184403632880500
35809525219467696
7017271830180433
83918730099134938
15707924367765040
223053870861773116
4564527096225654
45212986407838743
47157760996689340
120881231902206512
5181810675066940
14516258966764450
14657514394352748
257215303119817456
76736017992158019
89744473625578603
4105008856327944
287395805833668
24525640395154500
56851196650939044
336118742869144320
94718978051288649
64375482085268440
32362759186280083
65719986840549120
133053448644223776
95542009957237799
123659153597663841
19875343117612984
48560260026582200
1760453173476540
8716309038660618
14300900620167539
139225098827019232
2765374839479395
66080311518959200
127574810809036051
371595253951438866
157434817250727150
257566577225960094
452839793865327
99812198288910070
56776061068400665
40461822664335739
90715938557897198
3189549985652625
146506026695588000
40946514946557675
264485540534814397
142085715735832334
281211552230534316
230902551320182576
3348283813224382
112654597957729059
61079432369784224
43993821193646967
11431671379927497
40909593005112944
84060301510110800
32704409506164250
72880518530764572
22421636254611432
48041873726602542
216206256307248394
85147551871822044
18549384072734646
2563588213566677
4896462833390700
47536739735039740
205553968776976651
23216692408725978
164299899674277850
146501200205760675
4756447709504127
14737156386382494
47867454409129208
99856934311517820
80731603578522448
1159376827780077
85572948313703725
420565859873083
89464782978795510
180095803155792768
73322361179031384
77990011574141856
7487838332611688
288871029925525736
35938634290915860
115579115649265095
100510873746390730
84099454363393965
164377500275381964
4680387013899486
76528405008547674
179947184682573852
77965007842981266
20019992313690258
32525413701691912
57152912747483460
120596425198065663
42206940239709857
257289981528929546
8503180036769594
48735403967093154
199602431231568480
53700577517346315
25950242423089536
134715133800673475
249821200613936830
201692245712550054
41044241953488000
22006304100878528
212952180363249882
293163308237194290
1512072300918165
60750004574751401
113656829491886152
66409528919560910
29898119057670372
100987688813623006
182359557207734768
106091750076009020
200096201500301876
172884084736306164
256341313167392055
48498017873380817
133166436983236696
104452088765463754
146590832874310413
177730999061886592
53772999139795428
28891639853722992
198268475296686300
324995680460786751
4436977628105990
150853298962150293
118349374739924240
154989336601613235
112527836500854230
44406517555859839
42623746370183576
268077519868721475
12948523782604900
21300207683674084
35240026628974080
22618159611745154
20706015551450186
9517012059878209
158103622940378752
6718802924318300
43700418568836600
82978322499066366
27315477831325088
175313830686492078
46860887330426984
82759756752891001
37452373001126436
11879184407955576
91408047988566500
329431727635751316
72685909161903960
218253176677403298
62417034973672284
13104485993301003
2501485486930995
58538671768253856
280375563031675008
50384561377343412
26556023589061140
20701106544402600
62482747944711880
36423903391472732
50625757909770595
28129099933590655
58299456021097500
226615606120505574
152195767502696280
6350174450923392
73119861750037410
104486504293740992
286702556323020396
63384319004705270
9297029148471063
25208347989392232
36171549196089920
159264560509206966
90914450096162064
136017956807176920
178453671525293076
1460371624471806
72939535710109644
82676095620471756
11161469039700840
191897769465886205
23093719751653295
59846942994704404
43985993116931008
31227982093933854
124999985921633001
140234847997591438
27135537757791876
17225878839006516
104745083783431560
8339949638268906
6610033577034030
90256407347765484
28051528089572379
267140956980850680
16784345022238197
348404203977960102
183350812568804730
225570066618972592
72723139231915344
34494332341817326
3127619975379165
1586999816012700
11166771369613608
108497015149582740
35461987081739324
22427096375735236
116070425213679912
54204077969862401
155069280539077420
61740382053611499
127678482624845460
90352511447105436
33893552686975300
161417367088235097
105144943138052872
263488649750295616
70232865996023017
10831097073353802
203952589504693606
81828551206590120
1827068829849036
22051874346056400
176069908457447765
46197014947265070
39671670160880275
8520437159183560
60788704911663168
88969693509923160
13615434387185493
18960545839847168
365956756322509448
69798397896747588
2549534393106618
311191846419380896
48681919254918198
2807724727817952
11801275215612168
36765011543848746
30020601647790768
306890715406653090
153028487731367274
382387003093818640
76544948255655360
4244513721844713
23270566621668000
10779112020187224
194362388483593428
54272913347067015
22592407556344080
10923635264267000
13763181994180544
330917380281220262
8581443067691864
412870943501657670
191110372107641955
42111512055001377
48888511132422591
60750651820090464
336107770773906986
85380717139398410
2407697596271310
43646234186806074
316902375614886875
58323009537786567
69783566854510400
21544037124415521
56024686091870217
203936282112502395
6167396001689769
5261705136234336
155350508487138360
20007213026516320
2180440753609090
105004984330417178
73142057484585765
48379116218576000
282129534087897160
10268263514403096
164355304050676728
22314616546853133
26451638218711434
164990416405880475
319681549205473520
94570332524957205
167154272710408643
58358960736302376
54509799482160763
33275525829343226
2416309465981420
45639466642800604
9123160035751104
192038509503113546
44016903372068352
84297688626488632
16827305689259920
301015611468200372
619474152697650
22880415863580156
12782422886191548
86367425713995242
136557345455850402
123600247666500852
38184690547538000
19214497725997500
380669691660838580
418801442481994131
66895523619771600
22120621095986808
328068620883131242
255964473278058138
263564814175704874
226622111721659844
3702579361252200
33522009584641110
220292581709733975
6883292654521058
99222432619983186
8695734848092351
61881193865181930
306617761775155552
10789256183319033
50032461726920625
325277695611177098
144818510362698141
44876174005849194
74509338246415902
82730314484387906
26924932193647148
70383079278593034
11521223427770839
5491335213566510
123726695465878542
97843931704617934
320369354874035546
24594463775672693
3017982240528354
182550631810580126
333905444573014857
11309712720452580
140812289954038150
7669231718243454
80326116825615480
23709349300762968
173300803901969366
55831519477051200
296637168009806536
71565427919507010
41716516971187344
144650456364542760
72248164338559572
110277564730025472
54251568564211668
182130236936458677
52273480726487150
54988425287446459
117808129047627154
239103811313238960
10407573952249428
250878303066631625
67911638038195424
19158607354933800
10516131052722204
19706022903587982
272197251139799360
38208947989100098
98985632753672676
52539400381546
44571796436048088
130984282150035126
9953174779751135
179187009171034755
41912377142838845
143491301100194634
28487095764019263
33738072716252076
20051148311178318
147280808344357080
143796734661405640
14490439374736564
16473717576516915
194120623792647670
161882626412116116
42116216482386120
52304052942994944
26527869421391520
109653850100010720
267239502061036218
20806009912376766
50882736133106795
24188778743355850
60339664220711850
98973169590584192
147876004488410926
78554442043830000
23384960809171192
236312066973273395
103398389034240384
157854876483726140
269697035597562664
94777988198306577
22285398830043536
54439750388007360
44145143330941044
40408220624099970
138748914427836
53929510528880208
37659529513659328
201760994428399323
83093295860735688
35701007725645290
104507738234840061
230664441068674812
27927874033939000
26025043205916912
17879157537773980
120647086334010632
7828509766432194
182629259385671888
147893812139718933
42989115787888200
324039431091887
61634982461759784
36834358328194774
120649275604750235
61270769124215716
7928726703458755
77464766941898240
158861973012351000
38637295046805114
77557953846489233
12153282591463608
185269257574826640
164351739529956578
72358209713537726
74127656791749745
99092671955811280
40378356978215000
111727892487075360
29376825726342497
84046352538239350
118005420097280677
76408658179431600
87197257770129819
181389398646124744
115027304243273770
230425149492416940
17376742328080279
134078101878003708
226169803380606348
220051152150097005
27734993653455480
182209216918924624
138189988717336740
34332078930078120
45190593211913921
196370350175784073
239729006422897149
40092495472540805
179827773485337597
107663477356255092
46352059811514470
215595812131730295
125061367914523533
355523053863786816
17203031940897680
33224440166244440
197731902760063371
43551691966937250
43987931282277261
