1000
508208924 822532260 52605839
482594599 582154813 295519629
487698807 836059708 800256803
708095383 733457541 644698322
1475847 779855128 414500121
63087467 717315966 818665006
701766074 834856580 14412515
587107938 885984147 251251049
284747054 887968891 223766769
413502843 471691098 288962390
804081094 939624519 443095644
134966313 911249494 690536481
409531788 791863774 413479124
120110887 830882975 777905112
33678757 524733726 695864524
289964593 474848285 147906876
73176064 905594202 114251236
7961436 936104618 616889545
620729637 751767875 473905047
380063656 471567222 402421251
452218462 512243447 663661094
417948581 574371550 742486276
873809021 952553970 428934084
247645675 675898599 220197443
162154781 790187269 909603843
165610099 627776354 668558503
115236554 897660904 536405887
59662106 768170332 825199052
71123980 799781987 802777545
679436283 751619393 776564373
95600308 161102781 971259798
307789267 732152683 829125619
240412518 281717354 642542377
241203602 818673678 54953460
56520552 465402864 312811774
664250790 809092576 36213519
396526761 398397723 248831161
533353512 753009256 203226543
510251618 944273941 720251470
43437925 176821867 830799870
793917977 899525784 952075121
404735437 610886520 380419059
381220721 829589975 123800896
131924925 678442510 446369695
60600378 823815338 165946416
223372876 280195921 924457396
244439418 866523444 698703926
45374584 331556048 45434455
193091644 265013079 668390198
194122358 392109227 139126823
237293144 838642074 273697713
614126339 636542016 706149774
400498908 520738560 470191530
168825440 247975841 288379975
795844836 951339746 18682329
787470588 807474150 736629553
751908926 801253766 31571219
301514018 575613683 161953875
59494509 359728853 825468921
126106649 432884308 660034352
98846651 871389567 832065249
37894743 565594499 354077004
248852147 843136567 549975042
322363193 392483618 147123455
720372172 790828358 81327075
121921953 850297817 155689594
179932758 691627858 275004934
155330795 342625628 329378071
307881594 967078802 99729361
106385956 361026465 115273446
799539530 871823489 597201341
280602432 499564723 449632884
779817040 788330365 286999746
74074633 381176106 724885726
787775374 970425473 871049729
120309075 516162298 516317719
228514548 416541420 765280948
161811451 610689256 852873078
378957120 936934741 530015827
744419130 929633070 772740740
684854132 747736907 731485961
270394539 996101873 462567428
317155890 506164149 844154966
347376401 546424174 469773123
81780272 931572885 940590086
514883149 929600129 482254241
742311794 983387781 148789586
225775692 268254891 565199456
208812836 482456597 68698708
121762843 258861431 395566765
388953834 483204147 865892784
170478533 707593110 825560557
352076695 941354928 349011585
300854744 986863567 841414730
335852793 650972709 934798978
662927345 928201070 300003709
60269962 914078589 721228414
45326665 778792747 946455005
600515014 739576923 680241402
821474680 898809958 412928425
526748473 849211709 669954337
321769843 745087639 304741011
536293170 671935623 396949488
240181731 859248121 621932429
536774503 575771923 753581986
131463407 340811569 218211544
562405725 952498818 401602910
166318265 728936653 816566858
154534163 431447244 472637728
201440938 920498796 633227743
837929023 896703926 742393318
592108573 635482385 637951619
175234664 695136245 324838427
113666106 972011194 535184159
695392283 773161387 967619145
357536424 990692778 890779618
209187502 665839843 115182586
902999101 965659693 967454673
104187424 194884706 572080367
114120923 412640184 116497554
26629749 787852170 966573189
223769118 388180400 614437494
840226723 885823008 299103587
748692116 876006443 126920389
335731040 389562040 47561577
842869865 888498616 424030285
285072207 365998397 250717142
137731376 179816600 231416366
88395466 298079845 378388409
75359005 549164783 207653599
336412109 659458169 822454938
761788090 940567825 853874053
699793318 988373213 840597865
419889097 645621012 488626038
517976794 855534824 901332391
674365966 762506494 636161544
52601251 808240279 278855891
364063820 520978240 648820895
298779804 916414878 62370328
465933815 699548414 498665718
202697347 665424349 274095668
111788127 904759129 800990638
677287836 843593396 671530412
82517219 866648632 742991125
183270421 213056473 187091758
318451016 599273827 703783992
543359049 699180231 381101639
374182341 533764213 161744427
657617722 783319172 409782854
60951957 761968831 678442904
373256818 616899702 165278576
293998162 398391523 387417734
463296755 965143206 507963494
47780332 50653277 329228396
543672294 697676494 162626515
115579857 265481288 65493623
133913564 892194126 587765850
825184486 932041190 332971031
262458998 862009919 593300159
377633239 759034177 410103248
370577692 405290989 689200724
413499925 913754541 591329344
208919854 223498855 79292327
220072418 384655789 96138604
272275761 490018946 14248298
454277063 468397047 923847759
779027042 898424578 416920994
526987393 761328256 728440997
354487486 762003406 624227604
268016571 858230587 647844085
38977934 553589522 873984749
887003876 981975351 398011613
549614808 826378764 132004529
725098421 942443669 608490915
751565235 880192372 755524198
124315491 250677324 202214648
321053318 485788267 201274626
133522139 469804390 554245647
163448063 860329541 93802770
576116521 586500753 308479199
503765562 829242005 850537387
196827843 370952009 236047796
236142662 475191395 101646230
313113458 428521709 950280445
412321320 724958045 648043191
299691076 474416190 381586769
337401268 939164602 880185791
940962831 950843099 88685507
109911493 174051898 586052115
780413215 832570885 181451368
800419307 884899116 940199931
144462447 194722401 360552741
697573286 832456303 5409039
254275622 351850225 362121918
200770281 385127077 76743391
26965425 765795065 854133276
669860491 843650809 214402019
709687778 885664332 60561887
726269367 836307563 582648994
143443965 372240193 193548837
320598311 611416523 951028518
88756512 194270911 961328793
163465335 924805144 1629343
125025101 740582186 538689215
540849247 953372299 712674646
192178812 878289357 155260542
250899130 913716029 435073749
340541266 882726679 599388911
17690551 715103023 587125333
798051204 936899505 189823333
427812605 947054309 369613160
571534013 981100946 606953149
468072317 962013892 603737320
298719769 491674874 95063783
166468688 605991668 204110368
51637397 386088186 403854517
12484211 495854288 305755193
231024614 763432468 881471972
23348626 676090849 953824743
241509540 947183117 623075689
396340452 707388211 806454100
348189318 847606309 412623358
570832642 625481779 15950412
219734862 487991070 394880236
109948086 467239198 166575787
326026009 644462706 306041115
40311315 281443742 860683524
726546661 907637686 72782935
363198709 586688643 63751572
13253704 807265636 385000677
671508436 684409255 815577446
77470017 749613568 142206791
704678222 918323611 634340295
91501103 507722134 949635147
495495419 821201551 597034989
15863545 842228369 433720154
114439773 787075479 747684067
820732615 825101936 419848448
640546001 819203441 38615992
435545947 635002734 440421303
236915898 425994900 574278633
315437708 337954428 445298424
430323560 615365380 994925580
399327162 593522626 282243717
45047523 427210420 926239933
237741254 913326626 945527280
918739796 976098021 201367502
377952170 781771419 658953840
57891062 443920222 402560938
126416542 742676883 404804838
817909545 847288090 312237835
182669964 309296740 292574250
427541732 912348685 161427165
7633334 168263465 826562459
771042378 861345859 944647794
595210442 783909030 138344934
95251946 387322332 739855847
299940678 539894615 852868118
837121702 856153306 323332310
649440832 790065314 455779549
207084329 490684390 833889085
124244430 240282603 272238113
83688957 244478704 958235823
240188685 996219262 238165707
350800092 583626519 711943609
430439849 669560962 289294540
184372762 527163638 155715991
207736572 431571927 459740528
460224115 856839949 596762137
436662851 810981456 75614183
492292248 590580463 574958032
714450391 970515577 595276817
589015926 743871539 302636157
203572779 761389326 85449099
830523532 969390034 200265147
530970744 710140998 610908407
341771094 403845370 675698667
119006973 947844111 799443856
535864054 867686930 573922656
539852224 554427970 549746413
19609508 251073170 920152524
184036361 702604956 15147797
419908408 443010597 863691755
480612427 864327897 897343685
114186138 514516596 166412143
77407407 629750421 107872254
738322030 778607666 108726059
65933204 422325703 81980114
139894232 964883858 717150083
348770669 784521312 483867247
402674529 756775704 854770451
785851010 947676799 360218220
196377406 408828555 148209055
813148042 815196234 14924372
442623572 563013031 119388987
472786465 705485433 9275249
548894120 724351463 713206204
247407683 752695885 482948826
159190998 788294857 663591518
125055934 219299349 830650816
469582683 470599602 132753846
515463426 903225564 101932533
108417776 842000983 105918939
788598066 941739852 427120318
290332820 462923490 141840081
147188731 226658126 35152347
316911146 622361875 164322615
450131235 618118773 759134420
110542605 939408605 425790769
429072971 691274933 273066629
378315595 872161256 488113047
200547714 686614210 83199725
140027711 810092333 288396127
430322894 562169354 40744755
111258751 157991363 729878344
360624325 919138314 562045946
394997268 807367897 822540232
108097407 666164182 648256487
257357379 867175082 816700217
27551551 984750700 932140656
676202346 759123158 364395583
444474446 806627407 633647846
406212888 459910916 38139517
137635852 770677353 125399494
128434084 968059264 606483321
88461286 762423704 195189309
424108945 501297810 751025612
35722046 946340275 495697401
673728706 961752189 344253070
210039703 982248667 105954615
407327877 840422708 778252033
25383684 783921925 773729546
481229335 795927559 442196092
405678805 802366403 990470634
803780407 994236362 482609819
35979384 414103130 147755133
136929672 487183022 456963494
59481089 426633398 336225961
783665085 910728905 788854078
123858705 806762615 174052571
614903864 760463279 90039119
302204618 665250166 812822417
434595961 779555774 546630962
60026979 551425579 390546222
462934510 985436295 72761633
57762293 560591958 896750079
254855859 842817983 182674913
455993576 906072713 528870025
151682556 328853778 360138923
678226784 796884790 628794390
213870705 378252419 261976923
607970768 769792531 768130944
27488886 488755027 775001308
154214879 923599530 714924092
63287194 517660240 951964627
220842679 382320137 282014634
557022705 684374705 53597579
439055806 816307833 728439964
39887978 916435066 679538465
290473762 926593003 85520676
319724263 625151897 781146865
740358976 906180115 626352803
596046054 887009527 536895552
69916297 593696365 568673295
188853713 486048863 483098411
51322617 181620550 670941828
203414576 973726726 878362831
139275951 874710557 871450127
553919204 668362373 606790586
561634 809330466 934326454
653786736 860569928 794155155
474940622 680830784 34416076
129368615 629136799 914410245
392110396 452582676 557867891
126602604 484642348 949731057
279072099 794713852 477791346
208124474 447132566 693384660
138938795 505966800 206943802
491073462 539621301 478475894
363731592 852744192 16836915
197716638 396347221 627018453
50134648 347115021 741590348
296073709 651169866 461464145
338475336 726114873 862688962
896666194 933750066 999042585
190103361 628440533 318356784
24964611 778725727 850291157
29554219 622105911 711622872
745215539 958933904 642811541
43129810 315552683 536256561
510396060 958337829 432491002
199292559 897942497 712238001
516638204 956254425 489738148
39940605 879650486 76601308
519897811 560346041 876863195
516084916 866646373 867428238
406277498 456489804 180521601
255549004 535681546 612828805
321436621 975444632 230662968
574159091 608996091 472328242
724708055 736114102 300060623
404892498 465129565 954859201
631175648 911323254 628640755
254067484 691415440 605763175
388430749 425508203 129755924
289426510 858798176 11345132
965826942 975309139 799536532
514824832 562690229 81662840
762224410 850788067 106470967
180602399 366727883 166187170
518868774 551710089 979960263
238808776 583729871 209759415
271072638 452634524 536391431
302586011 911608328 598648904
465197889 778702066 179117787
64625978 190807243 8939255
62473511 741197259 334868150
427137233 575909103 738375810
380179167 505406758 954906948
364360070 584173141 294521873
742825182 894498600 815553368
302806001 796905698 139454396
73573455 444215273 254734616
22012485 203197526 802446432
285567830 642637924 384165735
765073550 866511747 298673060
32482695 508795838 38951315
236234839 549834396 218610759
511105949 601786305 380832064
350860691 735680200 795439276
343164208 757878751 402556564
107506640 990353381 341719976
296769726 710508646 454549157
450203654 852932659 368753035
565448198 874728408 583901216
153951418 916079653 954430829
435114602 817515715 578647610
234867446 376704484 302459066
197554677 715889521 790309852
629424764 714174487 559317761
459711974 970985111 89192202
29430946 396943477 232490489
259544816 737671374 180836501
82171912 842520084 484942293
121988263 789314908 50231810
83280332 750507171 217302986
919287595 940917567 622923706
509852052 807241564 976000734
437716626 546185984 130188659
251128814 915699739 287501043
151573924 534318511 85770974
494036003 826730886 515441683
152867731 909116249 384261779
572583854 628813320 880244222
423345850 987847952 65780025
240932098 896862217 70791154
15562529 57577363 366802682
388105140 519084858 195179194
105843638 722959315 162374951
141956836 143203359 187887866
111425554 628415334 60872231
73607133 603406833 500486073
411881210 838743225 911131557
854974814 891075142 610428208
405025468 908031985 676828922
208455202 425207295 521161170
619237048 944731929 239989720
52798568 154689473 910727580
297570543 743967941 724543801
511721918 692598423 377758623
214717649 881519107 864078472
68280854 90837984 305606603
176898417 806930782 945191182
249083162 856596841 38733054
43614063 244536489 727574943
853353615 877817608 976013646
162459384 496352054 347290245
149964043 763228255 314609810
455800756 743641768 660399021
152590779 338489861 641007415
15976788 213256594 383714065
537506192 651850208 712204609
394191290 725189392 882882917
554670317 710251873 796865952
179390001 621334979 492598534
3232433 252125431 171506102
334269221 507913425 405118240
708003258 806889352 503816486
559305800 901033207 736534814
33003053 229317275 690043870
86206560 470830200 223787607
587790413 782661501 51722856
336131435 575014186 27917814
91322857 874869831 616893037
244954610 375067104 553218346
305209044 646060131 827134858
606150257 903484473 152096144
153144556 639375867 949991512
549284685 674939489 19163614
88242467 939600614 375894455
176468144 955603822 858014929
145948025 918012198 218025050
3651239 471364599 61192792
647722510 761019090 521656984
15847491 603844657 34736898
263513191 507338310 574630514
182775239 561485684 822585765
500037769 592236289 427710944
360565769 681412883 467183953
203474942 839297300 488154977
330662970 903810893 569801076
411140431 943719081 579396290
49321516 748320319 104544335
760550111 851243671 398158894
266622437 544765960 456293785
252135546 375080656 257481591
598902491 753954243 807363441
263593645 983699836 934082980
208825324 315342928 285037962
125127721 484752534 70556860
187452314 573425988 594026642
252862055 895445691 79662545
649669173 997914236 566854627
21366066 473855893 223267151
442676841 976632779 148430189
393408649 690994808 188115847
249689936 474523548 738867684
229505954 757773905 29416311
127881725 882796700 129956646
27288764 59265361 784446428
478897778 611437700 957771503
214412555 266680053 645635195
470317349 644415684 330081728
70212326 109862993 95830444
11823114 728478264 24702477
219236780 807562020 142238248
339513171 972088728 225932710
695086310 713366064 954736916
184399377 679759000 653004136
188083240 754495306 427593805
34638817 976765035 967424292
171360428 383808575 554750198
295107768 666042550 650631120
894659634 908197093 211991104
484226010 949355977 385630701
166814168 961771458 139811962
138733400 577370850 434131512
25092910 716776173 72613465
11601162 307251042 779699349
37104637 991947963 399837833
254795516 846872354 710818104
170291437 588627479 20937076
377719240 529649478 299707926
301048861 711414620 603093330
907694795 960938442 796083852
370856445 481957758 751173745
656084939 948354059 664174413
493419080 998938487 1371079
231949941 439778314 657278097
313310077 846236120 248306102
135090173 157178877 556942460
243954703 732089602 495769375
79896075 786987805 43974093
200694100 846978617 902971562
281500653 691677354 204656840
530314949 572317400 960863827
914849534 970931779 301650021
674130969 705321263 815846713
315021136 939851365 978654650
64254394 465789315 59298211
132038817 830740801 988800422
181030598 307214347 536215380
84355965 182612931 762438848
178707083 957109221 75912721
657215711 956779696 105004416
504534380 702800175 286217328
354430750 729887983 137080491
328619916 471403986 376380643
430579818 902976199 76903940
174866183 231285053 482452229
415176727 861860549 771617073
439533370 628059036 329295139
93271527 752823090 223514859
16467523 28685643 245043726
19729476 189331213 274041962
150958141 603305236 393693985
494989303 552577547 787260688
31491783 717456030 769589902
251962025 856206929 843974741
330238491 590419922 691752941
177280831 363333838 39921139
31725846 764438983 483794183
120759637 153106169 709028434
745295755 872209896 248470239
383127021 704764376 325268790
4687043 471091566 249818882
385277675 593705150 366240936
570839 298380156 738159889
297739665 929682312 396711458
392676780 794411034 685339789
472267096 891985658 237457407
218384259 380746016 561957602
350894018 957162147 29162273
750621083 890462092 709248438
83716510 251635160 572110052
341103489 540073380 552845171
246295546 393964913 663216963
196264008 222095295 807165458
708811889 791734457 439522634
33701050 212768646 160877099
344038996 500868606 375232444
328181127 934302141 740917307
562841529 754270133 241885189
101114382 610456052 230788660
47069404 830262227 730184546
156917613 522453618 473615691
437915484 893733323 410323023
487070303 588402119 158386174
530659582 584461180 925066801
400220721 716017109 33121892
179996262 570491579 356184901
331778136 982400176 804792506
457771705 767576669 187269833
31266782 592605742 873752106
266345315 404039601 839211881
739371931 864169753 626971102
383998678 452647797 970825197
82859369 289713154 637020230
55463456 244128380 486913568
821548284 890702042 498291877
510339717 835685575 925253123
106566957 110565021 27864802
85318961 626679055 808973619
190978504 896845568 721858446
510237271 538857308 253395609
520681101 864155493 92019249
780794626 887213931 243165265
383559232 700160072 735894490
244970284 538969940 629921756
623371242 808392431 568514023
348942698 428431120 898979465
356054429 942043682 992061713
186617557 248270922 455222304
350900588 879343405 530937531
612143371 852453528 293164497
443603690 808237267 511825532
450729696 477196672 766766429
118140501 881079585 516192234
610379039 662178544 90965124
461198523 877045950 655962282
693448803 832143642 859218095
15262330 834471523 296031413
201469898 991815169 900861662
323540680 387772875 670997229
797425526 992782243 350478291
185102483 463294925 850807776
467243239 499488998 183943296
277160936 577675371 227571931
655430325 716708232 783049903
29994730 296853970 475312435
240677218 994068881 109928433
68971544 112024720 825509328
294985882 355479744 140302537
68935597 335454504 362092795
259098289 410989137 59887640
487641658 629775601 575268457
399366542 471111101 31085260
81297871 678722278 601920903
188740413 435050091 630375365
209185082 290965216 224459272
348907902 757615826 733866504
111881188 115440301 824776877
315284977 446232459 447955240
146597082 457994884 337252949
673343336 707670958 34428401
188047628 294276281 796709701
678515760 780481738 907605846
760817322 825244380 183614649
341392383 933711276 873051037
106000828 921959960 656535723
52775051 256957694 299306953
141231345 893632474 20511203
180862203 287962512 526950216
587288327 623573092 927034432
170774077 218260026 525882846
415228139 757451041 99014982
39876825 179281598 634593234
323494904 762261348 275119336
78163105 907119959 506152023
814008719 828916801 123267734
132906690 690369623 252390462
352811250 844931249 234241674
430662748 741457359 831837401
543601080 806053776 468792656
42684468 153426574 190159154
143852235 566323098 637411733
146031766 509900671 920420718
692505110 943044918 718025778
81360565 678177784 872517244
20667613 398443537 473169015
90205709 592705176 321985026
73601335 779873315 537833660
197506851 967512889 970987145
142805991 349637321 896654118
291094178 973973262 606917095
377312929 768993786 705020599
642265929 807559278 4082157
206425836 684064092 459971738
403725628 836900792 303571283
67487371 338851411 198325165
514511096 946766105 575658721
310379105 855667736 101393999
556352236 771275307 185165023
244665784 815763427 233699947
166811551 598435717 239387838
551404673 869484718 370457029
331814353 409957076 764702471
60287094 102645885 714465925
393033543 422003401 84647301
235896522 557479860 631920130
8759121 807085508 962477999
236418897 450359132 42636240
810238747 818570052 221655896
531687807 768085026 89280780
844917290 865859996 624700826
468265235 935830053 53778919
806688226 992142627 783057920
472238295 616146726 685835634
460484002 861692761 751629811
495736700 624930608 263067049
161371136 377279323 305186920
11795978 35264019 353834434
3999900 524090441 399787975
15560392 427948801 743734455
454168388 728282333 387868190
137126329 724252413 307571730
25998101 808546178 890381191
479371576 998209983 358408952
358274077 406674022 284578518
355184260 858875164 617137529
161792637 648933012 476743304
170926735 946584757 881861143
135151238 898991755 769033193
143050208 706245380 284925845
518252755 602960739 579172484
216214484 530708375 684420866
441629189 967969472 868836304
328817041 588704792 332893189
112139142 929640015 108237081
318770587 892845870 868239722
600383871 699752068 253233068
888181707 937790844 4005358
128821485 904501176 195561799
849778157 971456635 388438344
83278287 454395842 656397504
51826211 999463443 805167992
14898572 701324215 584045300
159898464 453668501 514164308
179239192 807351435 606573554
643983121 688595979 40915280
245581472 406636693 123834473
751773949 788379596 950979470
855875677 979090549 152841040
8613678 177227414 310372391
624379304 679953471 956068308
61482326 938161039 843694264
2998978 764612191 939899271
15017496 611844105 805123119
134328741 240401932 426625735
343598312 885268233 121282519
897252147 932787654 671037804
369432131 449711885 754507426
864093873 910818334 862357429
540275740 949432861 222299319
39600307 983837561 111498101
54346800 574209637 468712765
12022632 439696640 921083258
652207540 799742468 541038182
129795951 179784580 720017726
41177955 471514872 596567487
75491866 77122927 286338770
51013948 884226514 285357750
594495151 814318657 963009287
16795516 679041978 523574125
821696149 964768659 930409951
854422110 939681315 427049918
241672971 298653474 315254579
410493363 493219629 218218127
594318048 674190659 192328101
582789983 805393314 994043224
529035054 695003885 284238793
5857305 163347751 425798642
216153618 767542317 258787215
718598375 777269824 848712866
264462856 707982477 302913012
116403800 375259911 785456229
77734387 213157689 378220266
320327481 342814457 338323838
573520785 889854795 584765829
26743981 358114758 247830591
8986476 965980945 590960743
445708341 648521940 588092948
176381480 524472946 151578733
10999790 161216233 211750614
414075158 594910362 430094747
351215037 541473664 343333966
462939776 623639649 182079558
729736517 870962120 710546951
80257588 929608440 138987136
263348476 709398792 855780697
32694351 222632667 782752713
360854862 970741621 100551603
336805452 633708275 750225652
717760030 822472482 834071336
923059722 991211085 197861975
521279604 723494743 551698749
102847656 283581045 773223991
262460083 646530501 291999218
150459901 890962358 258506611
417758606 502931860 10588431
247884302 695079896 249776751
10544592 993235980 874383281
305614883 720281034 894983747
80517888 887972076 596242453
461422705 492846892 353733157
276376460 688377270 85330340
728765651 855213902 765025557
481447963 835828311 2027839
99353591 655260732 265210824
137664132 680265895 111642572
146265611 955933894 680832214
858395049 969160579 299987201
270571106 965940761 584770855
264607334 273468761 283937904
65565260 848611482 315701403
774681908 915450495 907216084
855553597 980437239 916667129
76028319 740700719 970190234
75429966 262201442 377625370
671287906 745576297 928735412
610047278 852521174 719825495
723970606 885788065 661602970
546001098 626058274 777040432
436225480 693037209 13830305
52729755 991792860 669531710
428914947 604127199 878250369
191353174 448908899 51305051
536292645 542557538 367894561
92347570 367948883 117796111
250669662 645535600 342723749
698165536 719686787 865219646
343070853 748723700 45859258
96656221 320869037 673561105
599801203 978260113 874815521
178091489 825972921 988500002
95126552 957053061 518642299
342260349 674251857 328204524
491678753 494425211 335587156
68270434 493278103 448970098
402811039 813131742 261287794
312421188 369735481 68037934
65062690 332926514 100894815
373376914 527302382 566012988
272508862 884512781 469667637
578032047 764554621 973268936
427083097 427869244 115068330
54884457 853276914 58524853
708247424 949075942 450095452
699447378 787990153 901127823
57414196 591284539 216111965
344615390 381537084 777672883
63834751 448663506 137235458
582030510 773887423 241805757
466831501 652532747 87122153
399518738 741250983 667568947
635148465 948770820 146749258
685565067 777415208 814258544
498687146 805297863 232375935
301374802 382937412 247358931
358188188 681999950 615936726
217931122 252421614 617738536
465959907 557555232 434455190
173902386 232039756 545768535
385741089 386121031 943848783
95581153 772981809 614527307
772136947 938344201 129817447
622965167 753674738 345420326
497944429 533191016 928621027
12113501 769590516 872694947
845725247 886059125 579782258
157683592 211174674 752272843
236278362 471856802 121687488
82548681 97032639 235770332
148734760 394944771 182386681
953412860 974613102 564785270
172406822 915784107 263343515
619270674 660407294 309728009
2804854 455866771 18846850
191042209 341120731 363971451
277709246 349765042 846151982
299009045 676461070 48000798
287879955 799007371 846698583
118229483 957040053 398293969
397927363 849342041 529540787
120360821 277125237 339475828
346046801 443459726 173574919
37112734 467651441 583153042
237210865 932533840 778821740
884775447 967927640 311084874
24645076 557343388 613964004
199481535 768667055 104014207
505048751 707643844 658679837
513829800 722545668 539095873
66971796 807574530 681016453
322170688 927247748 218756731
649898452 839830680 72405647
161288297 562149140 874924254
535356241 913998065 791565892
135818694 695702206 183096077
74963882 461731945 788963085
310043150 330742936 151152138
107965650 675469368 648208319
121652864 894563846 924208864
860884198 873411213 341080808
366437450 411502221 405270163
94202805 736605052 279987545
560846068 976035355 663463493
456262704 476652685 443546356
912569931 985976410 333078442
444042196 838854344 928874424
411184129 836858054 343754670
67804627 156924284 470684426
313232454 806068808 241337188
47973364 975164903 965470534
365368485 793546521 161516850
55625212 524185265 2759047
596773302 865582145 152672828
755920066 846494308 94308274
277205703 908995497 949798926
491632188 907383622 260589769
125044290 996084717 321348237
239061534 714159423 583495023
511752804 949163099 693752864
175445768 842975130 192312503
49027092 165765463 687829018
424995707 654604685 69381938
211270588 485474616 819568492
10800846 192381242 765497912
376965893 755294404 726270345
406442571 838340875 540286326
207524100 551003068 285172121
20158537 222946192 17527993
118363174 165141032 893954017
96400006 742033562 431738874
399864115 883817227 438234994
110664502 173170730 907479466
57626521 65688143 258290706
577752283 760769290 235903807
259130200 863110551 797116008
684736002 803111438 104536063
490475347 914409754 242945643
52094742 544214966 255623692
658149747 825459017 505944077
409350113 901306021 583842737
737051638 765303206 192720931
356269687 799352623 300800748
346563440 370742152 553211288
148416830 469287496 358102332
402428485 980082644 391632595
132059933 460199117 286285741
160842211 942441850 611718502
709277832 911773811 295798049
134866380 474898598 727445496
495093165 666926091 306867936
271354916 889408232 872402037
305602270 670940698 547837283
380502390 597674663 991117428
527968201 858659599 53149534
736132622 768177024 356679144
632716269 783500494 646124300
339589237 639056387 992329740
668732610 758639352 78032831
618381907 945982852 487268489
366211015 619245534 600509352
68419940 695652964 551137001
149543509 625434143 374445027
705578327 905384424 495202880
497604910 753714453 799829190
617124972 972297679 106201369
299781057 560520199 920686699
651607780 948862371 278693279
166003526 781658116 338523004
501537705 670521664 751404045
326489375 875752701 525853247
874041657 955366818 778890072
521811884 678225640 58332642
344929240 928092404 132121114
488509181 748844420 668815368
103884279 242894550 598535618
277696584 417949149 263649940
